18 297 224 297 224 396 18 396 severe-corrosion 0
123 187 189 187 189 231 123 231 severe-corrosion 0
560.7074384151929 360.4879763964111 562.4811972404132 392.01530817355604 307.5819344732008 406.3501682406808 305.8093807347177 374.82401434882524 moderate-corrosion 0
374.0708957714378 270.45177306742073 385.0642440273077 294.3870776657659 333.7580000000162 317.95000000000533 322.7648253481311 294.0148428443654 mild-corrosion 0
536.0089999999764 172.8919999999728 529.7405784894363 159.87159240481742 585.1716481312178 133.18580331549418 591.4400796323753 146.20616540687547 mild-corrosion 0
513.0299678311712 187.23940678749128 514.4391981925583 213.22634790007723 426.47905069774424 217.9957699500707 425.0699999999779 192.0089999999919 mild-corrosion 0
324.2450000000099 347.09300000000957 321.6487210721971 341.83398275718275 527.4832114126184 240.2213542562329 530.07952191394 245.48025092513168 mild-corrosion 0
466.3951350750722 342.4092510065298 466.26251753965335 338.75932169547474 587.1183462492627 334.3676001355492 587.2510172228067 338.01747381974735 mild-corrosion 0
306.9999999826541 395.99894342575595 307.0016981571098 495.9189445396538 160.1825206461217 495.9190689854072 160.18326220393647 396.0016100379885 mild-corrosion 0
307 396 640 396 640 608.966 307 608.966 severe-corrosion 0
522 617 601 617 601 640 522 640 moderate-corrosion 0
427 509 475 509 475 591 427 591 moderate-corrosion 0
307 556 311 556 311 583 307 583 moderate-corrosion 0
307 604 333 604 333 622 307 622 moderate-corrosion 0
382 530 399 530 399 560 382 560 moderate-corrosion 0
396 564 422 564 422 595 396 595 moderate-corrosion 0
478 583 514 583 514 603 478 603 moderate-corrosion 0