169 92 377 92 377 300 169 300 severe-corrosion 0
69 229 150 229 150 300 69 300 severe-corrosion 0
299 0 377 0 377 32 299 32 severe-corrosion 0
396.73297600558726 57.67709505680894 411.929999999993 58.02299999999957 411.3540239875874 83.32790471425955 396.15700000002107 82.98199999999993 mild-corrosion 0
392.41196668670455 18.676675367830974 414.200573626149 18.725031784242518 414.1700000000128 32.501000000000076 392.38139306027733 32.452643589939186 mild-corrosion 0
0 338 40.462 338 40.462 514.373 0 514.373 moderate-corrosion 0
120.98242020219914 644.4676081685492 14.407999999966705 639.9999999999993 27.246478908200515 333.96316438097256 133.8099149629852 338.43055412605065 severe-corrosion 0
0 535.347 20.651000000000003 535.347 20.651000000000003 640 0 640 moderate-corrosion 0
190.05748537056206 637.3461065052105 107.0916413613304 641.4365511902867 98.69641305311234 471.1501471954031 181.65645500310347 467.05984554460963 moderate-corrosion 0
219 358 265 358 265 400 219 400 mild-corrosion 0
298 343 330 343 330 425 298 425 mild-corrosion 0
353 560 377 560 377 623 353 623 mild-corrosion 0
335 555 350 555 350 581 335 581 mild-corrosion 0
315 548 324 548 324 566 315 566 mild-corrosion 0
176 410 190 410 190 446 176 446 mild-corrosion 0
22 491 46 491 46 545 22 545 moderate-corrosion 0
507.9405495528772 353.2621265390275 647.2297849996539 359.67113498943235 639.7099446427455 523.0808696110524 500.4207096425671 516.6720330414073 severe-corrosion 0