308.51201362529537 126.99623482043863 231.64706484647468 174.2454202354789 143.99425809198874 31.652253986580845 220.85856697398413 -15.596666110247352 severe-corrosion 0
182.70400000001246 248.99999999999895 254.83862096851226 242.66830820220918 287.55287423664413 615.325841041839 215.4183067336271 621.6571486191202 mild-corrosion 0
206.39867559439153 610.5920853499616 165.60167020157678 678.1395839496457 89.64418867690256 632.2747288733999 130.44113325660874 564.7285746560392 moderate-corrosion 0
-1.4507100360788172 438.27942489417126 5.540120631994796 367.66032115163574 111.31945513036044 378.13040064505 104.32986664287455 448.7483473395133 moderate-corrosion 0
15.795999999972992 501.41199999999264 39.69920494382677 483.25936491904986 88.37837515784486 547.347089334364 64.47542207031802 565.4994388890151 moderate-corrosion 0
241 318 251 318 251 332 241 332 mild-corrosion 0
412 542 536 542 536 640 412 640 severe-corrosion 0
412 318 466 318 466 410 412 410 severe-corrosion 0
331 270 371 270 371 346 331 346 severe-corrosion 0
386 249 426 249 426 291 386 291 severe-corrosion 0
294 543 423 543 423 580 294 580 moderate-corrosion 0
529 249 640 249 640 351 529 351 moderate-corrosion 0
413 296 463 296 463 321 413 321 mild-corrosion 0