237.02499999999418 36.913999999994154 293.9587776247936 20.75300051746927 329.6713150017604 146.56463023213504 272.73757088907587 162.7255598984006 severe-corrosion 0
220.76058538339566 160.2028773012174 163.63254894058628 150.22106011028876 184.44652573845815 31.10071371240748 241.57410637177236 41.08249155427964 severe-corrosion 0
319.4011987184058 138.22909419489187 274.2190147405199 82.45958541141881 367.4468859384797 6.930516605161488 412.6289959005953 62.69986242425808 severe-corrosion 0
241 160 287 160 287 210 241 210 severe-corrosion 0
129 360 150 360 150 373 129 373 severe-corrosion 0
238 280 269 280 269 304 238 304 moderate-corrosion 0
176 390 204 390 204 424 176 424 moderate-corrosion 0
146 313 171 313 171 337 146 337 moderate-corrosion 0
285 360 307 360 307 386 285 386 mild-corrosion 0
176 153 218 153 218 159 176 159 mild-corrosion 0
73 226 93 226 93 247 73 247 mild-corrosion 0
243 444 259 444 259 466 243 466 moderate-corrosion 0
219 484 237 484 237 506 219 506 moderate-corrosion 0
242 540 255 540 255 554 242 554 moderate-corrosion 0
41 153 58 153 58 165 41 165 moderate-corrosion 0
204 268 221 268 221 290 204 290 mild-corrosion 0
231 331 241 331 241 347 231 347 mild-corrosion 0
464.5549999999639 153.0000000000002 487.49577869821223 152.7083827502118 491.04668764353846 432.0343927657881 468.10590915461944 432.32600115476805 severe-corrosion 0
418.2957178639481 283.45694454173645 569.2645740082662 252.38071340052412 604.365098759954 422.8864802568263 453.39646849730343 453.9619979370162 severe-corrosion 0
639.999999959764 152.9965631220489 640.0041804046487 457.91570054420026 504.7785012923123 457.9143178346475 504.77899999998044 152.99999999999932 moderate-corrosion 0