336 270 430 270 430 364 336 364 moderate-corrosion 0
236 320 325 320 325 355 236 355 moderate-corrosion 0
294.2566516708757 330.66604457538676 171.25132421351736 74.64989746610007 581.2280920716148 -122.32268667860865 704.2326569635043 133.68540337473212 severe-corrosion 0
4 632 31 632 31 640 4 640 moderate-corrosion 0
12 609 22 609 22 627 12 627 moderate-corrosion 0
195 550 211 550 211 569 195 569 mild-corrosion 0
89 438 101 438 101 454 89 454 moderate-corrosion 0
0 436 10 436 10 448 0 448 mild-corrosion 0
116 585 128 585 128 603 116 603 mild-corrosion 0
98 601 104 601 104 609 98 609 mild-corrosion 0
92 623 98 623 98 630 92 630 mild-corrosion 0
88 494 99 494 99 508 88 508 mild-corrosion 0
12 483 24 483 24 495 12 495 mild-corrosion 0
236 427 640 427 640 565 236 565 severe-corrosion 0