0 194 156 194 156 390 0 390 severe-corrosion 0
272.318 7.697000000000001 640 7.697000000000001 640 390 272.318 390 severe-corrosion 0
425 0 449 0 449 33 425 33 severe-corrosion 0
255.99999999998545 99.379999999974 236.42703504934616 35.44143485998521 413.69918017982855 -18.825548882267803 433.2722591996571 45.112846711608256 severe-corrosion 0
68 553 182 553 182 640 68 640 severe-corrosion 0
199 485 256 485 256 640 199 640 severe-corrosion 0
51 511 70 511 70 559 51 559 moderate-corrosion 0
39 390 59 390 59 414 39 414 moderate-corrosion 0
19 458 43 458 43 486 19 486 moderate-corrosion 0
235 390 252 390 252 402 235 402 moderate-corrosion 0
10.469231747556478 589.8032114370243 -1.2995037672226317 579.919299232591 9.344936976121971 567.2482084851176 21.113621093900292 577.1320854811454 mild-corrosion 0
163 472 179 472 179 492 163 492 mild-corrosion 0
192 466 210 466 210 488 192 488 mild-corrosion 0
0 390 17 390 17 407 0 407 mild-corrosion 0
100 504 108 504 108 520 100 520 mild-corrosion 0
137 520 152 520 152 541 137 541 mild-corrosion 0
158 533 180 533 180 559 158 559 mild-corrosion 0
307.0573677888751 575.7358261953095 308.30731073525385 626.8098553064435 255.99999999998545 628.0890000000242 254.75066821170913 577.0155664281605 severe-corrosion 0
439.8750000000291 526.5760000000043 437.9138276199956 436.577747799701 530.6720016599866 434.55643512289987 532.634624109196 524.5532418937153 moderate-corrosion 0
518.8852172565385 395.350077789852 562.9389205965708 393.3954212377779 570.8685205387883 572.0834134552283 526.8148217192356 574.0380079100391 severe-corrosion 0
639.9999911212944 562.4846879372548 641.0231011154247 598.4438437877044 582.6670235896017 600.1031130977334 581.644378625424 564.14440735376 severe-corrosion 0
468.61498264363036 627.8719282896698 471.3776600770507 639.2863042507176 455.74262726237066 643.0693326386029 452.98000000002503 631.6550000000324 moderate-corrosion 0
481.65002881374676 404.8550004072822 468.23465098765155 404.66537391011906 468.4446810564259 389.81037391903124 481.86000000001513 390.00000000000034 mild-corrosion 0
396.26708273077384 448.32285953870905 381.06999999996333 447.9769999999995 381.6460419631767 422.6721418819342 396.84300000000803 423.01800000000037 mild-corrosion 0
400.5880777182756 487.3233180348041 378.79936769240885 487.27496962332623 378.8300000000163 473.49900000000014 400.6186028130469 473.5473482925514 mild-corrosion 0
381.8570009065297 561.6630026836896 371.83316647598986 531.9878320164954 385.8361209722352 527.2589186688913 395.8600000000297 556.9339999999927 mild-corrosion 0