147 0 288 0 288 45 147 45 moderate-corrosion 0
68 32 96 32 96 66 68 66 mild-corrosion 0
162 50 176 50 176 70 162 70 mild-corrosion 0
44 162 79 162 79 248 44 248 mild-corrosion 0
574.715766393565 157.84971602893398 571.1328952096665 113.2331980681115 640 107.70299999996962 643.583010631628 152.31935162268263 severe-corrosion 0
606.0784691833396 -12.992672126710612 647.1824109798763 2.751016868830274 608.3537763805361 104.12545241641347 567.2498460585484 88.38178997325572 severe-corrosion 0
624 72 640 72 640 104 624 104 severe-corrosion 0
396 46 432 46 432 107 396 107 severe-corrosion 0
444 22 479 22 479 54 444 54 severe-corrosion 0
523 46 554 46 554 102 523 102 severe-corrosion 0
502 62 510 62 510 80 502 80 severe-corrosion 0
413 242 429 242 429 261 413 261 moderate-corrosion 0
43.43115417053923 639.9988353526944 43.45600000000559 435.00900000002565 396.00818853759847 435.04449610493447 395.99790728258085 640.0202081616551 severe-corrosion 0
396 352 640 352 640 640 396 640 corroded-part 0