0 140 16 140 16 171 0 171 mild-corrosion 0
101 0 354 0 354 178 101 178 moderate-corrosion 0
428 0 640 0 640 179 428 179 severe-corrosion 0
0 433.383 428 433.383 428 604 0 604 severe-corrosion 0
349.9999449119059 327.00000276824886 350 295.6490000000265 376.9999726907554 295.6490626990797 377.0000158073526 326.9999667210616 mild-corrosion 0
346.5479999999661 357.0870000000018 370.0842078790447 355.0405614953753 373.12246908797533 389.9802317169001 349.5862624478468 392.02666022485244 mild-corrosion 0
319 179 359 179 359 249 319 249 mild-corrosion 0
386 197 428 197 428 243 386 243 mild-corrosion 0
227 346 248 346 248 365 227 365 mild-corrosion 0
276 318 305 318 305 342 276 342 mild-corrosion 0
427.99920465207833 320.0001323389198 428.0000000000291 187.22699999999725 568.9996004615386 187.228155511693 569.0005890724569 319.99939794654 severe-corrosion 0