0 0 339 0 339 205 0 205 severe-corrosion 0
177 236 292 236 292 281 177 281 moderate-corrosion 0
640.0011073135101 281.0000000000001 338.99715460356674 281.00000000000017 339.0010516352777 -4.770832022195275e-14 639.9960116638977 3.180554681463517e-14 severe-corrosion 0
0 369.398 257 369.398 257 561 0 561 moderate-corrosion 0
340 472 386 472 386 538 340 538 severe-corrosion 0
535 477 570 477 570 640 535 640 severe-corrosion 0
566 495 624 495 624 640 566 640 severe-corrosion 0
555 414 575 414 575 468 555 468 severe-corrosion 0
477 470 495 470 495 498 477 498 mild-corrosion 0
458 582 474 582 474 626 458 626 mild-corrosion 0
423 281 558 281 558 408 423 408 moderate-corrosion 0
615 347 640 347 640 472 615 472 moderate-corrosion 0
339 333 381 333 381 465 339 465 moderate-corrosion 0
343 550 393 550 393 640 343 640 moderate-corrosion 0
480 518 531 518 531 640 480 640 moderate-corrosion 0
405 439 431 439 431 469 405 469 mild-corrosion 0
435 469 470 469 470 521 435 521 mild-corrosion 0