0 0 353 0 353 73 0 73 severe-corrosion 0
182 104 297 104 297 249 182 249 moderate-corrosion 0
565.0107894777466 99.55924233030586 535.3905840493098 156.26311896455266 467.97715295193484 121.04877530646047 497.5973827967391 64.3450753116621 severe-corrosion 0
640.0000805191667 159.39600000000002 610.6979605843662 159.39600000000002 610.6980533199385 96.302 639.9999987822957 96.302 moderate-corrosion 0
384 103.445 420.01199999999994 103.445 420.01199999999994 148.018 384 148.018 moderate-corrosion 0
117.17854464724951 303.8865038042988 116.95313257274393 395.53333199753837 -0.22679650552163366 395.2434609616052 0 303.5980000000277 severe-corrosion 0
141.06399999996938 397.48400000001675 143.74818997312104 337.32435550021887 218.59752101023332 340.6635167790629 215.9139755963406 400.8225470722615 severe-corrosion 0
116.09173947908857 365.2993414346838 148.68900000001304 369.1159999999994 144.38973542193708 405.83110240968847 111.79247830230452 402.0144640701085 moderate-corrosion 0
383.9968138327822 639.9999998275406 384.00000000001455 603.7330000000334 621.6150376768201 603.7477708067582 621.6138530586613 640.0127899895529 severe-corrosion 0
373.5654886368138 506.1415321275242 384.00000000001455 450.45099999998314 570.5893139290856 485.4026804308558 560.157008899987 541.091290541953 severe-corrosion 0
374.98230979355867 392.5933831759256 384.00000000001455 343.5449999999756 555.5176613273943 375.0743402559109 546.5013563069806 424.12150156453976 severe-corrosion 0
374.5760446568602 300.2145489599335 384.4970078278129 260.39095639950773 556.4213503266365 303.2170053288676 546.5012960927561 343.0398257382028 severe-corrosion 0
422.5250000000233 248.9999999999875 430.97913437981333 215.58106191596283 571.5381769461965 251.13625044126928 563.0845539487927 284.55476330649566 severe-corrosion 0
579 391 630 391 630 433 579 433 mild-corrosion 0
599 488 640 488 640 551 599 551 mild-corrosion 0
574 311 613 311 613 350 574 350 mild-corrosion 0
585 263 623 263 623 289 585 289 mild-corrosion 0