21 72 175 72 175 208 21 208 severe-corrosion 0
149 224 195 224 195 314 149 314 severe-corrosion 0
458.409 38.667 640 38.667 640 358 458.409 358 corroded-part 0
141 496 347 496 347 556 141 556 severe-corrosion 0
84 542 193 542 193 622 84 622 severe-corrosion 0
364 560.202 640 560.202 640 640 364 640 severe-corrosion 0
403 536 421 536 421 560 403 560 moderate-corrosion 0
569 548 585 548 585 580 569 580 mild-corrosion 0
536 494 548 494 548 511 536 511 mild-corrosion 0
492 458 508 458 508 486 492 486 mild-corrosion 0
600 576 607 576 607 588 600 588 mild-corrosion 0
607 494 626 494 626 538 607 538 mild-corrosion 0
494 518 554 518 554 538 494 538 mild-corrosion 0
544 547 564 547 564 561 544 561 mild-corrosion 0