257 76 266 76 266 84 257 84 moderate-corrosion 0
131 82 145 82 145 92 131 92 moderate-corrosion 0
151 226 160 226 160 246 151 246 mild-corrosion 0
132 119 139 119 139 124 132 124 mild-corrosion 0
221 152 229 152 229 158 221 158 mild-corrosion 0
118 154 126 154 126 160 118 160 mild-corrosion 0
28 172 36 172 36 178 28 178 mild-corrosion 0
57 98 67 98 67 104 57 104 mild-corrosion 0
13 120 25 120 25 129 13 129 mild-corrosion 0
270 184 281 184 281 197 270 197 mild-corrosion 0
127 61 137 61 137 66 127 66 mild-corrosion 0
74 54 85 54 85 64 74 64 mild-corrosion 0
171 0 178 0 178 7 171 7 mild-corrosion 0
163 54 172 54 172 59 163 59 mild-corrosion 0
119 224 142 224 142 240 119 240 moderate-corrosion 0
405.315026936878 9.756737587690319 448.1132471028832 75.57384559328648 416.4687311292073 96.15090755841705 373.67057421884965 30.333855757948708 severe-corrosion 0
463.68984057997295 261.8049777031294 420.34922744569485 286.9371193777663 371.6354269212752 202.93248938930108 414.97545692349377 177.80056183528058 severe-corrosion 0
281.02459009794984 188.22802128821493 277.50888100206794 155.62720478285027 340.4230200401071 148.84255174820228 343.93884234537836 181.4432387486943 moderate-corrosion 0
364.8671405288769 271.4331754383991 333.5163524953532 287.0776844813502 293.9541872437985 207.8002299870477 325.3045398651011 192.155852921132 moderate-corrosion 0
630.0077016562136 -29.22400292732469 649.3213104103052 27.261529831644534 446.6043635367532 96.57451466237633 427.2909359960613 40.08913717080452 moderate-corrosion 0
417.98437492223457 106.47159495340563 443.5671914989507 92.39913603793866 500.7562637922092 196.3635921428845 475.1735151206958 210.43595422761263 moderate-corrosion 0
148.8011334028124 470.2166546986608 159.15439487085678 534.5387541808711 3.7154240324889543 559.5499826558683 -6.635663995184586 495.2298218418195 severe-corrosion 0
137 350 159 350 159 395 137 395 severe-corrosion 0
164 400 175 400 175 415 164 415 moderate-corrosion 0
532 331 565 331 565 386 532 386 moderate-corrosion 0
469 332 495 332 495 358 469 358 moderate-corrosion 0