268.0007099782961 217.00000000000006 182.38172835612204 217 182.38250385547872 28.414000000000016 267.9998816497391 28.414000000000076 severe-corrosion 0
113.32815420544648 114.7547091890016 116.63860149834363 130.24378541987744 41.37937464765855 146.32838525537818 38.06899263749074 130.83936449151932 moderate-corrosion 0
268 0 640 0 640 217 268 217 severe-corrosion 0
165.54199999998673 253.40000000000398 193.70845409634057 250.0554051671278 239.97347191849258 639.6245001826802 211.8070532445563 642.9688708092646 severe-corrosion 0
110.76166585480678 553.1282448147945 -8.713309517552261 546.939645900328 8.706710355909308 210.81175247670146 128.16900000005262 217.00000000000097 severe-corrosion 0
186 218 199 218 199 229 186 229 mild-corrosion 0
132 226 144 226 144 238 132 238 mild-corrosion 0
293.4756909368298 217.3450867440282 452.54709049455414 211.91509530742354 467.1172363861115 638.6989690881214 308.0458710875246 644.1285864992755 moderate-corrosion 0
529 310 555 310 555 337 529 337 moderate-corrosion 0
519 573 534 573 534 583 519 583 mild-corrosion 0
442 535 458 535 458 551 442 551 mild-corrosion 0
480 633 491 633 491 640 480 640 mild-corrosion 0
561 278 569 278 569 289 561 289 mild-corrosion 0
589 282 597 282 597 296 589 296 mild-corrosion 0
544 617 552 617 552 625 544 625 mild-corrosion 0