0 527.6419999999969 -27.828606707116705 375.85679520731367 622.705125449138 256.5642832871241 650.5458163683943 408.3372238075436 severe-corrosion 0
0 405 16 405 16 423 0 423 moderate-corrosion 0
407 183 430 183 430 218 407 218 moderate-corrosion 0
387 165 396 165 396 174 387 174 moderate-corrosion 0
261 182 274 182 274 193 261 193 moderate-corrosion 0
278 324 287 324 287 346 278 346 mild-corrosion 0
261 220 268 220 268 225 261 225 mild-corrosion 0
161 102 172 102 172 111 161 111 mild-corrosion 0
194 31 204 31 204 40 194 40 mild-corrosion 0
224 34 233 34 233 44 224 44 mild-corrosion 0
13 216 24 216 24 223 13 223 mild-corrosion 0
0 195 8 195 8 203 0 203 mild-corrosion 0
570 125 584 125 584 143 570 143 mild-corrosion 0
603 135 611 135 611 142 603 142 mild-corrosion 0
539 54 548 54 548 65 539 65 mild-corrosion 0
135 16 142 16 142 22 135 22 mild-corrosion 0
303 22 313 22 313 31 303 31 mild-corrosion 0
421 1 432 1 432 9 421 9 mild-corrosion 0
446 127 453 127 453 135 446 135 mild-corrosion 0
552 104 560 104 560 114 552 114 mild-corrosion 0
350 244 357 244 357 251 350 251 mild-corrosion 0
246 256 254 256 254 263 246 263 mild-corrosion 0
155 282 164 282 164 288 155 288 mild-corrosion 0
460.5069999999978 204.02499999997343 467.0311159345147 196.14562471874063 500.0070197515015 223.44873299132925 493.4829325562896 231.3280814538967 mild-corrosion 0
186 205 196 205 196 212 186 212 mild-corrosion 0
164 60 171 60 171 64 164 64 mild-corrosion 0
52 108 65 108 65 122 52 122 mild-corrosion 0
32 51 44 51 44 59 32 59 mild-corrosion 0
85 101 91 101 91 108 85 108 mild-corrosion 0
141 231 154 231 154 241 141 241 mild-corrosion 0
107 227 116 227 116 235 107 235 mild-corrosion 0
100 215 108 215 108 223 100 223 mild-corrosion 0
516 265 525 265 525 276 516 276 mild-corrosion 0
580 343 589 343 589 352 580 352 mild-corrosion 0
398 269 432 269 432 286 398 286 mild-corrosion 0
56 342 65 342 65 355 56 355 mild-corrosion 0
100 442 114 442 114 453 100 453 mild-corrosion 0
278 49 284 49 284 56 278 56 mild-corrosion 0
256 162 266 162 266 168 256 168 mild-corrosion 0
204 160 215 160 215 171 204 171 mild-corrosion 0
302 97 309 97 309 104 302 104 mild-corrosion 0
293 151 302 151 302 157 293 157 mild-corrosion 0
487 44 498 44 498 52 487 52 mild-corrosion 0
246 324 269 324 269 342 246 342 moderate-corrosion 0