282.5777490274777 43.269223299111665 308.66526732585044 124.96028175777565 5.0517144824698335 221.9137366684765 -21.034242766254465 140.22404428383376 severe-corrosion 0
203 44 239 44 239 72 203 72 mild-corrosion 0
166 73 197 73 197 87 166 87 mild-corrosion 0
569 70 640 70 640 207 569 207 severe-corrosion 0
0 310 326 310 326 486 0 486 severe-corrosion 0
6 491 40 491 40 537 6 537 moderate-corrosion 0
50 493 67 493 67 527 50 527 moderate-corrosion 0
110 589 121 589 121 615 110 615 mild-corrosion 0
247 546 253 546 253 562 247 562 mild-corrosion 0
288 518 309 518 309 536 288 536 moderate-corrosion 0
79 612 95 612 95 637 79 637 moderate-corrosion 0
640.0147419427958 614.4450000000002 426.77769557150896 614.4449999999999 426.7862401378079 307.00000000000006 640 307.00000000000006 severe-corrosion 0