151 64 233.113 64 233.113 155.525 151 155.525 mild-corrosion 0
79 137 121 137 121 167 79 167 mild-corrosion 0
22 114 34 114 34 133 22 133 mild-corrosion 0
53 91 69 91 69 113 53 113 mild-corrosion 0
628 37 640 37 640 68 628 68 mild-corrosion 0
279 0 315 0 315 34 279 34 mild-corrosion 0
291 29 544 29 544 268 291 268 moderate-corrosion 0
54 574 182 574 182 640 54 640 mild-corrosion 0
39 396 88 396 88 464 39 464 mild-corrosion 0
136 393 172 393 172 426 136 426 mild-corrosion 0
147 286 165 286 165 312 147 312 mild-corrosion 0
24 269 42 269 42 290 24 290 mild-corrosion 0
262 268 640 268 640 640 262 640 severe-corrosion 0