0 0 300 0 300 230 0 230 moderate-corrosion 0
300 0 640 0 640 230 300 230 severe-corrosion 0
0 473.9409999999999 300 473.9409999999999 300 640 0 640 severe-corrosion 0
0 230 300 230 300 430.798 0 430.798 severe-corrosion 0
260 492 300 492 300 582 260 582 moderate-corrosion 0
165 384 213 384 213 466 165 466 moderate-corrosion 0
38 431 49 431 49 459 38 459 moderate-corrosion 0
42 479 72 479 72 497 42 497 moderate-corrosion 0
120 405 137 405 137 435 120 435 moderate-corrosion 0
134 439 160 439 160 470 134 470 moderate-corrosion 0
216 458 252 458 252 478 216 478 moderate-corrosion 0
640.0016299151321 613.592 584.4731338070414 613.592 584.4743477236625 488.82799999999986 640 488.82799999999986 severe-corrosion 0