639.9979934690782 331.5723211594638 647.4708015206124 550.0549394278775 50.66580036247615 570.4284993285049 43.21599999995669 351.970000000018 severe-corrosion 0
597.484 100.621 640 100.621 640 297.912 597.484 297.912 moderate-corrosion 0
597.7089999988675 -0.0011006144853192797 597.7098734291212 299.4542622610886 492.7090547039552 299.45339175933515 492.7100000000064 2.092804980402994e-11 severe-corrosion 0
640 -0.00003108668702143104 640.0000350804476 103.52600902960809 598.2759659445583 103.52596633603704 598.2760111765674 0.0000036967988766706723 moderate-corrosion 0
424.1038030230993 8.440395223585055 506.90964114211965 -5.835044022074133 535.8165615117468 161.8413034454038 453.01073960341455 176.11666827657072 moderate-corrosion 0
377 240 428 240 428 285 377 285 mild-corrosion 0
16 112 143 112 143 228 16 228 mild-corrosion 0
53 248 112 248 112 314 53 314 mild-corrosion 0
160 235 260 235 260 301 160 301 mild-corrosion 0
309 218 351 218 351 301 309 301 mild-corrosion 0
235 22 269 22 269 86 235 86 mild-corrosion 0
270 64 288 64 288 90 270 90 mild-corrosion 0
298 77 309 77 309 96 298 96 mild-corrosion 0
447 194 465 194 465 230 447 230 mild-corrosion 0
579 88 609 88 609 143 579 143 moderate-corrosion 0
378.9999804949184 -0.00003560373801354499 379.0000313800556 71.0000384701166 273.9999618598813 70.99999125223079 274.00000883077155 0.000010044576113730441 severe-corrosion 0
165 -0.00012888695305473874 165.00006618458428 88.00001905732466 45.99988819689315 87.99991706300615 45.99999999998545 3.31493311675535e-11 severe-corrosion 0