157 17 175 17 175 35 157 35 mild-corrosion 0
213 72 243 72 243 156 213 156 mild-corrosion 0
100.87207389893592 274.99998726103695 49.357832504756516 283.880188203931 4.344721442466835 22.75936756914545 55.85728820049553 13.879324585684266 mild-corrosion 0
84 92 94 92 94 106 84 106 mild-corrosion 0
139 200 159 200 159 211 139 211 mild-corrosion 0
204 179 213 179 213 189 204 189 mild-corrosion 0
336.9996935725794 336.4107399172712 433.9695832423604 341.9840059473238 424.554076573404 505.7858182245026 327.58419922924077 500.21269441151816 severe-corrosion 0
0 402 9 402 9 462 0 462 moderate-corrosion 0
306 607 331 607 331 640 306 640 moderate-corrosion 0
103 603 115 603 115 619 103 619 mild-corrosion 0
386 567 398 567 398 587 386 587 mild-corrosion 0
375 524 393 524 393 542 375 542 mild-corrosion 0
570 402 592 402 592 428 570 428 moderate-corrosion 0
532 386 552 386 552 412 532 412 moderate-corrosion 0
485 351 527 351 527 384 485 384 moderate-corrosion 0