185 64 229 64 229 88 185 88 moderate-corrosion 0
105 77 147 77 147 107 105 107 moderate-corrosion 0
170 110 211 110 211 138 170 138 moderate-corrosion 0
261 142 279 142 279 157 261 157 moderate-corrosion 0
62 176 110 176 110 214 62 214 moderate-corrosion 0
192 194 228 194 228 244 192 244 moderate-corrosion 0
17 86 31 86 31 102 17 102 mild-corrosion 0
230 50 246 50 246 62 230 62 mild-corrosion 0
294 0 405.245 0 405.245 307 294 307 severe-corrosion 0
600 334 640 334 640 373 600 373 moderate-corrosion 0
340 316 430 316 430 384 340 384 moderate-corrosion 0
332 391 370 391 370 419 332 419 moderate-corrosion 0
561 433 611 433 611 489 561 489 moderate-corrosion 0
500 453 520 453 520 489 500 489 moderate-corrosion 0
433 436 464 436 464 472 433 472 moderate-corrosion 0
324.3095316721883 451.941712282875 422.0594101664756 443.7365874708338 434.6868046218151 594.1421328633138 336.9369590943097 602.3470176554027 severe-corrosion 0
294 557.968 348.193 557.968 348.193 626.505 294 626.505 severe-corrosion 0