32 0 59 0 59 20 32 20 moderate-corrosion 0
35 67 81 67 81 90 35 90 moderate-corrosion 0
374 129 403 129 403 147 374 147 moderate-corrosion 0
175 179 201 179 201 203 175 203 moderate-corrosion 0
191 138 206 138 206 150 191 150 moderate-corrosion 0
204 231 228 231 228 255 204 255 moderate-corrosion 0
127 217 150 217 150 229 127 229 moderate-corrosion 0
184 212 208 212 208 230 184 230 moderate-corrosion 0
228 107 263 107 263 117 228 117 mild-corrosion 0
160 4 192 4 192 15 160 15 mild-corrosion 0
298 198 322 198 322 212 298 212 moderate-corrosion 0
288 187 303 187 303 199 288 199 mild-corrosion 0
69 40 121 40 121 64 69 64 moderate-corrosion 0
0 34 5 34 5 57 0 57 mild-corrosion 0
89 201 105 201 105 213 89 213 mild-corrosion 0
145 192 162 192 162 213 145 213 mild-corrosion 0
254 236 273 236 273 245 254 245 mild-corrosion 0
306 252 314 252 314 256 306 256 mild-corrosion 0
335 213 344 213 344 222 335 222 mild-corrosion 0
392 170 400 170 400 176 392 176 mild-corrosion 0
19 107 29 107 29 114 19 114 mild-corrosion 0
47 216 59 216 59 240 47 240 mild-corrosion 0
477.65590674593113 56.49259770470975 511.9336354977713 52.320562929879216 519.9975393399654 118.57384026569535 485.7198119074019 122.74586584846352 severe-corrosion 0
383 266 397 266 397 283 383 283 mild-corrosion 0
364 512 391 512 391 584 364 584 mild-corrosion 0
373 470 391 470 391 492 373 492 mild-corrosion 0
403.0000000000291 554.0119999999893 400.0541220760351 494.7519043263219 527.0713200404862 488.43788954277125 530.0185789913667 547.6965485311192 moderate-corrosion 0
498.08315688387665 299.7480607853245 491.8140723644319 286.7268960629873 543.3083161112154 261.93622253807115 549.5774171961239 274.9573090465069 mild-corrosion 0
472.99996466485027 315.34734859453965 474.3771130000823 340.73504513167785 404.13243673712714 344.5447379420588 402.75551770791935 319.1572602208215 mild-corrosion 0
403.0000000000291 416.1600000000198 400.4051335438271 410.90449110728736 486.24070974961796 368.52820141791034 488.83559076966776 373.78363850428906 mild-corrosion 0
426.5797026881046 470.18035855071287 426.4555124653998 466.56502625312265 546.0000000000582 462.4580000000133 546.1242625061277 466.0732573905679 mild-corrosion 0