192.43464268816751 148.92808904791616 166.90772131805716 217.15256191002055 74.69064682045428 182.6488188403671 100.21774376124085 114.42475214035176 severe-corrosion 0
298.81251048522245 233.66033769318878 310.9453628299525 275.766436471037 254.84245948704483 291.93132408243224 242.70988779666368 249.82546507915094 severe-corrosion 0
336.0462538921274 343.23214392528905 458.31900612902245 351.69390904830595 447.0257218225015 514.8619645377555 324.7529939884407 506.40041749379327 severe-corrosion 0
560 394 582 394 582 420 560 420 moderate-corrosion 0
523 377 544 377 544 404 523 404 moderate-corrosion 0
476 341 519 341 519 375 476 375 moderate-corrosion 0
462 125 497 125 497 152 462 152 moderate-corrosion 0
0 400 7 400 7 461 0 461 moderate-corrosion 0
302 613 327 613 327 640 302 640 moderate-corrosion 0
98 603 110 603 110 619 98 619 mild-corrosion 0
326 221 335 221 335 235 326 235 mild-corrosion 0
408 218 419 218 419 231 408 231 mild-corrosion 0
529 153 538 153 538 170 529 170 mild-corrosion 0
618 634 633 634 633 640 618 640 mild-corrosion 0
382 574 395 574 395 594 382 594 mild-corrosion 0
372 530 390 530 390 548 372 548 mild-corrosion 0