273 628 338 628 338 640 273 640 moderate-corrosion 0
603 279 637 279 637 347 603 347 moderate-corrosion 0
521 489 539 489 539 526 521 526 mild-corrosion 0
198 511 220 511 220 537 198 537 mild-corrosion 0
152 632 211 632 211 640 152 640 mild-corrosion 0
550 75 573 75 573 113 550 113 mild-corrosion 0
480 139 499 139 499 171 480 171 mild-corrosion 0
171 201 187 201 187 231 171 231 mild-corrosion 0
578 541 604 541 604 573 578 573 mild-corrosion 0
181 310 198 310 198 332 181 332 mild-corrosion 0
632 454 640 454 640 487 632 487 mild-corrosion 0
135 441 179 441 179 475 135 475 mild-corrosion 0
558 620 581 620 581 640 558 640 mild-corrosion 0
426 226 442 226 442 242 426 242 mild-corrosion 0