250 62 286 62 286 94 250 94 moderate-corrosion 0
199 12 225 12 225 35 199 35 moderate-corrosion 0
93 203 139 203 139 231 93 231 moderate-corrosion 0
231 244 275 244 275 269 231 269 moderate-corrosion 0
195 229 216 229 216 244 195 244 mild-corrosion 0
78 262 101 262 101 278 78 278 mild-corrosion 0
0 239 17 239 17 257 0 257 mild-corrosion 0
94 337 144 337 144 377 94 377 moderate-corrosion 0
10 329 30 329 30 337 10 337 mild-corrosion 0
80 6 99 6 99 16 80 16 mild-corrosion 0
105 20 131 20 131 35 105 35 mild-corrosion 0
174 64 184 64 184 74 174 74 mild-corrosion 0
294 0 563 0 563 377 294 377 severe-corrosion 0
335.440609288562 562.7508779576126 240.8348014621879 682.2721422777684 -1.171190314780688 490.7442165346569 93.43156085429655 371.2295370079205 mild-corrosion 0
516.9999781817023 529.9999472416434 517.0000438328134 564.0000340332595 494.2659559399908 563.9999656657126 494.26604770887934 530.0000370804654 severe-corrosion 0
335.29579325993836 609.0000811862064 335.2960709024046 509.44884208913675 359.9999747332913 509.44915066356236 360.0002108730405 608.999870888319 severe-corrosion 0