80 41 104 41 104 66 80 66 moderate-corrosion 0
158 71 169 71 169 107 158 107 moderate-corrosion 0
13 253 29 253 29 268 13 268 mild-corrosion 0
0 85 8 85 8 102 0 102 mild-corrosion 0
217 121 250 121 250 141 217 141 mild-corrosion 0
35 75 43 75 43 93 35 93 mild-corrosion 0
72 72 84 72 84 84 72 84 mild-corrosion 0
104 89 114 89 114 100 104 100 mild-corrosion 0
170 68 183 68 183 78 170 78 mild-corrosion 0
234 84 242 84 242 94 234 94 mild-corrosion 0
256 0 640 0 640 268 256 268 severe-corrosion 0
206.92599999994854 268.00000000000273 252.97586403765308 263.9576551577175 271.4693589831586 474.61481351600264 225.41951003564463 478.65704300876666 mild-corrosion 0
139.5074567753909 421.4800092335022 233.57761542290973 468.0682539241923 183.11520254945208 569.9421261524857 89.04567966477771 523.3548538439782 moderate-corrosion 0
85.36631711118389 262.12836827101967 89.1475847196125 278.9650010859696 0.5147299072268652 298.8689949512719 -3.266354284132831 282.0325208929572 moderate-corrosion 0
25.79600000004575 358.4119999999783 49.698193758231355 340.2583112896297 98.3775956962927 404.34583511179676 74.47558359293907 422.4993162586316 moderate-corrosion 0
255.99996095923416 546.1551816558072 257.40212234071805 575.5458751305065 45.51956689610961 585.6465791971599 44.118772740112036 556.2571956242149 moderate-corrosion 0
589.9319999999716 396.27400000002723 594.7068629004207 355.1894645861306 644.7594167799252 361.0059187593348 639.9848729613586 402.090165276722 moderate-corrosion 0
637.7808940825344 434.322615450479 641.3839121782075 447.40389053893813 595.0298963140085 460.16917090426523 591.4270000009856 447.0879999999696 mild-corrosion 0
555.938265626246 512.3481241681275 514.6284981978533 540.9349340804026 461.8312484116177 464.6523171987888 503.13999999998487 436.0660000000039 moderate-corrosion 0