-6.509238265789463 344.8304817514764 1.2750882597902091 258.90607610995414 314.4226988266746 287.26946505312384 306.6417731661204 373.1907663419602 severe-corrosion 0
0 11 44 11 44 82 0 82 severe-corrosion 0
31 110 75 110 75 177 31 177 severe-corrosion 0
25 189 51 189 51 223 25 223 severe-corrosion 0
160 236 198 236 198 269 160 269 severe-corrosion 0
187 96 301 96 301 212 187 212 severe-corrosion 0
230 223 260 223 260 242 230 242 severe-corrosion 0
170 54 189 54 189 102 170 102 moderate-corrosion 0
138 1 162 1 162 29 138 29 moderate-corrosion 0
92.22841662245628 194.33798640672165 105.97071958516608 190.82593614642929 112.3602939817647 215.8269582591687 98.6179936514236 219.33900162246613 mild-corrosion 0
129.4683931893087 132.8041870847186 117.70083893869014 122.91891060893988 128.34532738219423 110.24773056145507 140.11287079869362 120.13299962434054 mild-corrosion 0
5.209593926701928 235.22571237692637 14.880103326722747 233.9641815360431 17.098832973788376 250.97155329219888 7.428323961867136 252.23308217888732 mild-corrosion 0
307.0000248008 226.48400000000004 293.0869705734949 226.48400000000004 293.08701130372356 195.698 306.9999999999709 195.698 moderate-corrosion 0
85.30321920858114 12.65793841607891 75.0372116368817 0.5776964053912694 87.53508752473863 -10.043223425535873 97.80109479666862 2.0370181510192493 mild-corrosion 0
282 15 298 15 298 35 282 35 mild-corrosion 0
102 233 111 233 111 256 102 256 mild-corrosion 0
0 207 2 207 2 231 0 231 mild-corrosion 0
219 47 227 47 227 63 219 63 mild-corrosion 0
256 63 271 63 271 84 256 84 mild-corrosion 0
277 76 299 76 299 102 277 102 mild-corrosion 0
408.46704031435365 209.1318895760101 349.2843730562163 124.8692065638779 551.8962010797986 -17.436324847632932 611.0788109408168 66.82572352049573 mild-corrosion 0
232.20250861821114 641.9405309800754 207.00626947284036 619.0232050540873 295.16999296844006 522.1179114626011 320.3654337608168 545.0345915090126 mild-corrosion 0
588.6086488184083 465.5700973805633 596.176675388997 462.5522635940297 609.4793006373948 495.90649829124436 601.9112847003998 498.92431263772175 moderate-corrosion 0