98 472 109 472 109 492 98 492 mild-corrosion 0
59 480 77 480 77 511 59 511 mild-corrosion 0
83 481 95 481 95 517 83 517 mild-corrosion 0
28 212 38 212 38 234 28 234 mild-corrosion 0
125 220 133 220 133 232 125 232 mild-corrosion 0
156 291 166 291 166 305 156 305 mild-corrosion 0
7 469 19 469 19 505 7 505 mild-corrosion 0
25 484 35 484 35 504 25 504 mild-corrosion 0
44 442 54 442 54 460 44 460 mild-corrosion 0
0 315 5 315 5 330 0 330 mild-corrosion 0
10 382 15 382 15 395 10 395 mild-corrosion 0
-1.9968523260467919 549.7620768850218 13.984526920685312 411.6349828000051 245.8093836149783 438.4503060835112 229.83457445785461 576.5714269616184 severe-corrosion 0
156 325 160 325 160 335 156 335 mild-corrosion 0
43 112 47 112 47 124 43 124 mild-corrosion 0
205 421 211 421 211 435 205 435 mild-corrosion 0
198 304 209 304 209 330 198 330 mild-corrosion 0
222 283 234 283 234 302 222 302 mild-corrosion 0
287 310 295 310 295 326 287 326 mild-corrosion 0
291 398 299 398 299 417 291 417 mild-corrosion 0
281.10223417534144 401.5398330526535 365.14967538198107 427.22168214486493 313.5300941425521 596.1240142077312 229.4829999999638 570.4429999999953 severe-corrosion 0
339.05166573880706 529.442933016523 299.5308959276008 483.7742099121268 496.97551022349217 312.93195938624314 536.4952322531462 358.5989914578415 severe-corrosion 0
458 361 463 361 463 391 458 391 mild-corrosion 0
444 369 450 369 450 385 444 385 mild-corrosion 0
421 380 433 380 433 400 421 400 mild-corrosion 0
437 309 443 309 443 325 437 325 mild-corrosion 0
389 263 395 263 395 277 389 277 mild-corrosion 0
375 276 380 276 380 286 375 286 mild-corrosion 0
380 309 385 309 385 321 380 321 mild-corrosion 0
375 313 379 313 379 321 375 321 mild-corrosion 0
402 305 406 305 406 312 402 312 mild-corrosion 0
405 308 411 308 411 315 405 315 mild-corrosion 0
339 370 349 370 349 405 339 405 mild-corrosion 0
310 336 318 336 318 348 310 348 mild-corrosion 0
323 334 327 334 327 340 323 340 mild-corrosion 0
344 326 348 326 348 334 344 334 mild-corrosion 0
381 362 387 362 387 372 381 372 mild-corrosion 0
405 365 412 365 412 378 405 378 mild-corrosion 0
396 355 398 355 398 362 396 362 mild-corrosion 0
391 359 397 359 397 367 391 367 mild-corrosion 0
394 370 400 370 400 380 394 380 mild-corrosion 0
510 325 512 325 512 331 510 331 mild-corrosion 0
515 336 519 336 519 340 515 340 mild-corrosion 0
347 403 360 403 360 425 347 425 mild-corrosion 0
352 209 360 209 360 226 352 226 mild-corrosion 0
340 266 343 266 343 274 340 274 mild-corrosion 0
333 266 338 266 338 274 333 274 mild-corrosion 0
329 259 333 259 333 267 329 267 mild-corrosion 0
323 252 327 252 327 261 323 261 mild-corrosion 0
315 213 320 213 320 223 315 223 mild-corrosion 0
305 311 311 311 311 320 305 320 mild-corrosion 0
302 296 308 296 308 304 302 304 mild-corrosion 0
377 152 383 152 383 164 377 164 mild-corrosion 0