27 75 84 75 84 121 27 121 mild-corrosion 0
114.59899211520678 307.55137038593875 120.81506337905012 259.5211209776351 241.05443485481374 275.081114220271 234.8390591693169 323.1107343651256 severe-corrosion 0
639.9999999993452 -0.0005975205036613967 640.0010860467592 259.97000000231145 466.4000800298527 259.96902265538404 466.4009999999689 1.6952356452200545e-11 severe-corrosion 0
275 461 287 461 287 477 275 477 moderate-corrosion 0
67 332 80 332 80 356 67 356 moderate-corrosion 0
223 346 237 346 237 359 223 359 moderate-corrosion 0
32 449 46 449 46 469 32 469 moderate-corrosion 0
38 478 48 478 48 495 38 495 moderate-corrosion 0
117 424 127 424 127 442 117 442 moderate-corrosion 0
107 489 115 489 115 513 107 513 moderate-corrosion 0
340 488 363 488 363 516 340 516 moderate-corrosion 0
244 538 254 538 254 547 244 547 moderate-corrosion 0
270 515 276 515 276 527 270 527 moderate-corrosion 0
58 568 69 568 69 589 58 589 moderate-corrosion 0
9 527 27 527 27 553 9 553 severe-corrosion 0
5 556 15 556 15 568 5 568 severe-corrosion 0
0 615.775 13.77 615.775 13.77 640 0 640 severe-corrosion 0
7.002470200677635 576.4297214097602 33.95852990826825 575.5958242751637 35.682043266861 631.294368724275 8.725984061748022 632.1282554406062 severe-corrosion 0
318 432 324 432 324 440 318 440 severe-corrosion 0
162 487 172 487 172 501 162 501 severe-corrosion 0
142 503 146 503 146 515 142 515 severe-corrosion 0
65 532 71 532 71 546 65 546 severe-corrosion 0
77 591 83 591 83 617 77 617 severe-corrosion 0
347 581 357 581 357 595 347 595 severe-corrosion 0
367 556 377 556 377 570 367 570 severe-corrosion 0
258 472 264 472 264 484 258 484 severe-corrosion 0
508 326 610 326 610 640 508 640 severe-corrosion 0