0 0 189.465 0 189.465 364 0 364 severe-corrosion 0
0 444.289 15 444.289 15 488 0 488 severe-corrosion 0
122.78312075242866 486.2142695151813 111.644581116052 490.92406899849755 96.14288444601698 454.26889950851887 107.28128911585372 449.5591323786472 severe-corrosion 0
256.5850377547031 414.89552334437576 358.0000000000291 393.4500000000012 392.2699783829012 555.4862759808533 290.8552182549465 576.9311653049741 severe-corrosion 0
0 517.804 10.018 517.804 10.018 538.496 0 538.496 severe-corrosion 0
68.34067458024947 537.4944623327899 81.41119191452162 536.6731392531502 86.40444546334038 616.1166953634414 73.3339294817415 616.938004431139 severe-corrosion 0
240.13963522149425 560.9887523081268 217.326999999932 561.7560000000011 215.96073640896066 521.1362414500436 238.77300000000105 520.3689999999993 severe-corrosion 0
259.196058223024 440.35161259266613 287.66183788131457 490.00936235252277 141.79810664689285 573.6054216483991 113.33411874758895 523.9492181267447 severe-corrosion 0
240.97075541430968 639.9998678541283 188.5135853898828 649.1762672333136 179.16810675349552 595.7642851809912 231.62399999993795 586.5880000000051 moderate-corrosion 0
195.88111654033128 560.3759865206454 182.05639082327252 561.9749889111549 178.20845987444045 528.7129915504632 192.03300000001036 527.1139999999981 moderate-corrosion 0
303.7520620638679 639.9999887357889 286.21746027572954 643.1824105363221 283.5335193952051 628.3984105366487 301.06800000001385 625.2160000000033 moderate-corrosion 0