3 608 13 608 13 622 3 622 mild-corrosion 0
3 576 7 576 7 586 3 586 mild-corrosion 0
52 478 58 478 58 492 52 492 mild-corrosion 0
45 583 56 583 56 609 45 609 mild-corrosion 0
69 611 81 611 81 630 69 630 mild-corrosion 0
134 585 142 585 142 601 134 601 mild-corrosion 0
138 496 146 496 146 515 138 515 mild-corrosion 0
383.4964058011974 553.3998421575748 343.97394224462914 599.0665361995171 243.99445335628116 512.5552983414361 283.51607937409426 466.88981160409764 severe-corrosion 0
305 522 310 522 310 552 305 552 mild-corrosion 0
291 526 297 526 297 542 291 542 mild-corrosion 0
268 512 280 512 280 532 268 532 mild-corrosion 0
284 586 290 586 290 602 284 602 mild-corrosion 0
236 634 242 634 242 640 236 640 mild-corrosion 0
222 626 227 626 227 636 222 636 mild-corrosion 0
227 590 232 590 232 602 227 602 mild-corrosion 0
222 592 226 592 226 600 222 600 mild-corrosion 0
249 600 253 600 253 607 249 607 mild-corrosion 0
252 597 258 597 258 604 252 604 mild-corrosion 0
186 508 196 508 196 543 186 543 mild-corrosion 0
157 565 165 565 165 577 157 577 mild-corrosion 0
170 572 174 572 174 578 170 578 mild-corrosion 0
191 579 195 579 195 587 191 587 mild-corrosion 0
228 540 234 540 234 550 228 550 mild-corrosion 0
252 535 259 535 259 548 252 548 mild-corrosion 0
243 551 245 551 245 558 243 558 mild-corrosion 0
238 544 244 544 244 552 238 552 mild-corrosion 0
241 532 247 532 247 542 241 542 mild-corrosion 0
357 582 359 582 359 588 357 588 mild-corrosion 0
362 572 366 572 366 576 362 576 mild-corrosion 0
194 487 207 487 207 509 194 509 mild-corrosion 0
186 637 189 637 189 640 186 640 mild-corrosion 0
179 638 184 638 184 640 179 640 mild-corrosion 0
152 593 158 593 158 602 152 602 mild-corrosion 0
149 608 155 608 155 616 149 616 mild-corrosion 0