0 397.563 268 397.563 268 448 0 448 severe-corrosion 0
237 138 268 138 268 209 237 209 severe-corrosion 0
206 237 250 237 250 303 206 303 severe-corrosion 0
229 316 256 316 256 351 229 351 severe-corrosion 0
84 363 122 363 122 395 84 395 severe-corrosion 0
0 223 93 223 93 338 0 338 severe-corrosion 0
21 350 51 350 51 369 21 369 severe-corrosion 0
92 181 112 181 112 229 92 229 moderate-corrosion 0
103 50 122 50 122 85 103 85 moderate-corrosion 0
119 128 143 128 143 157 119 157 moderate-corrosion 0
183.02674984923215 345.40800846922735 170.78281049180077 342.2793827325194 176.83857260512013 318.5821741697953 189.08244143873162 321.7107904417891 mild-corrosion 0
145.99999212878174 259.0000042773669 146.0000038655562 240.55699783232413 159.63199244244606 240.5570106952096 159.63200405574753 258.99999373582875 mild-corrosion 0
265 363.65999999999997 268 363.65999999999997 268 378 265 378 mild-corrosion 0
38.05951831433049 47.246074301759585 13.40578153336537 42.88946988878255 20.030240633132053 5.402190439550556 44.683958192545106 9.75879302805464 mild-corrosion 0
212.59799999745155 -7.307348483303375e-9 212.5980000038544 3.0000000060230487 204.76899999317538 2.999999999101938 204.76900000001478 -2.4502695088993545e-11 mild-corrosion 0
185.99997774872463 138.00000703936507 186.00000540980545 88.30398701163682 207.5969877445459 88.30402014145724 207.5970061396947 137.9999921495573 mild-corrosion 0
145 55 165 55 165 77 145 77 mild-corrosion 0
170 360 180 360 180 383 170 383 mild-corrosion 0
53 174 62 174 62 190 53 190 mild-corrosion 0
10 189 26 189 26 211 10 211 mild-corrosion 0
302.6543442682305 472.8517070740153 397.10127674305113 479.2456499494632 385.7835298559803 646.3870597111746 291.3366192035028 639.9933399604505 severe-corrosion 0