368 9 400 9 400 40 368 40 moderate-corrosion 0
395 60 412 60 412 91 395 91 moderate-corrosion 0
338 48 358 48 358 83 338 83 moderate-corrosion 0
427.99999837872747 222.22398817302206 428.0000093894341 234.63799999999992 415.68599804297264 234.6379988289927 415.68599999998696 222.22400000002537 mild-corrosion 0
367.01769667037297 136.7403793976285 384.6624966422678 131.0895050611253 393.1149515193829 157.48181521598772 375.4701553696941 163.13268100762738 moderate-corrosion 0
401.5343485012272 165.89494568875597 413.29424076080613 185.19402196740566 387.37129385990556 200.98972641190701 375.6114473233174 181.6906900030229 moderate-corrosion 0
345.8739276684355 144.3283449750431 340.20183554806863 159.70728544512642 327.8255472055025 155.14270591792342 333.4976442977495 139.76377679880412 mild-corrosion 0
295.06552682156325 208.68692140024876 280.72615582444996 205.82363504696468 285.8060244721855 180.3844690488479 300.1453437991586 183.2477501233646 moderate-corrosion 0
371.038962725288 240.5995114879542 341.2548105253518 245.83032994517825 333.3669796887989 200.91818140646598 363.1509133756481 195.68738259909003 moderate-corrosion 0
175 23 183 23 183 41 175 41 moderate-corrosion 0
531 198 640 198 640 249 531 249 severe-corrosion 0
514 156 533 156 533 204 514 204 moderate-corrosion 0
503 25 523 25 523 59 503 59 moderate-corrosion 0
482 103 506 103 506 131 482 131 moderate-corrosion 0
473.4684870676574 234.8040803694612 461.7008002770308 224.91895231714594 472.345285410629 212.24778346758794 484.11295231591794 222.13289790247188 mild-corrosion 0
582.9769178975403 0.031815113911593466 609.4415952765121 -4.643700758362951 613.3926768880337 17.720484535659885 586.927999745385 22.39600004497753 mild-corrosion 0
428 63.72500000000001 441.261 63.72500000000001 441.261 114.54 428 114.54 mild-corrosion 0
625 117 640 117 640 137 625 137 mild-corrosion 0
460 30 480 30 480 53 460 53 mild-corrosion 0
563 149 571 149 571 165 563 165 mild-corrosion 0
600 165 615 165 615 186 600 186 mild-corrosion 0
620 178 640 178 640 204 620 204 mild-corrosion 0
79 435 122 435 122 503 79 503 severe-corrosion 0
283 257 305 257 305 346 283 346 severe-corrosion 0
334 395 356 395 356 433 334 433 severe-corrosion 0
133.3201645257941 606.1735658549673 60.82399552804418 593.382557955443 87.04855414332997 444.79738040527315 159.54055734808207 457.58801208606036 mild-corrosion 0
227.42592063856137 595.3012806255779 173.53212276721024 607.1110095357195 146.9298244768288 485.7324296104153 200.82099999999627 473.9230000000042 mild-corrosion 0
282.66757679753937 600.5739068887505 248.47451255103806 612.4646021196934 208.16756216445356 496.58238041363654 242.35899999999674 484.6919999999918 mild-corrosion 0
329 557 363 557 363 601 329 601 mild-corrosion 0
287 566 316 566 316 584 287 584 mild-corrosion 0
311 469 331 469 331 481 311 481 mild-corrosion 0
100 249 147 249 147 317 100 317 moderate-corrosion 0
0 249 18 249 18 341 0 341 mild-corrosion 0
428 484.274 476.585 484.274 476.585 635.94 428 635.94 severe-corrosion 0