273 0 338 0 338 55 273 55 moderate-corrosion 0
590 83 624 83 624 141 590 141 moderate-corrosion 0
16 546 68 546 68 596 16 596 moderate-corrosion 0
30 499 49 499 49 535 30 535 moderate-corrosion 0
396 381 428 381 428 419 396 419 mild-corrosion 0
152 0 211 0 211 67 152 67 mild-corrosion 0
184 156 208 156 208 189 184 189 moderate-corrosion 0
7 153 25 153 25 177 7 177 mild-corrosion 0
238 451 264 451 264 485 238 485 mild-corrosion 0
201 483 215 483 215 499 201 499 mild-corrosion 0
190 527 204 527 204 541 190 541 mild-corrosion 0
475 61 490 61 490 83 475 83 mild-corrosion 0
183 269 205 269 205 296 183 296 mild-corrosion 0
31 246 55 246 55 270 31 270 mild-corrosion 0
525 141 561 141 561 171 525 171 mild-corrosion 0
307 588 332 588 332 616 307 616 mild-corrosion 0
579 439 607 439 607 475 579 475 mild-corrosion 0
595 337 611 337 611 354 595 354 mild-corrosion 0
558 0 581 0 581 13 558 13 mild-corrosion 0
436 16 450 16 450 32 436 32 mild-corrosion 0
53 612 78 612 78 636 53 636 mild-corrosion 0