163.8068989886233 137.69375592930749 130.24808171772747 357.2056980947026 -33.56127163446217 332.1610559512874 0 112.65199999998573 severe-corrosion 0
256.0509879669553 239.9999964437646 256.05100000000675 255.5229999999658 240.99999648839002 255.52299065671818 241.00000594335143 240.00000859452672 mild-corrosion 0
364 89 411 89 411 377 364 377 severe-corrosion 0
508 164 570 164 570 288 508 288 moderate-corrosion 0
365 0 414 0 414 23 365 23 severe-corrosion 0
364 29 416 29 416 85 364 85 moderate-corrosion 0
587 246 639 246 639 377 587 377 moderate-corrosion 0
584 145 631 145 631 203 584 203 mild-corrosion 0
0 387 111 387 111 498 0 498 severe-corrosion 0
13 377 364 377 364 442 13 442 severe-corrosion 0
160 443 364 443 364 557 160 557 severe-corrosion 0
170 582 256 582 256 625 170 625 moderate-corrosion 0
242 574 364 574 364 640 242 640 severe-corrosion 0
364 462 521 462 521 519 364 519 severe-corrosion 0
512 377 640 377 640 516 512 516 severe-corrosion 0
364 377 640 377 640 414 364 414 severe-corrosion 0
428 601 640 601 640 640 428 640 severe-corrosion 0
490 522 640 522 640 598 490 598 severe-corrosion 0