164.06600000002072 319.99999999997567 164.07300984312315 4.080766794836392 313.00412159274856 4.085000129867843 312.99999998773274 320.0012191203459 severe-corrosion 0
35.602933609770844 319.99999830965714 35.60303025289613 305.5839458163376 75.45702970695856 305.58417376723594 75.45699999966018 320.00015872976826 moderate-corrosion 0
313 217.666 640 217.666 640 320 313 320 severe-corrosion 0
114 631 188 631 188 640 114 640 moderate-corrosion 0
0 488 22 488 22 519 0 519 moderate-corrosion 0
77 417 125 417 125 473 77 473 moderate-corrosion 0
257 418 313 418 313 456 257 456 moderate-corrosion 0
265 557 311 557 311 585 265 585 moderate-corrosion 0
208 320 264 320 264 343 208 343 moderate-corrosion 0
54 334 90 334 90 358 54 358 moderate-corrosion 0
118 486 214 486 214 542 118 542 moderate-corrosion 0
312.99942410078074 359.0741947515576 322.40250990042114 372.2219907399924 241.7420207629766 429.90186321816344 232.33914648408245 416.7542579671197 moderate-corrosion 0
282 596 307 596 307 616 282 616 mild-corrosion 0
640.0174052559305 639.9999999999999 412.71301610970113 640.0000000000001 412.7220243998454 319.99999999999983 640 319.99999999999983 severe-corrosion 0