0 283.480999999975 -35.4643746385409 75.1576263835118 210.19510535239533 33.3391720695094 245.66190539801028 241.65843937903517 severe-corrosion 0
377 61 406 61 406 130 377 130 severe-corrosion 0
489 0 583 0 583 69 489 69 severe-corrosion 0
494 87 542 87 542 125 494 125 severe-corrosion 0
550 298 574 298 574 346 550 346 severe-corrosion 0
448 46 460 46 460 68 448 68 moderate-corrosion 0
565 117 603 117 603 149 565 149 severe-corrosion 0
542 194 558 194 558 221 542 221 moderate-corrosion 0
497 210 511 210 511 226 497 226 moderate-corrosion 0
499 248 513 248 513 273 499 273 moderate-corrosion 0
624 218 640 218 640 244 624 244 mild-corrosion 0
397 254 416 254 416 270 397 270 moderate-corrosion 0
396 340 414 340 414 352 396 352 moderate-corrosion 0
180 352 201.057 352 201.057 363 180 363 corroded-part 0
282.8832544934994 414.519834179139 229.76547423240845 433.0333227424939 220.4171123487322 406.21440738230837 273.5344715413521 387.7009991158357 severe-corrosion 0
277.6316301593761 471.08535219601106 264.90915709022374 444.69598344392125 313.2276610659028 421.40471932204326 325.9501846087369 447.7938550974688 severe-corrosion 0
331.98917007372074 360.34271182272533 444.96854260774853 339.4020599801927 500.6930000000284 639.999999999995 387.7139365246694 660.9394659798419 severe-corrosion 0