0 55 152 55 152 198 0 198 moderate-corrosion 0
233 12 249 12 249 103 233 103 moderate-corrosion 0
628 7 640 7 640 58 628 58 severe-corrosion 0
270 27 294 27 294 111 270 111 severe-corrosion 0
249 0 520.203 0 520.203 288 249 288 severe-corrosion 0
572.8652225179394 287.99998897441424 535.4466691138077 289.85404822707403 532.8430750669941 237.30797649471594 570.261246579903 235.4539266910044 severe-corrosion 0
0 288 92 288 92 640 0 640 severe-corrosion 0
437 341 584 341 584 405 437 405 mild-corrosion 0
626 352 640 352 640 379 626 379 mild-corrosion 0
353 392 367 392 367 410 353 410 mild-corrosion 0
380 587 410 587 410 605 380 605 mild-corrosion 0
317 414 366 414 366 438 317 438 mild-corrosion 0
343 342 400 342 400 359 343 359 mild-corrosion 0