0 93 134 93 134 236 0 236 moderate-corrosion 0
580.2461656741798 117.33331458854758 597.8051756344212 108.15477384037537 621.4336864379584 153.3567449239884 603.8746927535249 162.53526192684677 severe-corrosion 0
402.44371193868574 162.9244076759453 401.2050940757035 179.97927319028656 350.3873085894884 176.28859744373358 351.62597650640237 159.2337880463976 severe-corrosion 0
184.99987808725564 364.55749070382404 186.36392577369406 403.82138834211446 37.19417449225148 409.0010494387046 35.83100000003469 369.73799999996356 severe-corrosion 0
185.0004944884131 481.00000000000017 67.15499999998428 481.00000000000017 67.15557373594493 454.9559999999999 185 454.95599999999996 severe-corrosion 0
185.00029926879506 537.0529999999999 124.24396389760659 537.0529999999999 124.24429897015216 510.221 185 510.221 severe-corrosion 0
185.00014836055925 572.175 143.4049864719418 572.175 143.40517548291245 552.81 185 552.81 severe-corrosion 0
207 558 225 558 225 582 207 582 mild-corrosion 0
302 436 337 436 337 491 302 491 mild-corrosion 0
306 311 457 311 457 426 306 426 moderate-corrosion 0
595 523 614 523 614 563 595 563 mild-corrosion 0