369.7852745822456 -18.074350195497434 444.4292902880261 168.92092541335174 74.0326684404863 316.7661058843241 -0.6070018618629547 129.77429710500022 severe-corrosion 0
377 75 552.015 75 552.015 224 377 224 severe-corrosion 0
0 224 199 224 199 640 0 640 severe-corrosion 0
230 224 286 224 286 293 230 293 moderate-corrosion 0
454 243 528 243 528 279 454 279 moderate-corrosion 0
417 438 465 438 465 494 417 494 moderate-corrosion 0
597 453 640 453 640 491 597 491 moderate-corrosion 0
604 324 640 324 640 353 604 353 moderate-corrosion 0
408 600 463 600 463 640 408 640 moderate-corrosion 0
517 591 543 591 543 610 517 610 moderate-corrosion 0
548 567 604 567 604 597 548 597 moderate-corrosion 0
394 553 430 553 430 577 394 577 moderate-corrosion 0
458 368 554 368 554 424 458 424 moderate-corrosion 0
572.3389683445566 493.24552288426895 581.7425368309341 480.09817907640786 649.4028524799069 528.4825410020326 639.9995159933314 541.6296767050761 moderate-corrosion 0
622 294 640 294 640 314 622 314 mild-corrosion 0