145.30746017146157 115.14003547955215 187.98803978817887 51.97998959187505 298.6798207670654 126.77979835455378 255.99969462309673 189.93945190696596 severe-corrosion 0
639.9999999979627 -0.001426987671273197 640.0013258511171 307.0012274502909 480.10652398326783 306.9998004644396 480.10800000003655 3.511332368335722e-11 severe-corrosion 0
113 391 175 391 175 515 113 515 moderate-corrosion 0
195 396 247 396 247 640 195 640 mild-corrosion 0
497 307 545 307 545 372 497 372 severe-corrosion 0
593 389 636 389 636 453 593 453 severe-corrosion 0
256 467 640 467 640 494 256 494 severe-corrosion 0
380 307 408 307 408 436 380 436 severe-corrosion 0
268 307 354 307 354 435 268 435 mild-corrosion 0
256 555 280 555 280 640 256 640 mild-corrosion 0
329 544 352 544 352 566 329 566 mild-corrosion 0