-11.570426214530016 129.11880152017747 16.23670866145403 -34.18187324987742 315.8049742295407 16.828632753312522 287.99930138608033 180.12810291804038 severe-corrosion 0
376.3380000000325 64.87999999999202 381.7394341468025 20.8956384737893 418.4634280444152 25.40547164886825 413.06202437619504 69.38980522081376 severe-corrosion 0
521.7829364165664 65.21418259934171 510.64476942388865 69.92456975034189 495.1430374195479 33.26927746438148 506.28119133507425 28.558893322360426 severe-corrosion 0
388.24099935816776 94.0479999825699 409.14708186835924 94.61573060952975 408.47808250095113 119.25073007106981 387.5720000000001 118.68299999999928 severe-corrosion 0
360.2615347198298 256.12789151313274 349.2749999999796 255.9999999999996 349.5605141411943 231.47610877132536 360.54700000000594 231.60400000000027 severe-corrosion 0
467.34067326120567 116.4945968269174 480.4111265906977 115.67308428387277 485.40443463847623 195.11649238429106 472.33398169897555 195.93800115026087 severe-corrosion 0
639.1394764005963 139.9886015523399 616.3270000000193 140.75600000000057 614.9606051593582 100.13639708762346 637.7729999999428 99.36900000000085 severe-corrosion 0
639.9998385561776 38.707674882907654 659.3564749491634 77.68819360340746 532.3206858438789 140.76992288883935 512.9642542861257 101.7895761719018 severe-corrosion 0
399.78772677102825 170.38170407174204 388.5929999999644 169.7270000000001 390.446314196015 138.0382971354655 401.64099999994505 138.69299999999836 severe-corrosion 0
387.5720000000001 215.25199999999944 400.08702314786206 214.76460219583686 401.69300000001385 255.99999999999983 389.17797696245543 256.48739604056584 severe-corrosion 0
579.2642789991805 173.00631086217808 632.2266283418867 165.3565189647506 643.1263878854224 240.81743214027847 590.1640468396363 248.4671790796267 moderate-corrosion 0
594.8810265706561 139.3759969261347 581.0564753356448 140.97530890834446 577.2084908536635 107.7133095241098 591.0330000000249 106.11399999999722 moderate-corrosion 0
136 450 195 450 195 482 136 482 severe-corrosion 0
120 435 146 435 146 455 120 455 severe-corrosion 0
250 394 271 394 271 413 250 413 mild-corrosion 0
282 343 288 343 288 359 282 359 mild-corrosion 0
118 580 134 580 134 598 118 598 mild-corrosion 0
162 496 203 496 203 518 162 518 mild-corrosion 0
45 483 62 483 62 497 45 497 mild-corrosion 0
21 615 44 615 44 640 21 640 mild-corrosion 0
104 635 122 635 122 640 104 640 moderate-corrosion 0
276 407 288 407 288 437 276 437 mild-corrosion 0
220 314 245 314 245 336 220 336 mild-corrosion 0
46 570 58 570 58 578 46 578 mild-corrosion 0
92 485 112 485 112 499 92 499 mild-corrosion 0
500 336 534 336 534 390 500 390 moderate-corrosion 0
438 338 463 338 463 363 438 363 moderate-corrosion 0