336.5157946397085 306.4201950751547 97.36832971480908 321.641030142699 76.90200000004552 -1.5902773407317583e-12 316.04038771241903 -15.220539852429667 severe-corrosion 0
644.1489180553617 288.71168190095716 636.1605808167224 319.39164462228615 324.0110291477322 238.1140100433956 332.00000000004366 207.43499999999688 severe-corrosion 0
491 13 501 13 501 30 491 30 moderate-corrosion 0
560 24 568 24 568 48 560 48 moderate-corrosion 0
583 231 640 231 640 274 583 274 moderate-corrosion 0
563.3402310848032 272.24842938447 454.273471774286 247.8205796097792 476.17508826282574 150.04069586628947 585.2401713209838 174.46834899022684 severe-corrosion 0
561 245 573 245 573 265 561 265 severe-corrosion 0
511 103 522 103 522 124 511 124 moderate-corrosion 0
387 129 409 129 409 157 387 157 severe-corrosion 0
462 62 480 62 480 88 462 88 severe-corrosion 0
458 91 468 91 468 103 458 103 severe-corrosion 0
388 198 412 198 412 225 388 225 severe-corrosion 0
457.01493139342347 194.22659903724238 435.05572716749157 204.21492451858515 413.3466104769468 156.48869411623048 435.3056850358553 146.50040289292656 severe-corrosion 0
458.7253077697096 147.61195147769885 472.91500181076117 173.24639645790342 459.6275350252836 180.60137013134946 445.4378683801042 154.96694875124695 severe-corrosion 0
460.00246660340053 111.42985487980224 486.9585190789803 110.59574444993578 488.6820374728268 166.2941912841761 461.7259851269773 167.12829933096464 severe-corrosion 0
615 22 625 22 625 36 615 36 severe-corrosion 0
595 38 599 38 599 50 595 50 severe-corrosion 0
518 67 524 67 524 81 518 81 severe-corrosion 0
530 126 536 126 536 152 530 152 severe-corrosion 0
431 119 442 119 442 129 431 129 severe-corrosion 0
0 307 176 307 176 640 0 640 severe-corrosion 0
332 546 344 546 344 617 332 617 severe-corrosion 0
632 329 640 329 640 640 632 640 severe-corrosion 0
462 518 488 518 488 558 462 558 mild-corrosion 0
492 489 514 489 514 524 492 524 mild-corrosion 0
462 597 479 597 479 640 462 640 mild-corrosion 0
388 573 402 573 402 636 388 636 mild-corrosion 0
407 612 426 612 426 640 407 640 mild-corrosion 0
332 360 342 360 342 398 332 398 mild-corrosion 0
441 364 477 364 477 400 441 400 mild-corrosion 0
382 376 398 376 398 400 382 400 mild-corrosion 0
574 526 596 526 596 562 574 562 mild-corrosion 0
383 511 404 511 404 535 383 535 mild-corrosion 0
352 307 375 307 375 323 352 323 mild-corrosion 0