0 53.2 113.806 53.2 113.806 339 0 339 severe-corrosion 0
0 550 112 550 112 640 0 640 moderate-corrosion 0
467 366 503 366 503 399 467 399 moderate-corrosion 0
506 435 546 435 546 462 506 462 moderate-corrosion 0
583 454 619 454 619 480 583 480 moderate-corrosion 0
310 507 356 507 356 535 310 535 moderate-corrosion 0
448 548 492 548 492 574 448 574 moderate-corrosion 0
412 533 433 533 433 549 412 549 mild-corrosion 0
562 358 588 358 588 373 562 373 mild-corrosion 0
295 567 319 567 319 582 295 582 mild-corrosion 0
236 632 247 632 247 640 236 640 mild-corrosion 0
392 368 401 368 401 378 392 378 mild-corrosion 0