176.55080766169704 25.17009075382523 192.12494409868668 26.8275414967129 184.67763858068793 96.80554321733696 169.10350253492652 95.14809507002826 severe-corrosion 0
380 98 424 98 424 182 380 182 severe-corrosion 0
389 217 405 217 405 235 389 235 moderate-corrosion 0
252.3479087829037 299.99932794669695 252.3484352741798 345.5348214891263 180.72104071034119 345.53514345948815 180.72090582405508 300.000041270409 mild-corrosion 0
226.4196197182173 387.193510696209 179.39123429612664 480.2383750567497 11.799208720549359 395.53828597949285 58.82791741656547 302.49608298880224 mild-corrosion 0
243 376 267 376 267 394 243 394 mild-corrosion 0
406 412 450 412 450 479 406 479 severe-corrosion 0
611 568 632 568 632 640 611 640 severe-corrosion 0
487.54208836791804 456.41136355126525 415.04692016897025 469.2033914718124 388.8273738607677 320.6179540542332 461.31944307097 307.82620588457456 mild-corrosion 0
528.8213459402323 440.07707581361626 474.9284911054565 428.26630715653766 501.53271861883695 306.88862970272874 555.423803168087 318.6991988730459 mild-corrosion 0
570.3590000000258 429.30799999999647 536.1670566828252 417.41625622757147 576.4745219058386 301.5351777770258 610.6654819767573 313.42674049821545 mild-corrosion 0
615 329 640 329 640 347 615 347 mild-corrosion 0
428 597 475 597 475 640 428 640 moderate-corrosion 0