344.9168746166106 217.58535738742358 308.000592199096 322.0069152864722 21.66444411595876 220.77727990650118 58.581870028865524 116.35830233509212 severe-corrosion 0
377 100 509 100 509 208.752 377 208.752 moderate-corrosion 0
0 384 255.09700000000004 384 255.09700000000004 406.803 0 406.803 severe-corrosion 0
1.7269394093455048 632.4001946405291 -1.6370335157262161 387.9092623088126 376.33423756102275 382.7015480079107 379.71539789490635 627.1759918795424 severe-corrosion 0
342 593 355 593 355 609 342 609 mild-corrosion 0
325 433 343 433 343 447 325 447 mild-corrosion 0
639.8867821352906 440.51035132677885 642.3318499308516 521.0091026879861 377.11777334770886 529.0556714095706 374.67666820899467 448.5608399263202 severe-corrosion 0
377 605 453 605 453 640 377 640 severe-corrosion 0
470 587 640 587 640 640 470 640 severe-corrosion 0
382 575 412 575 412 594 382 594 severe-corrosion 0
503 521 519 521 519 541 503 541 moderate-corrosion 0
459.3749187105277 589.916949164027 479.9116724413034 602.7599735215056 464.0215981637448 628.1620642598419 443.48491158365505 615.3191270010686 moderate-corrosion 0
476 573 488 573 488 583 476 583 mild-corrosion 0