27.528 0 372.294 0 372.294 275 27.528 275 severe-corrosion 0
10 612 47 612 47 640 10 640 severe-corrosion 0
97 600 132 600 132 640 97 640 severe-corrosion 0
135 600 175 600 175 640 135 640 severe-corrosion 0
183 615 215 615 215 640 183 640 severe-corrosion 0
227 555 256 555 256 640 227 640 severe-corrosion 0
310 566 345 566 345 640 310 640 severe-corrosion 0
395 611 424 611 424 640 395 640 severe-corrosion 0
104 275 138 275 138 422 104 422 severe-corrosion 0
0 354 6 354 6 457 0 457 severe-corrosion 0
10 516 47 516 47 550 10 550 severe-corrosion 0
189 321 217 321 217 495 189 495 severe-corrosion 0
234 321 258 321 258 444 234 444 severe-corrosion 0
271 327 303 327 303 469 271 469 severe-corrosion 0
310 275 357 275 357 489 310 489 severe-corrosion 0
62 275 102 275 102 395 62 395 severe-corrosion 0
22 281 48 281 48 357 22 357 severe-corrosion 0
266 555 300 555 300 640 266 640 severe-corrosion 0
361 324 404 324 404 541 361 541 severe-corrosion 0
143 279 175 279 175 434 143 434 severe-corrosion 0
141 484 175 484 175 592 141 592 moderate-corrosion 0
94 514 127 514 127 591 94 591 moderate-corrosion 0
56 523 80 523 80 613 56 613 moderate-corrosion 0
68 443 85 443 85 484 68 484 moderate-corrosion 0
237 275 257 275 257 299 237 299 moderate-corrosion 0
409 322 428 322 428 511 409 511 severe-corrosion 0
25 364 44 364 44 390 25 390 moderate-corrosion 0
28 405 43 405 43 431 28 431 moderate-corrosion 0
358 544 388 544 388 604 358 604 moderate-corrosion 0
395 558 421 558 421 602 395 602 moderate-corrosion 0
664.2232470439922 394.5695075808759 632.6768933366111 474.36748100789265 458.9735228543577 405.70385455184476 490.52067235483264 325.90826730155845 severe-corrosion 0
428 487.843 493.197 487.843 493.197 608.355 428 608.355 severe-corrosion 0