170 32 222 32 222 74 170 74 mild-corrosion 0
345 0 640 0 640 98.398 345 98.398 severe-corrosion 0
0 358 345 358 345 402 0 402 severe-corrosion 0
0 462 345 462 345 556 0 556 severe-corrosion 0
183 420 275 420 275 462 183 462 moderate-corrosion 0
345 591 382 591 382 628 345 628 severe-corrosion 0
391 370 415 370 415 418 391 418 severe-corrosion 0
623 485 640 485 640 498 623 498 severe-corrosion 0
504 555 535 555 535 579 504 579 moderate-corrosion 0
406 567 444 567 444 599 406 599 severe-corrosion 0
383 495 399 495 399 522 383 522 moderate-corrosion 0
345 489 351 489 351 505 345 505 moderate-corrosion 0
345 443 354 443 354 468 345 468 moderate-corrosion 0
568 435 596 435 596 469 568 469 moderate-corrosion 0
602 520 627 520 627 544 602 544 moderate-corrosion 0
465 472 488 472 488 498 465 498 mild-corrosion 0
514 392 530 392 530 414 514 414 moderate-corrosion 0
536 358 554 358 554 374 536 374 moderate-corrosion 0
553 567 570 567 570 589 553 589 mild-corrosion 0
533 510 543 510 543 526 533 526 mild-corrosion 0