92.29872102798254 357.37595069291984 164.38133525683952 370.1162124986329 141.31492907981738 500.60546887873187 69.23238081690215 487.865478570336 moderate-corrosion 0
324.916000000012 87.63299999998983 296.554983367314 63.237372144996364 334.3174808267213 19.3369020417035 362.67846006783657 43.732502824515755 severe-corrosion 0
487 175 535 175 535 240 487 240 severe-corrosion 0
438 77 478 77 478 118 438 118 mild-corrosion 0
538.8429290299973 348.30563882565656 600.8198150702083 369.660015942994 502.79268996389874 654.1155870062823 440.81639435979014 632.7624067039457 severe-corrosion 0
548 320 573 320 573 347 548 347 mild-corrosion 0
291 623 316 623 316 640 291 640 mild-corrosion 0
426 474 443 474 443 500 426 500 mild-corrosion 0
492 325 538 325 538 359 492 359 mild-corrosion 0
447 275 463 275 463 314 447 314 mild-corrosion 0
536 242 557 242 557 292 536 292 mild-corrosion 0
255.54586936043052 296.78678679968084 361.95791658996313 299.18663162406995 354.8021319697 616.438810338736 248.39008697250392 614.0390977098883 moderate-corrosion 0