639.6266854623536 346.92601545962475 667.9905327855522 603.8502892714437 28.862104954969254 674.3402298559677 0.5319311357015977 417.44617655144367 severe-corrosion 0
509.8377627308946 403.21247043893464 500.4520374250569 385.84803138948706 523.6697941580496 373.29992588628545 533.0555247737357 390.6642984581279 moderate-corrosion 0
626 235 640 235 640 267 626 267 mild-corrosion 0
488 119 504 119 504 132 488 132 mild-corrosion 0
615.4822779638198 219.5466717051417 604.7036162929726 232.27701951346575 511.723075736445 153.55308169091435 522.5016731709184 140.82283734861622 mild-corrosion 0
600.6280594321288 193.9989333763526 595.2335457401932 200.04620131786402 566.2784985498729 174.2172516091577 571.6730000000098 168.17000000000934 severe-corrosion 0
429 66 435 66 435 75 429 75 mild-corrosion 0
408 50 418 50 418 58 408 58 mild-corrosion 0
31 3 46 3 46 13 31 13 mild-corrosion 0
198 408 211 408 211 423 198 423 moderate-corrosion 0
230.16232716472587 438.0179999667952 233.4743028129742 461.2948702126622 162.74944975848484 471.3559555894384 159.43778697721427 448.07936744760747 moderate-corrosion 0
149.89361035390175 261.1779501563992 178.30930193900713 287.94681843456823 135.73451397867757 333.1376860562954 107.31899999998859 306.36900000000924 mild-corrosion 0
59.74099999999453 339.4680000000011 61.94861875621427 328.0006093207516 78.12058733856247 331.11365684767736 75.91299538275052 342.58102398424404 mild-corrosion 0
458.11219654089655 209.00717506416316 466.5445414269925 218.26787886190965 447.49732450873125 235.61068411869877 439.0649999999732 226.3500000000187 severe-corrosion 0