309 263 335 263 335 287 309 287 moderate-corrosion 0
27 19 54 19 54 43 27 43 moderate-corrosion 0
22 90 69 90 69 112 22 112 moderate-corrosion 0
286 46 312 46 312 70 286 70 moderate-corrosion 0
302 5 317 5 317 17 302 17 moderate-corrosion 0
316 98 339 98 339 122 316 122 moderate-corrosion 0
238 84 260 84 260 96 238 96 moderate-corrosion 0
296 79 319 79 319 97 296 97 moderate-corrosion 0
252 194 302 194 302 226 252 226 mild-corrosion 0
109 243 167 243 167 261 109 261 mild-corrosion 0
60 275 97 275 97 297 60 297 mild-corrosion 0
46 244 68 244 68 267 46 267 mild-corrosion 0
45 189 65 189 65 201 45 201 mild-corrosion 0
147 167 171 167 171 185 147 185 moderate-corrosion 0
116 159 142 159 142 177 116 177 moderate-corrosion 0
188 132 206 132 206 142 188 142 mild-corrosion 0
106 133 121 133 121 150 106 150 mild-corrosion 0
56 328 92 328 92 332 56 332 moderate-corrosion 0
116 297 135 297 135 323 116 323 moderate-corrosion 0
151 269 180 269 180 291 151 291 moderate-corrosion 0
359 266 371 266 371 282 359 282 moderate-corrosion 0
292 317 305 317 305 332 292 332 moderate-corrosion 0
61 0 93 0 93 56 61 56 moderate-corrosion 0
0 265 16 265 16 295 0 295 mild-corrosion 0
98 202 114 202 114 218 98 218 mild-corrosion 0
200 69 216 69 216 80 200 80 mild-corrosion 0
256 59 274 59 274 80 256 80 mild-corrosion 0
257 257 273 257 273 267 257 267 mild-corrosion 0
364 102 371 102 371 112 364 112 mild-corrosion 0
360 214 371 214 371 227 360 227 mild-corrosion 0
83 116 93 116 93 127 83 127 mild-corrosion 0
148 298 168 298 168 310 148 310 mild-corrosion 0
247 303 261 303 261 315 247 315 mild-corrosion 0
158 83 170 83 170 107 158 107 mild-corrosion 0
143 130 157 130 157 138 143 138 mild-corrosion 0
218 241 230 241 230 248 218 248 mild-corrosion 0
32 215 47 215 47 223 32 223 mild-corrosion 0
323 314 334 314 334 326 323 326 mild-corrosion 0
83 200 95 200 95 208 83 208 mild-corrosion 0
436.4299999999639 2.1309716365805563e-12 610.6055742531316 -10.662680341469393 631.5830000000278 331.9999999999991 457.40745138784405 342.6624542369671 severe-corrosion 0
150.61034900041705 557.3726798922874 191.73038562257716 518.9095674102641 226.28192651623976 555.839804062738 185.16228490349022 594.3025120709037 severe-corrosion 0
307.30100000000675 522.2110000000124 279.3331314968236 484.7612041375485 331.019768857077 446.16787378192413 358.98747576713504 483.61724539477757 severe-corrosion 0
513.4484760992927 546.090598429594 559.4585936614021 535.937909703885 581.9709595306631 637.9346518909125 535.960917120974 648.0871077704672 severe-corrosion 0
476.0026291770919 399.09324164299244 504.7984606823593 394.27570031632047 517.977876300356 473.04234763890406 489.18206030415604 477.8598268853358 severe-corrosion 0
608 335 631 335 631 369 608 369 mild-corrosion 0
403 543 417 543 417 565 403 565 mild-corrosion 0
508 597 514 597 514 607 508 607 mild-corrosion 0
416 364 434 364 434 378 416 378 mild-corrosion 0
416 474 424 474 424 488 416 488 mild-corrosion 0
379 488 386 488 386 502 379 502 mild-corrosion 0