639.9686896750063 87.28362660231315 640.2055507636396 109.77680386402864 526.7696502381295 110.97108401237973 526.5328849861544 88.47801011936838 moderate-corrosion 0
345 141.25 479.821 141.25 479.821 332 345 332 severe-corrosion 0
471.0000026497437 79 453.4889968638163 79 453.48900340766704 65.266 470.9999963198061 65.266 mild-corrosion 0
129 532 207 532 207 640 129 640 moderate-corrosion 0
253 457 269 457 269 495 253 495 mild-corrosion 0
301 347 314 347 314 378 301 378 mild-corrosion 0
0 438 35 438 35 490 0 490 moderate-corrosion 0
0 377 8 377 8 418 0 418 moderate-corrosion 0
69 332 91 332 91 358 69 358 moderate-corrosion 0
141 332 169 332 169 352 141 352 moderate-corrosion 0
290 390 315 390 315 418 290 418 moderate-corrosion 0
233 339 246 339 246 364 233 364 mild-corrosion 0
73 430 98 430 98 484 73 484 moderate-corrosion 0
103 369 144 369 144 429 103 429 moderate-corrosion 0
28 570 125 570 125 640 28 640 moderate-corrosion 0
67 500 115 500 115 574 67 574 moderate-corrosion 0
110 439 179 439 179 524 110 524 moderate-corrosion 0
257 580 275 580 275 616 257 616 moderate-corrosion 0
199 476 229 476 229 520 199 520 mild-corrosion 0
0 502 6 502 6 535 0 535 mild-corrosion 0
640.0024264306558 640.0000000000002 387.58387493951886 640.0000000000001 387.5919096513826 500.45699999999977 639.9949369444948 500.457 moderate-corrosion 0
526.2560238046717 371.9553483930276 525.7343026071612 392.6299740370354 500.76999999997497 392.00000000002603 501.29179259012744 371.32544799035117 mild-corrosion 0
570.0000516058208 390 544.4889985988993 390 544.4890807137563 367.437 569.999971153884 367.437 mild-corrosion 0
466.686062710869 413.8229377784206 460.76505431890837 419.6977426461805 443.0790144059574 401.87478251418145 449.00000000001455 395.9999999999952 mild-corrosion 0