192 187 246 187 246 240 192 240 severe-corrosion 0
4 57 20 57 20 82 4 82 severe-corrosion 0
156 110 177 110 177 126 156 126 moderate-corrosion 0
181 0 206 0 206 25 181 25 moderate-corrosion 0
0 246 36 246 36 311 0 311 moderate-corrosion 0
6 102 23 102 23 128 6 128 mild-corrosion 0
120 177 134 177 134 199 120 199 mild-corrosion 0
7.583556498793769 410.3023278098485 -8.868679519800935 353.24029038104857 259.9251395022293 275.74438854268004 276.37857520945545 332.80436929546056 severe-corrosion 0
85 301 131 301 131 327 85 327 severe-corrosion 0
108 94 126 94 126 106 108 106 mild-corrosion 0
473.5419999999431 74.40000000000421 495.53974332433427 71.29014762355962 539.5886706286547 382.8626027304106 517.5909437276277 385.9723681421952 severe-corrosion 0
418.4969628883118 374.7074519837191 242.9600362492056 359.32082045624725 275.8128303432022 -15.386098482469066 451.3390000000072 6.043053894780682e-13 severe-corrosion 0
604.4720000000234 252.24199999998388 620.3557914045086 239.7006743934636 654.9399900277058 283.49988780168917 639.0562608814071 296.04114360220507 mild-corrosion 0
494 39 507 39 507 50 494 50 mild-corrosion 0
440 47 452 47 452 59 440 59 mild-corrosion 0
139.51175112000783 556.055174475718 71.45595919719199 630.8512755008899 -17.80398456074181 549.6514681640922 50.25037246916327 474.85720002913746 severe-corrosion 0
262 384 640 384 640 640 262 640 severe-corrosion 0