212.14721921431192 103.88942183877029 212.61071529384935 91.06124381758875 228.8498759027425 91.64797701334861 228.38638764420466 104.4761475041476 corroded-part 0
201.45571193104843 49.531348434231504 209.1289208184753 61.990248102918926 179.3197462731041 80.34910176232597 171.6465492703719 67.89021245110247 severe-corrosion 0
158.16661231154285 51.59299534705884 153.20448194310302 36.01611332522539 183.69147721437912 26.30426383659866 188.6536114680348 41.881138744480744 severe-corrosion 0
571 0 629 0 629 243 571 243 severe-corrosion 0
439 0 495 0 495 243 439 243 severe-corrosion 0
359 0 433 0 433 243 359 243 severe-corrosion 0
95 292 145 292 145 337 95 337 moderate-corrosion 0
219 300 247 300 247 328 219 328 moderate-corrosion 0
281 268 307 268 307 297 281 297 moderate-corrosion 0
222 374 268 374 268 398 222 398 moderate-corrosion 0
103 459 130 459 130 483 103 483 moderate-corrosion 0
98 530 145 530 145 552 98 552 moderate-corrosion 0
314 524 336 524 336 536 314 536 moderate-corrosion 0
120 629 140 629 140 640 120 640 mild-corrosion 0
223 607 247 607 247 625 223 625 moderate-corrosion 0
192 599 218 599 218 617 192 617 moderate-corrosion 0
264 572 282 572 282 582 264 582 mild-corrosion 0
182 573 197 573 197 590 182 590 mild-corrosion 0
0 344 29 344 29 367 0 367 mild-corrosion 0
16 628 58 628 58 640 16 640 mild-corrosion 0
2 570 27 570 27 604 2 604 moderate-corrosion 0
17 505 51 505 51 527 17 527 moderate-corrosion 0
256 347 308 347 308 371 256 371 moderate-corrosion 0
138 430 170 430 170 496 138 496 moderate-corrosion 0
176 341 192 341 192 364 176 364 mild-corrosion 0
165 301 181 301 181 315 165 315 mild-corrosion 0
80 418 102 418 102 434 80 434 mild-corrosion 0
276 509 292 509 292 520 276 520 mild-corrosion 0
331 499 345 499 345 520 331 520 mild-corrosion 0
159 556 169 556 169 567 159 567 mild-corrosion 0
28 492 40 492 40 501 28 501 mild-corrosion 0
139 368 149 368 149 376 139 376 mild-corrosion 0
206 414 216 414 216 422 206 422 mild-corrosion 0
234 523 246 523 246 547 234 547 mild-corrosion 0
219 570 233 570 233 578 219 578 mild-corrosion 0
345 486.1329999999999 449.039 486.1329999999999 449.039 640 345 640 severe-corrosion 0