27 182 48 182 48 201 27 201 mild-corrosion 0
139 185 158 185 158 201 139 201 mild-corrosion 0
60 131 77 131 77 147 60 147 mild-corrosion 0
78 65 90 65 90 82 78 82 mild-corrosion 0
93 91 125 91 125 129 93 129 mild-corrosion 0
98 151 114 151 114 169 98 169 mild-corrosion 0
260 236 275 236 275 248 260 248 mild-corrosion 0
54 196 74 196 74 226 54 226 mild-corrosion 0
156 117 183 117 183 147 156 147 mild-corrosion 0
144 146 160 146 160 163 144 163 mild-corrosion 0
0 101 21 101 21 124 0 124 mild-corrosion 0
320 0 615.541 0 615.541 416 320 416 severe-corrosion 0
223.59950513680815 639.9999989390778 223.60593978621182 415.99523959612 320.0021516637207 416.0000001095267 319.99999999774445 640.000290635324 corroded-part 0
111.86281912683626 416.6807836418785 193.22127463499783 414.5823090132101 199.02688803813362 639.6252219664232 117.66843581106514 641.7236036245248 corroded-part 0
101.59322862258705 549.1150205606405 51.81336068897508 551.6742757362581 48.637999999991735 489.91099999999875 98.41667997992772 487.3517754334863 mild-corrosion 0
0 590.809 37.883 590.809 37.883 640 0 640 mild-corrosion 0
320 416 543 416 543 427 320 427 severe-corrosion 0
320 504 640 504 640 640 320 640 severe-corrosion 0
320 432 492 432 492 502 320 502 mild-corrosion 0