0 0 358 0 358 157 0 157 severe-corrosion 0
63 162 97 162 97 207 63 207 moderate-corrosion 0
107 164 123 164 123 198 107 198 moderate-corrosion 0
167 260 177 260 177 287 167 287 mild-corrosion 0
304 217 311 217 311 233 304 233 mild-corrosion 0
345 188 358 188 358 206 345 206 moderate-corrosion 0
0 264 6 264 6 347 0 347 moderate-corrosion 0
35 176 54 176 54 213 35 213 moderate-corrosion 0
19 227 40 227 40 250 19 250 moderate-corrosion 0
136 283 153 283 153 308 136 308 moderate-corrosion 0
323 295 351 295 351 377 323 377 moderate-corrosion 0
639.9999999987631 -0.0011493849322007932 640.0005413035251 173.91401517072498 359.49793997635425 173.9129659084362 359.49899999999616 1.3199301928073595e-11 severe-corrosion 0
-0.008097572717815638 639.9999993679313 0 576.1510000000121 358.0029505072889 576.1833697998602 357.9999987749761 640.027304774932 severe-corrosion 0
409.49065814187634 495.0639470904219 555.7305264334718 427.6514272994211 644.2219264969026 619.5807654227347 497.9837763899559 686.9903999496602 severe-corrosion 0
426.16487984858395 526.1768381792011 391.92308493227756 539.0184278811888 344.9857571690518 413.88077554768137 379.2260856491339 401.039492729247 severe-corrosion 0