185 289 191 289 191 300 185 300 mild-corrosion 0
170 303 176 303 176 309 170 309 mild-corrosion 0
190 299 200 299 200 305 190 305 mild-corrosion 0
318 313 326 313 326 320 318 320 mild-corrosion 0
274 335 284 335 284 341 274 341 mild-corrosion 0
59.095999999990454 323.82699999997567 65.12406097848725 316.43446866627096 80.36599511113309 328.8621600391507 74.33795303928491 336.2546737719652 mild-corrosion 0
164 341 171 341 171 345 164 345 mild-corrosion 0
155 336 163 336 163 344 155 344 mild-corrosion 0
129 324 137 324 137 330 129 330 mild-corrosion 0
567.6557571958983 270.01379815082447 585.6926760621718 274.3255865600176 580.727915501775 295.09277877199156 562.6910000000498 290.7810000000058 mild-corrosion 0
359.07074062772153 363.97802227494833 359.0950000000157 640.0000000000127 15.658233014764846 640.0066740134212 15.651636845577741 364.0006903190117 severe-corrosion 0