184.00010121491505 217 -0.0014470339374383911 217 0.0002030930045293644 109.37699999999998 183.99909110863518 109.37699999999994 severe-corrosion 0
579.5339373854949 141.99998676690126 579.5340639224742 96.31293558099456 640.0000045592606 96.3130808897961 640.0000002025627 142.00001044233773 corroded-part 0
164 217 220 217 220 640 164 640 severe-corrosion 0
29 217 81 217 81 430 29 430 severe-corrosion 0
86 390 143 390 143 640 86 640 severe-corrosion 0
45 569 89 569 89 640 45 640 severe-corrosion 0
0 507 15 507 15 590 0 590 moderate-corrosion 0
0 420 11 420 11 467 0 467 mild-corrosion 0
0 318 8 318 8 364 0 364 moderate-corrosion 0
0 217 7 217 7 291 0 291 mild-corrosion 0
84 217 158 217 158 387 84 387 severe-corrosion 0
369.2809559966554 421.3987422236398 273.02173545307596 274.86374125218583 555.9357537855976 89.03194980556647 652.1927863884048 235.56032450821465 severe-corrosion 0