102.7007686188881 357.3759659415383 175.38413624490204 368.0746791796878 156.02763812734338 499.55879880334055 83.34431645445875 488.8603141028035 moderate-corrosion 0
327.1570000000065 87.63299999999829 297.96731243848626 63.40784340502271 334.4157766941498 19.49002844320656 363.6054249512381 43.71515856590698 severe-corrosion 0
492 175 542 175 542 240 492 240 severe-corrosion 0
440 77 481 77 481 118 440 118 mild-corrosion 0
548.3786133828835 348.75730136186314 611.39645738127 368.59777287264285 521.8041449560405 653.1146484738427 458.7868034381245 633.275278801481 severe-corrosion 0
557 320 583 320 583 347 557 347 mild-corrosion 0
309 623 335 623 335 640 309 640 mild-corrosion 0
440 474 458 474 458 500 440 500 mild-corrosion 0
501 325 548 325 548 359 501 359 mild-corrosion 0
455 275 472 275 472 314 455 314 mild-corrosion 0
543 242 566 242 566 292 543 292 mild-corrosion 0
266.98025659119594 300.1671063463378 370.01734306293656 297.71428786992567 377.5688466605061 614.8914798250402 274.5317681026063 617.3441634518416 moderate-corrosion 0