42.18793888132495 51.39099815799726 357.1897735413222 60.88456760856416 351.5356514845189 248.49004387226427 36.53381582873408 238.9965722031414 severe-corrosion 0
384 136 412 136 412 164 384 164 mild-corrosion 0
497 165 517 165 517 201 497 201 mild-corrosion 0
578 65 600 65 600 114 578 114 mild-corrosion 0
603 69 619 69 619 93 603 93 mild-corrosion 0
632 106 640 106 640 140 632 140 mild-corrosion 0
273.29049587599 260.2215364464404 405.5393331526284 311.7100393387149 263.76903574921016 675.789453526244 131.52176000148756 624.3044987693011 moderate-corrosion 0
17.12099999997008 281.0000000000015 168.55532009249146 265.5249901206068 206.14365003792045 633.3068178245223 54.709488501102896 648.7808479371012 moderate-corrosion 0
0 436 23 436 23 574 0 574 mild-corrosion 0
640.0054749006085 640 369.28712726570666 640 369.30700292294205 281.0000000000001 639.9887199452496 280.9999999999999 severe-corrosion 0
352 317.905 428.645 317.905 428.645 451.001 352 451.001 moderate-corrosion 0