0 282 33 282 33 300 0 300 mild-corrosion 0
0 190 58 190 58 223 0 223 moderate-corrosion 0
0 157 67 157 67 182 0 182 mild-corrosion 0
76.51161157431488 148.10239016849545 42.09365050206543 140.0476235784038 76.24932657003228 -5.897685170954724 110.6670124775701 2.157046866098831 severe-corrosion 0
216.99504112366412 312.9993053738767 216.9999999999709 124.83199999999661 430.24940211915236 124.83808792721223 430.2478731197334 313.00168559700154 moderate-corrosion 0
520 258 535 258 535 280 520 280 mild-corrosion 0
547 274 568 274 568 299 547 299 mild-corrosion 0
576 282 588 282 588 296 576 296 mild-corrosion 0
214.85865799280873 444.15251482102883 211.74949647844187 460.62073000406394 69.10753881151322 433.6918402772334 72.21700000001874 417.2240000000128 moderate-corrosion 0
482.9996833506448 346.4107634227559 605.2566338866018 353.43734396696226 595.8411321523454 517.2391062449516 473.58419879179564 510.2127085321669 severe-corrosion 0
622 342 640 342 640 375 622 375 moderate-corrosion 0
452 617 477 617 477 640 452 640 moderate-corrosion 0
249 613 261 613 261 629 249 629 mild-corrosion 0
532 577 544 577 544 597 532 597 mild-corrosion 0
521 534 539 534 539 552 521 552 mild-corrosion 0