504 0 539 0 539 52 504 52 moderate-corrosion 0
425 31 443 31 443 70 425 70 moderate-corrosion 0
483 0 500 0 500 14 483 14 mild-corrosion 0
349 118 363 118 363 140 349 140 mild-corrosion 0
357 38 372 38 372 60 357 60 mild-corrosion 0
538 204 548 204 548 220 538 220 mild-corrosion 0
344 163 356 163 356 189 344 189 mild-corrosion 0
427 205 449 205 449 230 427 230 moderate-corrosion 0
499 189 527 189 527 230 499 230 moderate-corrosion 0
516 128 541 128 541 162 516 162 moderate-corrosion 0
463 84 495 84 495 125 463 125 moderate-corrosion 0
14.36949779104907 457.89443912942556 91.28983695023635 390.71204087085994 255.3683600149816 578.5405281126787 178.45121560669213 645.7196038354657 corroded-part 0
185 230 640 230 640 640 185 640 severe-corrosion 0