311.03637809348584 21.424876198828343 339.8322121235833 26.24285127787712 326.9195110206783 103.418650538892 298.1236794868164 98.60068422366732 severe-corrosion 0
168.00236820410646 81.98337674433796 165.96474431797105 103.16949312883318 -2.037723167304648 87.01101103036973 0 65.82499999997503 severe-corrosion 0
0 317.8510000000193 -1.764254113586503 6.10224449614143 440.42037253748276 3.598029083155657 442.19261565936904 315.3388502468582 severe-corrosion 0
430 129 441 129 441 162 430 162 mild-corrosion 0
254 280 268 280 268 297 254 297 mild-corrosion 0
238 120 256 120 256 134 238 134 mild-corrosion 0
238 9 246 9 246 24 238 24 mild-corrosion 0
200 0 207 0 207 10 200 10 mild-corrosion 0
441 251 446 251 446 261 441 261 mild-corrosion 0
604 280 622 280 622 291 604 291 mild-corrosion 0
441 21 455 21 455 39 441 39 mild-corrosion 0
0 345 441 345 441 640 0 640 severe-corrosion 0
441 345 640 345 640 640 441 640 severe-corrosion 0