509 144 536 144 536 174 509 174 moderate-corrosion 0
447 147 479 147 479 208 447 208 moderate-corrosion 0
517 226 553 226 553 258 517 258 moderate-corrosion 0
492 265 517 265 517 300 492 300 moderate-corrosion 0
590.7209999999759 438.87400000000514 598.3123704075115 432.59534308616605 611.8747056456777 448.990855264137 604.2833554004756 455.269490123039 mild-corrosion 0
561.936441358921 450.7177917191754 533.610023430374 459.19595689531405 520.4519949624955 415.23909601600565 548.7780208323238 406.76099349281566 severe-corrosion 0
621.8756559392932 151.62460984917826 604.7541638179246 150.6815335479588 606.166408886711 125.04305234616376 623.2878558948869 125.98612740257808 moderate-corrosion 0
119.19233513399377 519.7969618570952 94.01616952243785 522.548339001212 89.91279686386406 485.00644228533463 115.08861148868164 482.25508445206594 severe-corrosion 0
87 535 99 535 99 547 87 547 mild-corrosion 0
99 321 111 321 111 333 99 333 mild-corrosion 0
62 408 70 408 70 416 62 416 mild-corrosion 0
121 411 131 411 131 424 121 424 mild-corrosion 0
87 372 102 372 102 385 87 385 mild-corrosion 0
97 430 104 430 104 439 97 439 mild-corrosion 0
76 390 90 390 90 413 76 413 mild-corrosion 0
153.00026037359203 632.0000106246614 125.127730285094 630.8626591968796 127.49903810377873 572.7755277656413 155.37085033909534 573.9128646264087 severe-corrosion 0
548 345 575 345 575 379 548 379 severe-corrosion 0
585.0755733954429 304.0296802365514 564.8261102513061 312.88827200115907 549.9769917313097 278.94733146288365 570.2263142672746 270.0887749197117 severe-corrosion 0
458.60480521099817 380.3448028928852 494.6934387188958 373.4055630199609 513.8446641262271 472.99197905146445 477.7560630998778 479.93110724638996 severe-corrosion 0
571.1972907627933 415.83559675938454 558.491483295511 400.5904013650604 583.2782528710959 379.9348439322143 595.9840161607281 395.1799659541157 severe-corrosion 0
538.1846543358552 430.47683377659274 566.4925202777522 426.9389751679123 578.4461562152865 522.5695064472392 550.1383017939952 526.1073043144077 severe-corrosion 0
524.9999162755557 581.0000056533403 525.0000488479418 553.9999573445668 548.0000012402161 554.0000805834244 547.9999997723644 580.9999977845195 severe-corrosion 0
506.5820086243184 376.4016373281425 504.0982286039798 349.0819401842351 524.1145743946981 347.2623381853846 526.5984207971633 374.5819609894062 severe-corrosion 0