234 11 268 11 268 36 234 36 mild-corrosion 0
0 180 27 180 27 213 0 213 moderate-corrosion 0
119 59 153 59 153 95 119 95 moderate-corrosion 0
30 250 70 250 70 256 30 256 moderate-corrosion 0
209 170 231 170 231 194 209 194 mild-corrosion 0
86 173 112 173 112 188 86 188 mild-corrosion 0
512 60 559 60 559 113 512 113 mild-corrosion 0
555 116 577 116 577 150 555 150 mild-corrosion 0
624 221 640 221 640 256 624 256 mild-corrosion 0
435 55 451 55 451 83 435 83 mild-corrosion 0
0 256 313 256 313 640 0 640 severe-corrosion 0
313 256 627.555 256 627.555 640 313 640 severe-corrosion 0