596 32 640 32 640 198 596 198 severe-corrosion 0
381 5 435 5 435 97 381 97 severe-corrosion 0
299 0 339 0 339 32 299 32 severe-corrosion 0
381 0 432 0 432 8 381 8 mild-corrosion 0
85.9406185534317 198.00856958816996 183.68476315365115 195.82372924131036 193.44042432720016 632.2198862165994 95.69628314842703 634.4045771088843 corroded-part 0
621.1611443533184 266.9849489417744 609.2878104569536 271.18458240905716 591.003773775592 219.49361257601157 602.8770000000077 215.2939999999989 severe-corrosion 0
462.7219999798399 640.0005861331 462.7294895563682 402.9338361991337 639.9999968928023 402.939423996321 640.0005406350829 639.9984217198719 severe-corrosion 0
302 198 344 198 344 253 302 253 moderate-corrosion 0
583.9295264254906 323.0794232078005 605.7154827259365 316.7735757813745 625.5128917586262 385.1652233750958 603.7269602194283 391.471011514212 severe-corrosion 0
205.35188808149542 338.5764271530302 241.29383634557598 328.2050939617761 330.69348704681033 637.9739929272912 294.7517976212839 648.3447286787964 severe-corrosion 0
541 248 575 248 575 366 541 366 mild-corrosion 0
463 198 513 198 513 225 463 225 moderate-corrosion 0
409 248 431 248 431 278 409 278 moderate-corrosion 0
498.27914211782627 261.32320934768745 655.7438382552209 497.51136279566566 394.3510398071521 671.7359223939088 236.9002585780254 435.5601724771519 moderate-corrosion 0