0 0 263.966 0 263.966 192 0 192 severe-corrosion 0
268 117.811 277.493 117.811 277.493 150.021 268 150.021 moderate-corrosion 0
246 192 266 192 266 217 246 217 moderate-corrosion 0
180 192 211 192 211 200 180 200 moderate-corrosion 0
286.8755925584992 427.93195927593473 268.0000000000291 586.5230000000066 44.85984260987607 559.9614181994983 63.74103346344782 401.3766948097861 moderate-corrosion 0
173.22570145974169 191.9990567395589 173.227134630215 328.21905550575923 75.4590908636601 328.21890983519427 75.4589350970491 192.00015477354228 severe-corrosion 0
104.12558894357062 303.2628114331436 88.59674522289424 363.4150429339686 -12.089594002027297 337.42290684712384 3.439737217267975 277.27139409468924 severe-corrosion 0
272.3275143041974 618.0014919290595 261.1872887496429 674.6314934251636 -11.142950070352526 621.0634368820457 0 564.4369999999843 severe-corrosion 0
326 239 383 239 383 285 326 285 mild-corrosion 0
490 562 514 562 514 580 490 580 mild-corrosion 0
413.5984445767099 471.55123854288024 419.8154506035644 423.52075834403036 540.0546502864745 439.081348311811 533.8387321287883 487.11084414341383 severe-corrosion 0
267.6187491742894 524.6481207253823 268.1449131226691 473.0602066726 441.58674511825666 474.8265702158881 441.0622628228157 526.4128418335431 severe-corrosion 0
599.16 593.51 640 593.51 640 640 599.16 640 severe-corrosion 0