0 89 13 89 13 125 0 125 moderate-corrosion 0
147 274 191 274 191 288 147 288 moderate-corrosion 0
231 256 272 256 272 286 231 286 moderate-corrosion 0
166 225 207 225 207 253 166 253 moderate-corrosion 0
99 207 117 207 117 221 99 221 moderate-corrosion 0
267 148 315 148 315 187 267 187 moderate-corrosion 0
148 120 185 120 185 169 148 169 moderate-corrosion 0
346 261 360 261 360 277 346 277 mild-corrosion 0
14 23 39 23 39 40 14 40 mild-corrosion 0
644.0769119963079 287.063064148153 469.70229760860093 293.27611169999494 459.2586142977234 0.09853346331577466 633.6280843873828 -6.114426087472973 severe-corrosion 0
168 342 374 342 374 402 168 402 severe-corrosion 0
322 288 403 288 403 356 322 356 severe-corrosion 0
568 511 617 511 617 547 568 547 mild-corrosion 0