140.2850000000035 180.20200000000048 188.67111055427813 165.60515268280082 254.59588096542575 384.1232027404828 206.20991986193985 398.7196866339846 severe-corrosion 0
371 0 602 0 602 358 371 358 severe-corrosion 0
0 535 39 535 39 606 0 606 severe-corrosion 0
165 578 184 578 184 626 165 626 moderate-corrosion 0
153 448 173 448 173 481 153 481 moderate-corrosion 0
133 525 157 525 157 553 133 553 moderate-corrosion 0
349 448 366 448 366 469 349 469 moderate-corrosion 0
92.84851364172937 535.7530023481667 69.44596805318724 537.2375246264376 66.23829285068496 486.67701127224336 89.64038593927398 485.1925034537801 mild-corrosion 0
277 539 293 539 293 559 277 559 mild-corrosion 0
306 533 324 533 324 555 306 555 mild-corrosion 0
111 452 131 452 131 475 111 475 mild-corrosion 0
214 571 222 571 222 587 214 587 mild-corrosion 0
251 587 266 587 266 608 251 608 mild-corrosion 0
272 600 294 600 294 626 272 626 mild-corrosion 0
371 450.418 640 450.418 640 640 371 640 severe-corrosion 0
445 456 475 456 475 474 445 474 moderate-corrosion 0