138.02937233987905 94.13608527074315 148.83555413907743 109.8846112345316 7.142608706781175 207.1080408578892 -3.663409879882238 191.35966306538756 severe-corrosion 0
176.16142270293494 83.25004690271118 165.6352447244717 73.0566902431536 209.91149320820114 27.334909823454076 220.43765532012912 37.52825208792131 severe-corrosion 0
79 12 96 12 96 28 79 28 mild-corrosion 0
99 8 110 8 110 20 99 20 mild-corrosion 0
0 107 6 107 6 126 0 126 mild-corrosion 0
18 112 28 112 28 123 18 123 mild-corrosion 0
34 114 54 114 54 138 34 138 mild-corrosion 0
97 76 117 76 117 98 97 98 mild-corrosion 0
54 102 75 102 75 112 54 112 mild-corrosion 0
6 210 20 210 20 229 6 229 mild-corrosion 0
27 235 35 235 35 248 27 248 mild-corrosion 0
274 0 529 0 529 89 274 89 moderate-corrosion 0
231 199 253 199 253 229 231 229 mild-corrosion 0
-9.391645528521622 498.2460158083019 0.7200841057056095 383.33022235587043 220.7868353743106 402.68905240872306 210.67969159608765 517.6006730721606 corroded-part 0
211 309 390 309 390 529 211 529 mild-corrosion 0