0 104.596 320 104.596 320 230 0 230 severe-corrosion 0
148 0 187 0 187 66 148 66 moderate-corrosion 0
217 0 298 0 298 84 217 84 moderate-corrosion 0
202 30 214 30 214 64 202 64 mild-corrosion 0
195 94 277 94 277 204 195 204 severe-corrosion 0
71 166 87 166 87 198 71 198 mild-corrosion 0
38 112 50 112 50 129 38 129 mild-corrosion 0
0 76 9 76 9 104 0 104 mild-corrosion 0
102 194 109 194 109 206 102 206 mild-corrosion 0
109 112 128 112 128 156 109 156 mild-corrosion 0
0 135 56 135 56 155 0 155 mild-corrosion 0
46 165 66 165 66 179 46 179 mild-corrosion 0
0 528.23 26.703000000000003 528.23 26.703000000000003 588.349 0 588.349 severe-corrosion 0
320.00267007817456 513.013 234.39879177829425 513.013 234.40145433167345 332.17500000000007 320 332.17500000000007 severe-corrosion 0
141.24478153622476 397.2872986869442 59.11997113536927 393.32283067207584 67.19841130121495 226.03561059106724 149.32000000000698 230.00000000000153 severe-corrosion 0
174 509 246 509 246 547 174 547 severe-corrosion 0
320 252 417 252 417 614 320 614 severe-corrosion 0
570 445 588 445 588 471 570 471 mild-corrosion 0
559 487 588 487 588 519 559 519 mild-corrosion 0
578 516 595 516 595 554 578 554 mild-corrosion 0
450 553 473 553 473 575 450 575 mild-corrosion 0
539 607 557 607 557 627 539 627 mild-corrosion 0