90 407 116 407 116 422 90 422 moderate-corrosion 0
67 191 93 191 93 215 67 215 moderate-corrosion 0
83 150 98 150 98 162 83 162 moderate-corrosion 0
97 243 120 243 120 267 97 267 moderate-corrosion 0
19 229 41 229 41 241 19 241 moderate-corrosion 0
77 224 100 224 100 242 77 242 moderate-corrosion 0
33 339 83 339 83 371 33 371 mild-corrosion 0
120 119 154 119 154 129 120 129 mild-corrosion 0
52 16 84 16 84 27 52 27 mild-corrosion 0
190 210 214 210 214 224 190 224 moderate-corrosion 0
180 199 195 199 195 211 180 211 mild-corrosion 0
140 411 155 411 155 422 140 422 moderate-corrosion 0
0 51 13 51 13 75 0 75 moderate-corrosion 0
37 204 55 204 55 225 37 225 mild-corrosion 0
38 402 54 402 54 412 38 412 mild-corrosion 0
146 248 166 248 166 258 146 258 mild-corrosion 0
142 360 156 360 156 373 142 373 mild-corrosion 0
168 0 176 0 176 13 168 13 mild-corrosion 0
127 0 136 0 136 6 127 6 mild-corrosion 0
205 384 217 384 217 392 205 392 mild-corrosion 0
171 397 182 397 182 408 171 408 mild-corrosion 0
198 264 206 264 206 269 198 269 mild-corrosion 0
227 225 235 225 235 233 227 233 mild-corrosion 0
0 385 10 385 10 392 0 392 mild-corrosion 0
250.8310888518463 287.94363589050676 265.91745592915686 229.4437419047381 388.0182231315848 260.9299029225907 372.9327298429416 319.4290476210714 severe-corrosion 0
505.35804350540275 127.2677805458786 501.2124705364113 148.1792368641738 437.6753769227071 135.58339377749402 441.8209999999817 114.6720000000203 severe-corrosion 0
640.000133618596 383.51499999999993 603.6919433771982 383.51499999999993 603.6923190899688 330.39200000000005 640 330.39200000000005 severe-corrosion 0
639.7654940109351 134.5438450104174 669.0731885084097 273.6596119731858 515.7558159777545 305.9560086731451 486.4502121764235 166.84210422794808 severe-corrosion 0
0 422 243 422 243 640 0 640 severe-corrosion 0
84.02999999998428 639.9999999999654 84.03007117078232 626.6919955220666 100.73801873906632 626.6920970669122 100.73799999991024 640.0000488590413 mild-corrosion 0
243 422 574 422 574 571 243 571 severe-corrosion 0