331.99991505673097 118.99989709277703 332.0002095187374 204.00017272294997 180.38483739073854 203.99975777740153 180.385307494289 119.00030189500798 mild-corrosion 0
639.9999999990541 -0.000618934133280936 640.0010546074191 204.00034618971148 394.2272335504822 203.99954694314357 394.2280000000028 -3.5781240166464565e-12 severe-corrosion 0
0 212 332 212 332 309 0 309 severe-corrosion 0
0 369 332 369 332 463 0 463 severe-corrosion 0
0 508 332 508 332 640 0 640 severe-corrosion 0
106 315 188 315 188 344 106 344 moderate-corrosion 0
453 204 640 204 640 640 453 640 severe-corrosion 0
346 588 365 588 365 617 346 617 mild-corrosion 0
409 508 422 508 422 542 409 542 mild-corrosion 0
338 626 352 626 352 640 338 640 mild-corrosion 0
406 617 418 617 418 635 406 635 mild-corrosion 0
434 616 442 616 442 633 434 633 mild-corrosion 0