-0.0043075420398963615 392.99838249031575 0.0028224713605595753 182.41327662263305 307.00010864122305 182.42284576794876 307.0000000022992 393.0006344648841 severe-corrosion 0
0 0 307 0 307 133.188 0 133.188 severe-corrosion 0
55 93 103 93 103 176 55 176 moderate-corrosion 0
218 140 229 140 229 168 218 168 moderate-corrosion 0
195 188 225 188 225 206 195 206 moderate-corrosion 0
131 114 147 114 147 144 131 144 moderate-corrosion 0
108 148 133 148 133 179 108 179 moderate-corrosion 0
14 167 51 167 51 187 14 187 moderate-corrosion 0
303 166 307 166 307 175 303 175 mild-corrosion 0
306.9999999999709 399.03999999999826 300.2004121525533 307.2692558527112 562.9838482939522 287.7969896838939 569.7862598059146 379.5647512458428 severe-corrosion 0
0 533 307 533 307 595 0 595 mild-corrosion 0
240 449 266 449 266 463 240 463 mild-corrosion 0
504.38710006877955 546.6188916030216 534.7301259537198 546.9329581054128 533.7634007880843 640.3080607378375 503.4203749956214 639.994000694988 corroded-part 0