161.41542987497814 20.689788093814805 255.481798599576 67.2832012619604 205.02196400251705 169.15462870739572 110.95573092097766 122.5614056273986 moderate-corrosion 0
79.93799999996554 1.5984275121030087e-11 94.55383837019326 -11.102189334331833 110.59285252078553 10.012892797365602 95.9770145159564 21.11508153842417 moderate-corrosion 0
66.1044538472197 169.93158414773882 66.59925223430037 144.75657968500508 236.48924336848722 148.09480391249008 235.99470476903662 173.26955935295982 moderate-corrosion 0
402.3410000000149 211.00000000000148 402.34136484556075 168.71862985321428 480.9711104095186 168.71926247819118 480.9709829802159 211.00038768883732 severe-corrosion 0
544 0 557 0 557 12 544 12 mild-corrosion 0
610 0 624 0 624 3 610 3 mild-corrosion 0
366 100 381 100 381 118 366 118 mild-corrosion 0
478 163 508 163 508 207 478 207 mild-corrosion 0
236 127 253 127 253 151 236 151 moderate-corrosion 0
403 0 411 0 411 7 403 7 mild-corrosion 0
0 211 236 211 236 609 0 609 severe-corrosion 0
235.99999999998545 358.6850000000001 215.78834435720637 349.5769988539307 259.7757937501592 251.97189900586034 279.9870421121159 261.0797953522745 moderate-corrosion 0