-0.005302038698573597 351.9996897601112 0 127.52700000000176 287.9999996013066 127.5338499994073 288.0007998417568 352.00005554656656 severe-corrosion 0
201 148 214 148 214 164 201 164 mild-corrosion 0
184 311 202 311 202 325 184 325 mild-corrosion 0
554 343 564 343 564 352 554 352 moderate-corrosion 0
517 25 529 25 529 50 517 50 mild-corrosion 0
596 41 612 41 612 59 596 59 mild-corrosion 0
440 262 461 262 461 272 440 272 mild-corrosion 0
372 209 440 209 440 239 372 239 mild-corrosion 0
300 58 328 58 328 83 300 83 mild-corrosion 0
298 0 323 0 323 19 298 19 mild-corrosion 0
366 91 388 91 388 127 366 127 mild-corrosion 0
292 304 300 304 300 317 292 317 mild-corrosion 0
625 229 632 229 632 252 625 252 mild-corrosion 0
0 352 53 352 53 640 0 640 severe-corrosion 0
75 352 213 352 213 640 75 640 severe-corrosion 0
318 449 438 449 438 487 318 487 moderate-corrosion 0
417 513 491 513 491 573 417 573 moderate-corrosion 0
326 588 372 588 372 616 326 616 moderate-corrosion 0
288 352 325 352 325 374 288 374 moderate-corrosion 0
443.7767402955069 340.1749788012168 453.1801341924438 353.32289119236907 302.7421187982691 460.9018589445919 293.3391225164087 447.75430682723817 moderate-corrosion 0
558 526 608 526 608 555 558 555 mild-corrosion 0
408 590 460 590 460 619 408 619 mild-corrosion 0
343 627 368 627 368 640 343 640 mild-corrosion 0