0 7 160 7 160 44 0 44 mild-corrosion 0
0 176 141 176 141 240 0 240 mild-corrosion 0
545 110 598 110 598 150 545 150 mild-corrosion 0
434 0 455 0 455 8 434 8 mild-corrosion 0
539 293 575 293 575 333 539 333 mild-corrosion 0
511.10543164286355 38.88687814188313 500.312137333749 29.094258180186507 535.5937155353604 -9.792611447277036 546.3870057888562 0.000005252159006720733 mild-corrosion 0
1.5245011648221407 610.2776344066817 -13.612069367227377 522.0924866911837 363.7241428186826 457.3285031981942 378.865966151061 545.5067344332748 severe-corrosion 0
0 375.812 28.291 375.812 28.291 413.46400000000006 0 413.46400000000006 mild-corrosion 0
94.6440383085428 466.30800603487944 75.34346228014329 463.2675149027779 78.2533914243686 444.79902759664384 97.5538479131501 447.8395091595548 mild-corrosion 0
21.280429146063398 473.7903514303256 20.010925490787486 493.6894645870404 5.695566292051808 492.7762980492197 6.965117612417089 472.8772359661501 mild-corrosion 0
365.31791509798495 623.3975915328598 362.4050617967441 569.1580647721933 638.374080029098 554.3366284189855 641.2900174447714 608.5727388994882 severe-corrosion 0