269.99998974490154 174.38139963841445 270.09219666004356 188.7706047824707 116.4890565094538 189.7540532610481 116.3969999999972 175.36500000002474 severe-corrosion 0
303 170.652 358 170.652 358 313 303 313 severe-corrosion 0
530 281 636 281 636 313 530 313 moderate-corrosion 0
465 229 539 229 539 265 465 265 moderate-corrosion 0
358 85 373 85 373 116 358 116 moderate-corrosion 0
428 14 476 14 476 70 428 70 moderate-corrosion 0
608 15 640 15 640 53 608 53 moderate-corrosion 0
615 153 640 153 640 182 615 182 moderate-corrosion 0
469 83 565 83 565 139 469 139 moderate-corrosion 0
633 193 640 193 640 213 633 213 mild-corrosion 0
7.446999999956461 313.0000000000022 64.66806788244867 305.4171450687937 104.07748756173532 602.7628684445207 46.8564899834746 610.3453242779766 severe-corrosion 0
356.9016386623116 354.5047249165566 361.78715294619906 577.5700562735216 82.18321964086499 583.6794684333613 77.30861463816836 360.62432969765575 severe-corrosion 0
363.70999999999185 313.000000000006 386.21642017205886 307.88095351662497 409.34618884501106 409.5640170293541 386.83979162778996 414.6829910574537 severe-corrosion 0
358 333.733 640 333.733 640 617.099 358 617.099 severe-corrosion 0
639.9999750626739 331.67683819614973 643.3491492897156 353.40761357722585 611.8570746620389 358.26068593140735 608.5080000000016 336.5299999999681 mild-corrosion 0