0 327 38 327 38 464 0 464 severe-corrosion 0
0 0 113 0 113 45 0 45 severe-corrosion 0
324 0 381 0 381 56 324 56 severe-corrosion 0
0 520 47 520 47 640 0 640 severe-corrosion 0
252 0 389 0 389 88 252 88 severe-corrosion 0
417 158 472 158 472 241 417 241 severe-corrosion 0
518.070000000007 640.0000000000068 518.0700014202739 639.1729983754827 523.1810004146973 639.1730052614672 523.1810000000405 640.0000058800953 moderate-corrosion 0
316.54532987988205 537.0091483382944 353.5207364499365 535.8515979860028 355.314938902884 593.1502299524636 318.33953300723806 594.3077663764717 severe-corrosion 0
206.37919058259286 627.454090389165 152.32526141386188 601.8173475751844 174.62111583343358 554.8215488707197 228.6739999999554 580.4579999999884 mild-corrosion 0
388.4452076937305 633.6493465382097 382.3697519547568 515.6767667600307 556.291576311196 506.72170503004816 562.3711541619559 624.6898238117999 severe-corrosion 0
616.6770625361823 38.351337048382014 621.2252073384298 90.45977956461597 563.2790619196749 95.51736069962217 558.7309999999707 43.409000000033664 mild-corrosion 0
153.14011837101134 469.2475899211803 227.53242394937843 524.5971153709871 149.51883965040906 629.4263895901634 75.1278039549652 574.0783365680883 severe-corrosion 0
495.89062034341623 319.20809053242465 543.8210545157926 315.61364295975324 548.6538270376332 380.05105896667465 500.72339612997894 383.64547636439994 severe-corrosion 0
152.9846122318122 221.23558943748083 101.04739214941219 256.29232714585714 54.66395734874823 187.57617519442022 106.60070284597168 152.51965834231876 severe-corrosion 0
614.765219494293 318.940416206489 526.5291080599854 296.88247181214547 569.8830057943269 123.47115918750151 658.1167588668905 145.52880337789347 severe-corrosion 0