162.25251308613224 162.89347370047838 163.56994487949123 117.16913849669052 225.18528910579334 118.94437984129422 223.86800883163232 164.66856773214815 corroded-part 0
0 263.293 102.31899999999999 263.293 102.31899999999999 320 0 320 severe-corrosion 0
329 225 465 225 465 320 329 320 severe-corrosion 0
521 0 640 0 640 320 521 320 severe-corrosion 0
230 244 259 244 259 282 230 282 severe-corrosion 0
365 74 393 74 393 132 365 132 severe-corrosion 0
264 66 283 66 283 106 264 106 moderate-corrosion 0
413 0 468 0 468 305 413 305 severe-corrosion 0
109 320 186 320 186 640 109 640 severe-corrosion 0
42 320 91 320 91 365 42 365 severe-corrosion 0
0 413 83 413 83 640 0 640 severe-corrosion 0
562 320 620 320 620 640 562 640 severe-corrosion 0
430 320 486 320 486 640 430 640 severe-corrosion 0
295 320 347 320 347 553 295 553 severe-corrosion 0
352 513 409 513 409 640 352 640 severe-corrosion 0
247 543 278 543 278 591 247 591 mild-corrosion 0
241 442 275 442 275 488 241 488 moderate-corrosion 0
247 340 273 340 273 414 247 414 mild-corrosion 0
245 320 269 320 269 331 245 331 moderate-corrosion 0
350 320 424 320 424 510 350 510 severe-corrosion 0