141 323 275 323 275 377 141 377 moderate-corrosion 0
198 0 342 0 342 106 198 106 moderate-corrosion 0
347 264 364 264 364 292 347 292 mild-corrosion 0
304 331 327 331 327 366 304 366 mild-corrosion 0
0 321 14 321 14 342 0 342 mild-corrosion 0
215 135 227 135 227 151 215 151 mild-corrosion 0
131 90 143 90 143 115 131 115 mild-corrosion 0
40 104 56 104 56 135 40 135 mild-corrosion 0
94 339 111 339 111 361 94 361 mild-corrosion 0
257 214 274 214 274 236 257 236 mild-corrosion 0
384 90.066 640 90.066 640 159.157 384 159.157 moderate-corrosion 0
0 377 384 377 384 595.634 0 595.634 severe-corrosion 0
384 377 640 377 640 640 384 640 severe-corrosion 0