186 148 204 148 204 188 186 188 mild-corrosion 0
179 206 212 206 212 374 179 374 mild-corrosion 0
0 377 61 377 61 454 0 454 mild-corrosion 0
641.6186596200714 86.19845597274428 639.9777201024699 125.53409244814429 228.56793959683273 108.36817335081749 230.20943932824594 69.0331211163924 severe-corrosion 0
387 172.95600000000002 640 172.95600000000002 640 199 387 199 severe-corrosion 0
383.21799999997893 259.00000000002365 383.2185774453683 226.2614271750191 597.7559567390563 226.26366803118216 597.7560146502219 259.00158663578145 severe-corrosion 0
437.11552812732407 295.36988109739707 436.053484809745 272.9585196954477 577.3397272757575 266.26276709181343 578.4020849160152 288.67379134030244 severe-corrosion 0
432.37620450163377 330.88796151985366 431.31701123267703 310.53231165722946 560.3485872640886 303.81808379647975 561.4080736224423 324.17341446095986 severe-corrosion 0
329.5112347950635 403.7057292407656 328.40950007499487 390.1208678488895 453.8926959359378 379.94415719235747 454.9946584283316 393.5287720873882 severe-corrosion 0
293.1626640893228 386.04583611060275 291.67603914589563 367.82327525449057 376.1784477215406 360.92975418558854 377.66526752144273 379.15210059729566 severe-corrosion 0
240.03145435868646 465.027486730175 230 616.8790000000054 -9.720267872398836 601.0359784538709 0.3178700021817349 449.19138475249247 severe-corrosion 0
230 573.483 371.73299999999995 573.483 371.73299999999995 640 230 640 severe-corrosion 0
381 632 405 632 405 640 381 640 severe-corrosion 0