288.001580215132 296.745 141.2656471995433 296.7450000000001 141.26762853826222 126.36800000000001 287.9996958279662 126.36800000000001 severe-corrosion 0
521 386 547 386 547 410 521 410 moderate-corrosion 0
355 0 382 0 382 10 355 10 moderate-corrosion 0
358 57 404 57 404 81 358 81 moderate-corrosion 0
498 169 524 169 524 193 498 193 moderate-corrosion 0
514 128 529 128 529 140 514 140 moderate-corrosion 0
528 221 551 221 551 245 528 245 moderate-corrosion 0
450 207 472 207 472 219 450 219 moderate-corrosion 0
508 202 531 202 531 220 508 220 moderate-corrosion 0
464 317 514 317 514 349 464 349 mild-corrosion 0
551 97 585 97 585 107 551 107 mild-corrosion 0
482 0 515 0 515 5 482 5 mild-corrosion 0
321 366 379 366 379 384 321 384 mild-corrosion 0
288 398 309 398 309 420 288 420 mild-corrosion 0
359 290 383 290 383 308 359 308 moderate-corrosion 0
328 282 354 282 354 300 328 300 moderate-corrosion 0
400 255 418 255 418 265 400 265 mild-corrosion 0
318 256 333 256 333 273 318 273 mild-corrosion 0
328 420 347 420 347 441 328 441 moderate-corrosion 0
363 392 392 392 392 414 363 414 moderate-corrosion 0
621 188 640 188 640 202 621 202 moderate-corrosion 0
611 177 626 177 626 189 611 189 mild-corrosion 0
572 390 587 390 587 406 572 406 moderate-corrosion 0
583 416 602 416 602 432 583 432 moderate-corrosion 0
615 431 640 431 640 441 615 441 moderate-corrosion 0
392 30 444 30 444 54 392 54 moderate-corrosion 0
288 113 305 113 305 179 288 179 moderate-corrosion 0
310 325 326 325 326 341 310 341 mild-corrosion 0
312 24 328 24 328 47 312 47 mild-corrosion 0
412 192 428 192 428 203 412 203 mild-corrosion 0
468 182 486 182 486 203 468 203 mild-corrosion 0
469 380 485 380 485 390 469 390 mild-corrosion 0
577 226 597 226 597 236 577 236 mild-corrosion 0
573 338 587 338 587 351 573 351 mild-corrosion 0
295 239 305 239 305 250 295 250 mild-corrosion 0
636 361 640 361 640 369 636 369 mild-corrosion 0
602 375 613 375 613 386 602 386 mild-corrosion 0
360 421 380 421 380 433 360 433 mild-corrosion 0
459 426 473 426 473 438 459 438 mild-corrosion 0
629 242 637 242 637 247 629 247 mild-corrosion 0
342 97 352 97 352 105 342 105 mild-corrosion 0
370 206 382 206 382 230 370 230 mild-corrosion 0
355 253 369 253 369 261 355 261 mild-corrosion 0
430 364 442 364 442 371 430 371 mild-corrosion 0
534 437 545 437 545 441 534 441 mild-corrosion 0
295 323 307 323 307 331 295 331 mild-corrosion 0