226 181 243 181 243 201 226 201 moderate-corrosion 0
260 187 309 187 309 205 260 205 mild-corrosion 0
210 47 264 47 264 159 210 159 moderate-corrosion 0
275 94 335 94 335 128 275 128 moderate-corrosion 0
272 61 344 61 344 86 272 86 mild-corrosion 0
151 37 169 37 169 69 151 69 mild-corrosion 0
181 31 201 31 201 48 181 48 mild-corrosion 0
351.9999999999709 -0.000004845250195354503 352.00000646880653 50.00000000001645 322.820995181537 49.999993121340005 322.82100215685205 0.0000016819783737072178 severe-corrosion 0
574 0 622 0 622 33 574 33 severe-corrosion 0
352 128 640 128 640 155 352 155 severe-corrosion 0
457 0 485 0 485 97 457 97 severe-corrosion 0
352 0 431 0 431 96 352 96 mild-corrosion 0
406 205 429 205 429 227 406 227 mild-corrosion 0
255.62736451676756 603.7181494694848 298.98579387641803 591.8432543437216 312.0252051948046 639.4404164058808 268.6668288272631 651.3151764431311 severe-corrosion 0
217.00262496233336 455.0932074069402 245.7984885123733 450.27584167260954 258.9778891559399 529.0423973379819 230.18204309322755 533.8596929820478 severe-corrosion 0
0 243 352 243 352 548.894 0 548.894 severe-corrosion 0
174 257 187 257 187 273 174 273 mild-corrosion 0
144 599 158 599 158 621 144 621 mild-corrosion 0
157 420 175 420 175 434 157 434 mild-corrosion 0
157 530 165 530 165 544 157 544 mild-corrosion 0
120 544 127 544 127 558 120 558 mild-corrosion 0
352 243 640 243 640 640 352 640 severe-corrosion 0