43 1 80 1 80 29 43 29 moderate-corrosion 0
144 46 175 46 175 82 144 82 moderate-corrosion 0
39.551680231961654 207.00013057291739 39.55213322798954 56.44476517923465 134.99996761020157 56.44515893863928 135.0002151713852 206.99983584179833 severe-corrosion 0
-0.00018797443772200495 236.00007931413683 0 166.5530000000274 56.9999332993757 166.5532097829219 57.000046010216465 235.9999827523544 severe-corrosion 0
383 257 520 257 520 313 383 313 severe-corrosion 0
573 0 640 0 640 313 573 313 severe-corrosion 0
179 0 231 0 231 69 179 69 severe-corrosion 0
329 277 383 277 383 313 329 313 severe-corrosion 0
278 277 306 277 306 311 278 311 mild-corrosion 0
224 196 258 196 258 298 224 298 moderate-corrosion 0
316 99 339 99 339 132 316 132 mild-corrosion 0
425 121 445 121 445 155 425 155 mild-corrosion 0
460 0 497 0 497 256 460 256 moderate-corrosion 0
364 0 396 0 396 242 364 242 mild-corrosion 0
0 363.083 179 363.083 179 621 0 621 severe-corrosion 0
522.5176781083428 434.48036639446906 560.0139347869845 508.2862894573227 473.1136971727392 552.4254226793184 435.61899375410576 478.620830776111 severe-corrosion 0
179 456.806 199 456.806 199 533 179 533 severe-corrosion 0
313.7031222235237 652.1787417012887 304.52668111771345 622.8391987564306 405.2315382112283 591.3498756044789 414.4083801375382 620.6887224755762 severe-corrosion 0
462.19811347837094 564.4176718013337 484.5485747428029 557.4589803206634 492.7016589054256 583.6393709386577 470.35121570079355 590.5980216324831 moderate-corrosion 0
243.68033624858072 524.937838135872 233.00229785505508 525.91348313161 223.83834753840347 425.6326270099588 234.51600000000326 424.6569999999999 moderate-corrosion 0