354.13219619120355 -0.3746650711453703 380.85299999998824 0 376.3608036671212 320.3746579290462 349.6399999999994 320 severe-corrosion 0
89.00000002868182 10.999999999999995 6.882998022992979 10.999999999999972 6.882999999943422 -6.858071031905707e-14 88.99999797002238 -5.466578358765419e-14 corroded-part 0
403.0000000000291 243.62099999996897 400.08716383061255 185.0183467232529 639.9460309687856 173.09459005859352 642.8598945014528 231.69620786938967 moderate-corrosion 0
486.9149653240311 80.71892449664287 497.82268812909024 104.46935163178742 446.86874757338956 127.87041083904889 435.9610859899112 104.12003592320573 mild-corrosion 0
625.0769999999466 2.892515698123477e-11 625.0770039800409 25.570998369670637 538.0699951933639 25.570992435782763 538.0700001037621 0.000002092954966416462 mild-corrosion 0
403.0000000000291 11.221000000001958 402.8055468141247 8.316016273005694 436.71754681839957 6.046021063523526 436.91200028770254 8.951004304983227 mild-corrosion 0
437.245000000039 157.09300000001684 434.6497174282558 151.83594014748124 639.3320128046616 50.7889284072086 641.9273153384711 56.045959660497864 mild-corrosion 0
639.9999915227818 146.80479104239313 640.1374852842127 150.19390269020576 579.4184818315262 152.65709987261243 579.2810000000463 149.26800000000702 mild-corrosion 0
300 495 378 495 378 529 300 529 severe-corrosion 0
237 594 301 594 301 640 237 640 severe-corrosion 0
0 608 75 608 75 640 0 640 severe-corrosion 0
0 320 348 320 348 564 0 564 severe-corrosion 0
79.07412489832495 639.9996424644753 79.07873745745746 551.0737363511403 236.0014755933662 551.0812362182621 235.99998027770198 640.0039743613708 moderate-corrosion 0
403.00058607819665 472.615 368.3075153014215 472.615 368.3085262946406 321.794 402.99999999995634 321.794 severe-corrosion 0
309.8460737161804 355.6920362087009 277.1431676496286 339.6286463023132 294.6763651268702 303.93668968735165 327.37899999992806 319.99999999998715 moderate-corrosion 0
43.69227107534243 526.4616747756767 29.440692701173248 543.560037345382 -7.48248709118343 512.7902082312362 6.768999999985681 495.6920000000032 mild-corrosion 0
329.74030013851007 508.8863107718038 405.99600726214703 312.27507980497035 716.2400461085053 432.58602916256984 639.997612695588 629.1861557783974 severe-corrosion 0