289.2409999990923 371.0002182323399 289.24238023035286 -0.000297849347545724 311.81582156248624 0.00000910340234275195 311.8149999999878 370.9999999999986 severe-corrosion 0
0 94.10399999999998 326 94.10399999999998 326 371 0 371 severe-corrosion 0
574.3827820393926 342.0000572575131 574.3834981561668 222.30836243603602 628.0000314997596 222.30900000040495 628.0000019462022 341.9999782924283 corroded-part 0
327.8235327917355 229.51033517432577 324.9117168351222 2.127156832618758 637.6110628400784 -1.8778882863174593 640.52598456743 225.5022315976313 severe-corrosion 0
402.6025569591002 172.22968368500113 377.7787118886772 216.90247075341108 301.17615459341323 174.3365246082107 325.99999999998545 129.66399999999635 severe-corrosion 0
516 137 555 137 555 171 516 171 severe-corrosion 0
444 129 462 129 462 161 444 161 severe-corrosion 0
376 124 388 124 388 144 376 144 severe-corrosion 0
635 41 640 41 640 91 635 91 severe-corrosion 0
326 100 329 100 329 120 326 120 severe-corrosion 0
436 0 455 0 455 5 436 5 severe-corrosion 0
402 0 409 0 409 20 402 20 severe-corrosion 0
598 85 640 85 640 110 598 110 severe-corrosion 0
347 359 359 359 359 371 347 371 moderate-corrosion 0
568 361 588 361 588 371 568 371 moderate-corrosion 0
326 431.014 640 431.014 640 598 326 598 severe-corrosion 0
566.6919999999664 386.2309999999695 564.7969233172626 371.0713820629088 589.4128858659678 367.9944948190223 591.3080074901518 383.1540599158138 mild-corrosion 0