205.00021088744688 192.00000000000003 72.65393724606838 192.00000000000003 72.6545416724548 132.4470000000001 204.99986560476827 132.44700000000006 severe-corrosion 0
547 0 640 0 640 50 547 50 severe-corrosion 0
326 5 545 5 545 29 326 29 severe-corrosion 0
326 106 640 106 640 192 326 192 severe-corrosion 0
326 34 494 34 494 104 326 104 mild-corrosion 0
191.71811080341286 513.907875959605 199.03589575638762 572.3269944654946 0.25986065818869974 597.2151683728895 -7.055255761297303 538.7984673328145 severe-corrosion 0
381.8500326785579 239.3854520458038 370.7541402171046 244.07895135027536 355.2612125385349 207.45347329718868 366.35704063039157 202.75998949388622 severe-corrosion 0
566.6327468424424 639.9267670972575 554.9746462050825 641.276052867023 519.7072078147175 336.61620841993977 531.3639999999577 335.26700000000164 severe-corrosion 0
595.0178845036862 541.3378067102087 550.492012599716 537.0658262994606 565.3374269734195 382.37981041617616 609.860926563415 386.6516757606641 severe-corrosion 0
521.7750676667492 328.0001651800398 521.776000004611 191.999190465323 640 192.00000000001367 640.00062244726 327.99945040169865 severe-corrosion 0
327.3406749476999 290.4945594028309 340.411153085588 289.6730990157257 345.4044374688965 369.11655012706325 332.3339601189218 369.9380025064426 severe-corrosion 0
499.1395412132988 313.9886393630884 476.32699999994657 314.75600000000065 474.96066022584273 274.1363572590012 497.77299999994284 273.3690000000012 severe-corrosion 0
518.1970821450523 193.3533985433844 546.6582400685002 243.0116622774531 400.7953530702798 326.60599363820154 372.33510061574634 276.9485093984111 severe-corrosion 0
503.9007092985412 415.46387590665586 450.8603081671754 424.7433976075846 437.5847304022318 348.8674206387324 490.6239999999525 339.5880000000036 moderate-corrosion 0
454.88106375290954 313.37599262504716 441.05644624243723 314.9752270887643 437.2084838843148 281.71322854096115 451.0330000000249 280.11399999999867 moderate-corrosion 0
542.7070000000094 382.3540000000064 559.8925651444733 377.58400589941664 581.3382925472251 454.84013442309504 564.1527514747577 459.6100689793976 moderate-corrosion 0