444.5276939611358 636.9567290893418 392.51298352530284 645.2752862655279 371.5537814328127 514.2461778175874 423.565645174167 505.92785003733127 severe-corrosion 0
358.40618753019953 368.03577119622855 387.9577473174868 366.7188997736509 391.37775136114215 443.45741562447074 361.8261926044215 444.7742718698212 severe-corrosion 0
0 409.0580000000302 -2.929968275857391 379.98407862443173 223.5479270217911 357.16121685941584 226.47871660876262 386.234108554909 severe-corrosion 0
598.4456507942377 149.68041394284654 599.1097526663361 462.4136469892095 0.31323685427196324 463.65377839237397 -0.32985419864417054 150.9406271316537 severe-corrosion 0
541 208 560 208 560 229 541 229 mild-corrosion 0
494 304 521 304 521 338 494 338 mild-corrosion 0
549 250 569 250 569 272 549 272 mild-corrosion 0
603 240 610 240 610 258 603 258 mild-corrosion 0
337 171 352 171 352 188 337 188 mild-corrosion 0
265 513 281 513 281 536 265 536 mild-corrosion 0
364 567 371 567 371 577 364 577 mild-corrosion 0
301 334 321 334 321 349 301 349 mild-corrosion 0
288 444 297 444 297 459 288 459 mild-corrosion 0
248 458 257 458 257 473 248 473 mild-corrosion 0