102 90 146 90 146 114 102 114 moderate-corrosion 0
22 103 64 103 64 133 22 133 moderate-corrosion 0
87 136 128 136 128 164 87 164 moderate-corrosion 0
178 168 196 168 196 183 178 183 moderate-corrosion 0
0 202 27 202 27 240 0 240 moderate-corrosion 0
109 220 145 220 145 270 109 270 moderate-corrosion 0
147 76 163 76 163 88 147 88 mild-corrosion 0
344 9 372 9 372 53 344 53 moderate-corrosion 0
517.5319212685281 299.99997344672613 517.5324698803161 267.4518012132387 628.9781438546925 267.45335547608045 628.977979836709 300.0011328175883 severe-corrosion 0
526.768336836758 239.24514266966779 487.161179372124 248.043346401987 474.50541770565906 191.07176920716364 514.1122239893593 182.27360556631254 severe-corrosion 0
336.56712970994704 299.9997800552339 336.56913798600726 171.92198471951446 476.80839259432105 171.92398587741843 476.80798781264457 300.00021345214884 severe-corrosion 0
344.7400422440842 187.39000933962154 314.1557931074931 180.62822259493186 322.87605041805364 141.18675588404602 353.4601581588504 147.94852671341818 severe-corrosion 0
370.1072520528396 161.26385073448265 328.38212771646795 154.04873503790327 341.39825633996224 78.77814337848602 383.12311253263033 85.99323586147229 severe-corrosion 0
265.7211041285336 172.46203585987274 292.1691978995659 142.4554402146081 346.28387280987226 190.15162444003357 319.8359347071528 220.15807407768764 severe-corrosion 0
419 74 437 74 437 104 419 104 mild-corrosion 0
428 20 445 20 445 40 428 40 mild-corrosion 0
340 56 358 56 358 76 340 76 moderate-corrosion 0
444 109 460 109 460 149 444 149 mild-corrosion 0
298 89 314 89 314 109 298 109 mild-corrosion 0
300 251 331 251 331 287 300 287 mild-corrosion 0
478 235 500 235 500 277 478 277 mild-corrosion 0
29.275343513581902 624.9574749786964 -25.393372571779764 620.4113394073078 1.638246364891529 295.4541108271576 56.301000000021304 300.00000000000284 severe-corrosion 0
67.35410030341882 295.4301016375684 156.929754198718 300.660903896332 136.83733915859193 644.6878945358582 47.26172128030157 639.4574058288847 severe-corrosion 0
318.930844589122 639.9988915835477 275.03543534599885 648.3235658315891 224.10961185232736 379.84814911014297 267.99999999995634 371.52400000000307 severe-corrosion 0