0 0 313 0 313 332 0 332 severe-corrosion 0
408 130 540 130 540 236 408 236 severe-corrosion 0
536 219 554 219 554 239 536 239 severe-corrosion 0
550 306 568 306 568 332 550 332 severe-corrosion 0
353 220 372 220 372 244 353 244 mild-corrosion 0
381 11 390 11 390 24 381 24 mild-corrosion 0
568 28 592 28 592 66 568 66 severe-corrosion 0
589 233 606 233 606 261 589 261 severe-corrosion 0
465 248 491 248 491 283 465 283 severe-corrosion 0
519 321 537 321 537 332 519 332 mild-corrosion 0
594 274 607 274 607 295 594 295 mild-corrosion 0
578.9349537467206 639.9999703067083 578.9351911259291 620.2107338206297 624.8330034522951 620.2111319522027 624.8329788573756 640.0001559347445 severe-corrosion 0