521.8633491407672 638.9120907967757 477.1710431983229 649.7327636285443 454.2031641457288 554.8910930819962 498.8936279949121 544.0706522332725 severe-corrosion 0
412.7369615663338 402.2206709860668 440.9193681668694 396.91809967478264 456.19635761024256 478.10208032685836 428.0139709661307 483.40458028657883 severe-corrosion 0
9.565241354139289 414.1855259342342 8.940108872411656 383.5415137459696 282.49788297573105 377.9589334080151 283.12421665708825 408.60159926826094 severe-corrosion 0
655.9718832870567 202.83253823558795 631.3182395970944 513.1113056864364 -6.819507539912593 462.3737752064278 17.85627984252642 152.11878511401156 severe-corrosion 0
574 254 590 254 590 276 574 276 mild-corrosion 0
543 348 567 348 567 383 543 383 mild-corrosion 0
589 297 607 297 607 320 589 320 mild-corrosion 0
365 201 378 201 378 218 365 218 mild-corrosion 0
343 540 357 540 357 564 343 564 mild-corrosion 0
449 602 455 602 455 612 449 612 mild-corrosion 0
352 362 370 362 370 378 352 378 mild-corrosion 0
355 472 363 472 363 487 355 487 mild-corrosion 0
317 483 324 483 324 498 317 498 mild-corrosion 0
4 176 11 176 11 198 4 198 mild-corrosion 0