311.92020837836026 361.15329226345403 317.93233992277237 412.09079191147686 151.0726936978608 431.7802655845345 145.0619422926684 380.84402670596666 severe-corrosion 0
139.95266704696405 390.01707028305805 142.45700210740324 404.5315658290432 29.661071912923944 423.9899353213588 27.157020610247855 409.47569111437303 severe-corrosion 0
441.55100000003586 299.56600000003186 431.21903385450423 209.99200845339527 524.9597112782794 199.17969920058667 535.2923523772915 288.75295825115785 severe-corrosion 0
511.3655476493295 160.79943733519858 555.3988752818259 155.74537218076182 575.8430821527145 333.85804257226005 531.8097698628844 338.9120264142862 severe-corrosion 0
255.83568754824228 439.6119875020388 261.11336648893484 464.03994994997834 220.63465216087934 472.783812174024 215.3571699999884 448.35602100003257 severe-corrosion 0
639.9999835022754 317.3028648385259 644.3650763069309 353.06473772391115 589.7372737354453 359.7316852365234 585.3724520352262 323.9700568824026 severe-corrosion 0
474.81404741833103 173.944997358779 461.0166053348803 174.7135208459041 458.14963694538164 123.24252126979509 471.9470000000001 122.47400000000093 mild-corrosion 0
392.4869114701869 225.74013778947344 377.24999999998545 226.4570000000008 376.04015078773955 200.741860741161 391.2770000000455 200.02499999999858 mild-corrosion 0
399.5469633517496 264.39389635978375 377.7199754825415 265.8708838531211 376.79400000000896 252.186999999999 398.620930651814 250.71001444694585 mild-corrosion 0
399.69749542317004 334.12282631036294 385.9859999999753 340.06900000001315 373.5415956117504 311.37515093912333 387.2529999999824 305.42899999999185 mild-corrosion 0
493.5070215027372 431.61727810029686 472.57928007107694 432.84817981455603 462.98678901061066 269.76541116649764 483.9136051724199 268.534537432312 mild-corrosion 0
637.8596770717559 563.4008270653304 617.3463597730006 565.4983864755807 606.2395869244938 456.89580138427925 626.7520588425396 454.79828560750747 moderate-corrosion 0