613.0552284071018 511.5624976666362 597.8928683901904 598.0150296739639 -12.26128335496469 490.97997840758984 2.9089385442784987 404.53682482806636 severe-corrosion 0
38 160 97 160 97 236 38 236 severe-corrosion 0
72 262 121 262 121 333 72 333 severe-corrosion 0
62 342 91 342 91 379 62 379 severe-corrosion 0
193 400 234 400 234 437 193 437 severe-corrosion 0
225 264 348 264 348 390 225 390 severe-corrosion 0
355 208 541 208 541 425 355 425 severe-corrosion 0
540 333 601 333 601 421 540 421 severe-corrosion 0
582 417 602 417 602 441 582 441 moderate-corrosion 0
564 482 607 482 607 505 564 505 mild-corrosion 0
266 395 297 395 297 417 266 417 severe-corrosion 0
383 459 400 459 400 481 383 481 moderate-corrosion 0
216 219 239 219 239 269 216 269 moderate-corrosion 0
216 88 238 88 238 124 216 124 moderate-corrosion 0
190 164 216 164 216 195 190 195 moderate-corrosion 0
412 103 431 103 431 131 412 131 moderate-corrosion 0
9 224 19 224 19 241 9 241 moderate-corrosion 0
2 190 16 190 16 204 2 204 moderate-corrosion 0
131.6018382326729 353.08169079411533 145.5710326899134 350.6285669196451 150.05518400706933 376.1608861682825 136.08599183498882 378.61400143385254 mild-corrosion 0
173.50624490820337 294.9462374253311 162.4693904556625 283.97966815006345 174.07259879524645 272.3028104338311 185.10943386965664 283.2693606523586 mild-corrosion 0
41.47890781328897 385.8792499602513 51.23673541711469 385.35221006908387 52.165939645128674 402.5539067233933 42.40811215269787 403.0809452845927 mild-corrosion 0
299.2430090650305 54.802096539743005 326.0165315829363 52.14430697045785 329.82252113994036 90.48421330850945 303.0489992191724 93.1420000775138 mild-corrosion 0
135.12299966016144 19.97799989689071 142.5215553247108 22.222588533987913 138.83199999996577 34.383999999993364 131.43344445663388 32.13941165123925 mild-corrosion 0
617.2131704944331 104.77695273523621 632.2968446691084 103.69580522182233 633.9546732958115 126.82485361398548 618.8709992465738 127.9060000540013 mild-corrosion 0
572.7658163828892 206.48979341224458 589.7013373942173 207.19183413690922 588.6125785736658 233.45534579408127 571.6770576516865 232.7533065750589 mild-corrosion 0
330.33095355916885 379.0394310236504 351.74023705163563 367.91894767847555 365.6652104704699 394.7245858000918 344.25595997221535 405.84502079129373 moderate-corrosion 0
531.9965829620924 280.76763924595065 567.2794385308953 275.3272251580215 576.2500161818025 333.5004741157154 540.9671688072558 338.9408515858074 moderate-corrosion 0
610.4969983376941 344.4579999014082 618.2852692493907 344.91991413581155 617.2020340857853 363.1825079312273 609.4137632724596 362.7205948093872 mild-corrosion 0
151.04844272056653 170.738015380834 127.52865495960577 170.44937554090643 128.1520450640528 119.65891052742151 151.67170073145826 119.94754954401456 mild-corrosion 0
78.30700037127826 18.309000132613843 64.94917177391471 13.537630240130943 68.75117247029266 2.89363031592449 82.10899999998219 7.6649999999938325 mild-corrosion 0
474 108 483 108 483 120 474 120 mild-corrosion 0
435 45 451 45 451 75 435 75 mild-corrosion 0
358 62 384 62 384 93 358 93 mild-corrosion 0
333 192 351 192 351 214 333 214 mild-corrosion 0
363 188 383 188 383 212 363 212 mild-corrosion 0
429 179 439 179 439 204 429 204 mild-corrosion 0
174 88 196 88 196 113 174 113 mild-corrosion 0
136 393 147 393 147 417 136 417 mild-corrosion 0
32 357 41 357 41 382 32 382 mild-corrosion 0
0 384 8 384 8 400 0 400 mild-corrosion 0
269 217 279 217 279 234 269 234 mild-corrosion 0
303 236 320 236 320 258 303 258 mild-corrosion 0
323 252 348 252 348 281 323 281 mild-corrosion 0
359 415 372 415 372 426 359 426 mild-corrosion 0