338 24 372 24 372 79 338 79 mild-corrosion 0
612 21 640 21 640 46 612 46 mild-corrosion 0
384 10 519 10 519 72 384 72 mild-corrosion 0
442 143 468 143 468 158 442 158 mild-corrosion 0
578 178 590 178 590 188 578 188 mild-corrosion 0
504 200 532 200 532 214 504 214 mild-corrosion 0
384.0117124797689 640.0000000000001 -0.005737263709306717 640.0000000000001 0.016783393803052604 293.9999999999997 383.9912096095941 294 severe-corrosion 0
0 256 12 256 12 393 0 393 severe-corrosion 0
325 256 368 256 368 353 325 353 severe-corrosion 0
29.21660707448609 551.8270453102999 -1.2295999053458218 551.4199993732684 0.4350459051056532 426.98509980601926 30.879896258047665 427.39213677231976 severe-corrosion 0
283.8710866022302 463.74300511026206 266.7832220959099 462.73467671985173 269.8972178790427 409.97309049779454 286.98479007929564 410.98141024806245 moderate-corrosion 0