48.005464094821946 326.0001704337876 48.007129325851565 134.89590358900753 274.9999553095404 134.89806738203788 275.0019197372603 325.99846311946635 severe-corrosion 0
640.0046973978897 326.0000000000001 441.1486916915601 326 441.15340072326944 -1.5902773407317584e-13 640 -1.5902773407317584e-13 moderate-corrosion 0
510.452950859617 -0.000048817229342267606 510.45302287253435 84.55500248238809 402.78793680226954 84.5549356907762 402.7880017120333 0.000002624860245674614 moderate-corrosion 0
333 24 375 24 375 125 333 125 mild-corrosion 0
275 34 291 34 291 137 275 137 mild-corrosion 0
285 197 305 197 305 227 285 227 mild-corrosion 0
341 318 361 318 361 326 341 326 mild-corrosion 0
441 299 469 299 469 319 441 319 mild-corrosion 0
420 227 434 227 434 241 420 241 mild-corrosion 0
429 121 456 121 456 139 429 139 mild-corrosion 0
-0.01267834122700151 639.9999993093913 0 500.1550000000101 275.00447056379926 500.17792916790006 274.99999957784894 640.0144304723638 severe-corrosion 0
0 326 275 326 275 613.438 0 613.438 severe-corrosion 0
130 516 210 516 210 606 130 606 moderate-corrosion 0
35 407 83 407 83 489 35 489 moderate-corrosion 0
0 428 6 428 6 457 0 457 moderate-corrosion 0
4 462 30 462 30 493 4 493 moderate-corrosion 0
86 481 122 481 122 501 86 501 moderate-corrosion 0
626.8155667841347 325.9893326349518 626.8304657800763 640.0041164881284 274.9983180081472 639.9999999689647 275.003289814631 326.005226718232 severe-corrosion 0