131.455621365385 284.5313758526747 139.12920737813693 296.9900762702116 109.33831940703385 315.33763910554677 101.66478884137177 302.87898707446266 severe-corrosion 0
88.1667338443367 286.592961814323 83.20437224363559 271.0161351555785 113.69138412141183 261.3043038000945 118.65377301975968 276.8810797926643 severe-corrosion 0
416 0 640 0 640 307 416 307 severe-corrosion 0
45.025837534922175 407.24913533397614 24.753023835583008 411.6691979033036 16.50664208435046 373.8506792241878 36.779235786088975 369.4306414994076 severe-corrosion 0
329.13022057349735 482.6714405187637 298.1184151596972 537.276879200451 186.19471629994223 473.72165051988327 217.20656783152663 419.1174261927611 severe-corrosion 0
211.43205318323453 549.8069887918648 254.02022644586395 508.2081220753304 355.3392439705931 611.9117623053363 312.7523613694939 653.5093200728338 severe-corrosion 0
356.8469245832239 510.10363797834833 363.3400000000256 481.0980000000093 422.49260008873534 494.3371240672456 415.999903338452 523.3424318210758 moderate-corrosion 0
416 456 628 456 628 616 416 616 severe-corrosion 0
416 557 640 557 640 640 416 640 severe-corrosion 0
416 307 640 307 640 370 416 370 severe-corrosion 0
416 373 640 373 640 449 416 449 severe-corrosion 0