23.46035626513185 416.0003687756688 23.46441634101211 -0.0027874627410275823 248.9995033244486 0.0038931920296328593 249.00316034407297 415.9973845183061 severe-corrosion 0
0 271 18 271 18 334 0 334 mild-corrosion 0
639.9908925950876 132.1702837691742 678.3661050508817 206.81914794323058 253.6856944129977 425.1152930636416 215.31475152245548 350.4701153821122 severe-corrosion 0
249 116 262 116 262 169 249 169 severe-corrosion 0
316 123 413 123 413 229 316 229 severe-corrosion 0
337 44 371 44 371 92 337 92 severe-corrosion 0
571 121 593 121 593 180 571 180 severe-corrosion 0
579 83 612 83 612 122 579 122 severe-corrosion 0
595 5 625 5 625 55 595 55 moderate-corrosion 0
427 4 459 4 459 48 427 48 moderate-corrosion 0
308 284 327 284 327 306 308 306 moderate-corrosion 0
499 132 519 132 519 168 499 168 moderate-corrosion 0
523 81 547 81 547 120 523 120 moderate-corrosion 0
515 0 530 0 530 8 515 8 moderate-corrosion 0
614 75 640 75 640 134 614 134 moderate-corrosion 0
251 294 261 294 261 312 251 312 mild-corrosion 0
323 0 355 0 355 19 323 19 mild-corrosion 0
369 0 396 0 396 13 369 13 mild-corrosion 0
370 31 392 31 392 122 370 122 mild-corrosion 0
421 121 471 121 471 237 421 237 mild-corrosion 0
429.3060256195895 252.12589584400504 423.5045897465898 275.7114955462008 396.4235215809458 269.05053647447613 402.2250000000349 245.46499999999594 moderate-corrosion 0
380.490634893722 269.0932530008021 364.9392947040178 312.5302024263309 297.38551484042546 288.34561914065256 312.9370000000199 244.90899999996955 moderate-corrosion 0
285 39 325 39 325 113 285 113 mild-corrosion 0
-0.006603887886740267 639.9999996540713 0 564.2500000000132 249.00237391804694 564.2670123178036 248.99999961453432 640.0127715612489 severe-corrosion 0
48 416 63 416 63 431 48 431 mild-corrosion 0
249 416 640 416 640 640 249 640 severe-corrosion 0