389.9992335485149 86.35543606303644 409.9990489499032 283.71698250288534 1.8303843691683142 325.0683816163582 -18.162957736931276 127.71242754878452 severe-corrosion 0
390.00319733051583 306.99999999999994 182.2860000000219 307.00000000000006 182.28820863820147 107.74499999999996 390 107.74500000000005 moderate-corrosion 0
640.0013552748715 306.99999999999994 406.03399999999965 306.99999999999994 406.03589635167737 228.37299999999996 639.9997189200803 228.37299999999996 severe-corrosion 0
594.0110000000277 -0.000011465143278845646 594.011010926115 37.936005391062906 507.27598802914144 37.93599296650191 507.27599999998347 1.692452659873774e-11 moderate-corrosion 0
259 523 390 523 390 617 259 617 severe-corrosion 0
0 543 257 543 257 567 0 567 severe-corrosion 0
0 585 72 585 72 631 0 631 moderate-corrosion 0
0 307 390 307 390 494 0 494 severe-corrosion 0
118 613 146 613 146 640 118 640 mild-corrosion 0
390 307 623.355 307 623.355 640 390 640 severe-corrosion 0
610.2646632940741 492.08221309705067 673.6615191195597 556.5439339362139 565.23891119381 663.146417099109 501.84413789109385 598.6867869037626 moderate-corrosion 0
551 473 569 473 569 489 551 489 mild-corrosion 0
534 529 552 529 552 543 534 543 mild-corrosion 0
601 360 617 360 617 380 601 380 mild-corrosion 0