99 118 143 118 143 181 99 181 severe-corrosion 0
57 22 94 22 94 62 57 62 mild-corrosion 0
52 220 65 220 65 243 52 243 mild-corrosion 0
144 184 162 184 162 233 144 233 mild-corrosion 0
294 42 474 42 474 79 294 79 mild-corrosion 0
294 211 454 211 454 243 294 243 mild-corrosion 0
107.75392682910024 639.9890832368898 66.09999961336143 642.5886032779447 46.87553593212215 334.5644358443435 88.52481896778045 331.9650611076756 severe-corrosion 0
135.26196899030765 355.019180591521 136.0319634341431 333.2605283978248 224.51737012073863 336.3913641587799 223.747632056984 358.14976205607957 corroded-part 0
640.000197221234 519.8 617.4128897609626 519.8 617.413125427338 467.0329999999999 639.9999963299342 467.0329999999999 severe-corrosion 0
488.02080418216065 549.1315049406437 485.9885332444537 473.50470830702994 615.9981734912435 470.0113959546048 618.0322586203692 545.6362889770402 severe-corrosion 0
383.5094261940685 542.6823462934967 374.4763726955716 477.8954894586922 467.38550165369816 464.94377064318 476.41950580124103 529.7294684825499 severe-corrosion 0
374.46342972965795 469.97287861912537 377.6132856699405 515.4272604139577 262.4831001230632 523.4023909565517 259.3342723630485 477.94898357045736 severe-corrosion 0