186.16833346430212 140.5021089100014 185.61865892064816 115.97824734466417 370.9708797741041 111.82327707466244 371.5207618041313 136.34690686468235 severe-corrosion 0
371.0043863493047 293.2780000000002 96.99981739075156 293.278 97.00276998599293 154.5469999999998 370.99999999998545 154.5469999999999 severe-corrosion 0
15 125.336 177.59 125.336 177.59 139 15 139 severe-corrosion 0
499.21651165772346 336.7983520159403 410.70515949344554 350.1221115317952 380.9256989507412 152.29402645551676 469.43407082304475 138.9704859736651 mild-corrosion 0
426.40202183909423 101.61601968254925 473.35603161365725 8.571447947005638 640.7210153302731 93.03021248332635 593.7677863442514 186.0741109574613 mild-corrosion 0
386 95 410 95 410 113 386 113 mild-corrosion 0
0 420 37 420 37 466 0 466 severe-corrosion 0
199 435 283 435 283 506 199 506 severe-corrosion 0
143.3782906203851 360.38695018609496 233.38796653042664 450.38092532059295 100.3095990010479 583.457586842813 10.302865412304527 493.4665570911143 moderate-corrosion 0
230.30799999993178 353.4620000000087 229.69989638215338 345.8609423027784 268.2918776583392 342.77367668977513 268.90001599931566 350.3746964513225 mild-corrosion 0
582 389.563 640 389.563 640 478 582 478 severe-corrosion 0
394 345 548.64 345 548.64 405 394 405 severe-corrosion 0
461.80010986019624 639.9994098066381 461.80906718560436 465.59623627312124 640.0025937690953 465.6051881633976 639.9999999739521 640.0020239806814 moderate-corrosion 0