402 318 442 318 442 356 402 356 moderate-corrosion 0
242 151 289 151 289 177 242 177 moderate-corrosion 0
159 168 204 168 204 200 159 200 moderate-corrosion 0
221 198 265 198 265 228 221 228 moderate-corrosion 0
310 227 329 227 329 243 310 243 moderate-corrosion 0
106 269 158 269 158 309 106 309 moderate-corrosion 0
233 281 274 281 274 332 233 332 moderate-corrosion 0
0 233 5 233 5 250 0 250 mild-corrosion 0
89 531 115 531 115 547 89 547 mild-corrosion 0
72 182 87 182 87 199 72 199 mild-corrosion 0
370 405 396 405 396 423 370 423 mild-corrosion 0
216 520 238 520 238 535 216 535 mild-corrosion 0
403 0 434 0 434 8 403 8 mild-corrosion 0
166 546 191 546 191 564 166 564 mild-corrosion 0
221 542 240 542 240 555 221 555 mild-corrosion 0
409 538 427 538 427 552 409 552 mild-corrosion 0
288 136 305 136 305 149 288 149 mild-corrosion 0