-37.20674521464389 154.50592812813431 32.97281619932619 11.920081794407917 484.26441133386106 234.03382430937478 414.0903376890492 376.61500788987917 severe-corrosion 0
-11.773733990630717 349.01359185011916 3.877722100223764 284.66922786052714 320.37579752686725 361.6448610748 304.7275488078594 425.98644577498044 moderate-corrosion 0
454 311 640 311 640 403 454 403 severe-corrosion 0
454 157 640 157 640 251 454 251 severe-corrosion 0
454 0 640 0 640 111 454 111 severe-corrosion 0
454 270 507 270 507 314 454 314 moderate-corrosion 0
461.9631076512451 613.3474540645648 451.1677934699401 614.4381495570035 429.83621674407914 403.34573033515403 440.6307227465004 402.2550742819474 severe-corrosion 0
126.98152986595233 498.2214589125583 115.76500000002852 498.0910000000003 116.33066218637396 449.4735422039738 127.5470000000496 449.6040000000002 severe-corrosion 0
156.61400333505298 485.6750321027163 151.20436259865528 433.6017829851654 164.48025480960496 432.2228695394274 169.89000000001397 484.29599999998584 severe-corrosion 0
347.99700000003213 403.00000000000017 401.62593485438265 395.2550825753575 410.90000000003783 459.4639999999997 357.271082508596 467.20883688626384 moderate-corrosion 0
454 403 640 403 640 549.526 454 549.526 severe-corrosion 0