99 107 149 107 149 148 99 148 moderate-corrosion 0
195 255 236 255 236 275 195 275 moderate-corrosion 0
359 145 409 145 409 186 359 186 moderate-corrosion 0
409.0008096285601 275.00000000000006 232.7669265710574 275.00000000000006 232.7684239730297 185.57799999999992 408.99964900636405 185.57800000000003 severe-corrosion 0
438.013385349841 202.2604778166767 457.55047236387327 72.51991953428467 567.650788783867 89.09934430217487 548.1145711365389 218.83912391571653 corroded-part 0
606.6330000000016 -0.000025993643778585677 606.6330237666989 50.633008327631416 507.89798252051696 50.63298454349281 507.8980069082172 0.0000013499529989661007 corroded-part 0
173 275 206 275 206 302 173 302 severe-corrosion 0
212 320 228 320 228 344 212 344 severe-corrosion 0
138 447 162 447 162 531 138 531 severe-corrosion 0
365.7910266639374 653.7285402152405 216.5353234556096 639.147368377649 245.02867478935514 347.641123157145 394.2690644333197 362.2215678249494 severe-corrosion 0
9 505 203 505 203 639 9 639 severe-corrosion 0