43.24400000004971 -4.770832022195276e-13 105.73578565265052 -1.0374385628877887 108.29299999997602 153.00000000000009 45.80121512059122 154.03743401093288 mild-corrosion 0
204 0 640 0 640 60.515 204 60.515 severe-corrosion 0
638.8459288406739 61.66292715536534 643.9508154757641 100.31006315339597 204.70337938349985 158.32574775436458 199.59925649804063 119.67925998810935 severe-corrosion 0
70 338 202 338 202 420 70 420 severe-corrosion 0
156 594 204 594 204 640 156 640 severe-corrosion 0
67 219 103 219 103 255 67 255 mild-corrosion 0
0 244 9 244 9 257 0 257 mild-corrosion 0
43 223 57 223 57 240 43 240 mild-corrosion 0
115 228 155 228 155 279 115 279 mild-corrosion 0
9 406 28 406 28 435 9 435 mild-corrosion 0
339 191 376 191 376 239 339 239 severe-corrosion 0
204 153 640 153 640 640 204 640 severe-corrosion 0
290 300 330 300 330 347 290 347 severe-corrosion 0
436 177 463 177 463 224 436 224 severe-corrosion 0
209 234 257 234 257 301 209 301 severe-corrosion 0
323 153 428 153 428 179 323 179 severe-corrosion 0