99.37216691723734 146.90301544575254 52.63090508735331 200.15202396054764 -42.60458064010891 116.55632375147354 4.1364146440901095 63.3076701565249 corroded-part 0
333 284 474 284 474 435 333 435 moderate-corrosion 0
501 416 513 416 513 432 501 432 mild-corrosion 0
526 263 554 263 554 297 526 297 mild-corrosion 0
446 260 460 260 460 280 446 280 mild-corrosion 0
543 82 578 82 578 168 543 168 mild-corrosion 0
184 633 230 633 230 640 184 640 moderate-corrosion 0
64 521 90 521 90 545 64 545 moderate-corrosion 0
59 574 74 574 74 586 59 586 moderate-corrosion 0
38 470 61 470 61 494 38 494 moderate-corrosion 0
115 496 137 496 137 508 115 508 moderate-corrosion 0
58 494 81 494 81 512 58 512 moderate-corrosion 0
2 607 36 607 36 617 2 617 mild-corrosion 0
170 448 188 448 188 458 170 458 mild-corrosion 0
161 512 177 512 177 523 161 523 mild-corrosion 0
103 511 121 511 121 532 103 532 mild-corrosion 0
0 478 11 478 11 488 0 488 mild-corrosion 0
236 609 243 609 243 617 236 617 mild-corrosion 0
206 485 218 485 218 509 206 509 mild-corrosion 0
219 453 233 453 233 461 219 461 mild-corrosion 0
468 624 513 624 513 640 468 640 severe-corrosion 0
243 560 256 560 256 579 243 579 mild-corrosion 0