0 170.99199999997768 -32.228508003245224 17.992922862486406 339.30435446200136 -60.26927929751379 371.53348231302516 92.72812496942461 severe-corrosion 0
432 0 461 0 461 300 432 300 severe-corrosion 0
405 12 431 12 431 300 405 300 severe-corrosion 0
372 0 406 0 406 300 372 300 severe-corrosion 0
352 28 371 28 371 300 352 300 severe-corrosion 0
352 0 370 0 370 25 352 25 mild-corrosion 0
569 262 582 262 582 300 569 300 mild-corrosion 0
571 6 600 6 600 106 571 106 mild-corrosion 0
621 278 637 278 637 300 621 300 mild-corrosion 0
598 117 616 117 616 175 598 175 mild-corrosion 0
592 198 615 198 615 226 592 226 mild-corrosion 0
78.25747553928522 640.0049954424308 78.26849565433804 299.998223951808 351.9996907872701 300.0076285511671 352.0045826950809 639.9989067478122 severe-corrosion 0
352 574 640 574 640 640 352 640 severe-corrosion 0
352 420 640 420 640 514 352 514 severe-corrosion 0
352 300 640 300 640 374 352 374 severe-corrosion 0
482 533 564 533 564 577 482 577 moderate-corrosion 0