193.48771147429943 237.260565547253 148.30500342606683 181.4912014773588 251.4465580091928 97.93087856922403 296.62902719348494 153.6997894295576 severe-corrosion 0
395.0708812110679 151.03698095637537 410.1558858391945 92.53748323758614 528.0174244111549 122.92946211837831 512.9328500708652 181.42858143542998 severe-corrosion 0
331.6280000000552 584.9409999999983 340.3388501735026 584.5014618696979 343.13999999998487 639.9999999999997 334.4291502398846 640.4395325572577 severe-corrosion 0
309 372 321 372 321 388 309 388 moderate-corrosion 0
66 360 80 360 80 380 66 380 moderate-corrosion 0
72 389 82 389 82 406 72 406 moderate-corrosion 0
151 335 161 335 161 353 151 353 moderate-corrosion 0
141 400 149 400 149 424 141 424 moderate-corrosion 0
164 607 234 607 234 640 164 640 moderate-corrosion 0
261 578 271 578 271 590 261 590 moderate-corrosion 0
374 399 397 399 397 427 374 427 moderate-corrosion 0
278 449 288 449 288 458 278 458 moderate-corrosion 0
304 426 310 426 310 438 304 438 moderate-corrosion 0
144.34651102637872 648.2246947346787 35.277152454145835 623.8017962401236 57.17533373972401 526.0450349210937 166.24004250654252 550.4673890418537 severe-corrosion 0
142 621 154 621 154 640 142 640 severe-corrosion 0
92 479 103 479 103 500 92 500 moderate-corrosion 0
43 438 61 438 61 464 43 464 severe-corrosion 0
39 467 49 467 49 479 39 479 severe-corrosion 0
38.01522928675695 570.226773398127 16.05508890163037 580.2135193481117 -5.653666068246821 532.4879744036882 16.30606830774923 522.5013356092153 severe-corrosion 0
39.72456534662342 523.6123301201696 53.91643247756292 549.2456414597896 40.6289621990436 556.6005626754363 26.437185628601583 530.9673293633922 severe-corrosion 0
41.002469912637025 487.42975990237943 67.95852759445552 486.5958012102642 69.68204164346389 542.29431813846 42.725984392745886 543.128267949866 severe-corrosion 0
352 343 358 343 358 351 352 351 severe-corrosion 0
196 398 206 398 206 412 196 412 severe-corrosion 0
176 414 180 414 180 426 176 426 severe-corrosion 0
99 443 105 443 105 457 99 457 severe-corrosion 0
111 502 117 502 117 528 111 528 severe-corrosion 0
381 492 391 492 391 506 381 506 severe-corrosion 0
375 561 387 561 387 571 375 571 severe-corrosion 0
400 467 403 467 403 481 400 481 severe-corrosion 0
12 495 23 495 23 505 12 505 severe-corrosion 0
292 383 298 383 298 395 292 395 severe-corrosion 0
403 515.503 640 515.503 640 640 403 640 severe-corrosion 0