-7.64818753945292 278.0185936932453 27.831795181919006 69.6944664139776 315.28792638287996 118.64984559375537 279.813210433349 326.96921231662026 severe-corrosion 0
588.7824656234443 3.984265105467735 645.8316685805767 255.76035199892715 287.59780369546206 336.9221058907898 230.55575547812623 85.15251254149278 severe-corrosion 0
317 300 514 300 514 320 317 320 mild-corrosion 0
281 0 487.727 0 487.727 93.50300000000001 281 93.50300000000001 corroded-part 0
0 320 57 320 57 640 0 640 severe-corrosion 0
133 320 189 320 189 640 133 640 severe-corrosion 0
211 320 268 320 268 419 211 419 moderate-corrosion 0
196 422 270 422 270 640 196 640 severe-corrosion 0
281 431 640 431 640 528 281 528 severe-corrosion 0
281 320 640 320 640 371 281 371 severe-corrosion 0
281 583 640 583 640 640 281 640 severe-corrosion 0
281 368 356 368 356 411 281 411 moderate-corrosion 0
537 390 619 390 619 434 537 434 moderate-corrosion 0