332.34994039819867 217.1852180409762 325.27321477427904 304.5494663126614 -6.6721915062953485 277.65626692694383 0.4069487674132688 190.29482268123633 severe-corrosion 0
51 157 89 157 89 189 51 189 severe-corrosion 0
78 17 193 17 193 133 78 133 severe-corrosion 0
209 0 326 0 326 150 209 150 severe-corrosion 0
121 144 151 144 151 163 121 163 severe-corrosion 0
242 197 258 197 258 217 242 217 moderate-corrosion 0
60 0 79 0 79 22 60 22 moderate-corrosion 0
26.00000234982872 53 12.367998406552942 52.99999999999998 12.36800305377983 34.55700000000001 25.999998821207555 34.55700000000001 mild-corrosion 0
182.6815305816126 122.25084937725369 203.21744903674698 109.40501849331346 218.7376780237537 134.2160727151363 198.2017735653062 147.06188554518678 moderate-corrosion 0
167 0 190 0 190 23 167 23 mild-corrosion 0
215 156 227 156 227 165 215 165 mild-corrosion 0
325.99999999998545 265.71500000000975 323.05503064286313 206.44948265526574 625.0724301424634 191.43794737049723 628.0188516273483 250.70217316332884 moderate-corrosion 0
431.91495729064627 101.71890700517753 442.82272657997964 125.4693258719925 391.8687489868171 148.87041034380795 380.96105315162276 125.12005409523817 mild-corrosion 0
570.9999963415612 18.34793253093305 572.3766198338853 43.73553076065724 484.6465950983111 48.492568327388625 483.26999999997497 23.1049999999992 mild-corrosion 0
326.02643368831195 33.39480181474177 325.7461278935807 29.20827952122092 379.730958582586 25.593752831202842 380.0112666541827 29.780272189445935 mild-corrosion 0
382.16482618197915 177.82738308846487 379.5698051391082 172.5709126142617 584.241010328551 71.52861454708393 586.836047323086 76.78503827517657 mild-corrosion 0
524.5875079796679 173.27631459769862 524.4615459255874 169.7646440030586 640 165.61999999996854 640.125986675921 169.13164513836432 mild-corrosion 0
0 403 326 403 326 640 0 640 severe-corrosion 0
326 403 640 403 640 640 326 640 severe-corrosion 0
554 600 576 600 576 640 554 640 severe-corrosion 0
355 552 374 552 374 564 355 564 severe-corrosion 0
326 556 328 556 328 579 326 579 severe-corrosion 0