50 103 108 103 108 275 50 275 mild-corrosion 0
255 94 281 94 281 127 255 127 mild-corrosion 0
358 39 640 39 640 275 358 275 severe-corrosion 0
215.65444836203824 272.89171788647286 337.86360657351906 275.6460055917898 333.13991432034527 485.21824766574923 210.93076027587813 482.4640429258104 severe-corrosion 0
83 275 99 275 99 302 83 302 moderate-corrosion 0
33 277 46 277 46 301 33 301 moderate-corrosion 0
152 421 198 421 198 490 152 490 moderate-corrosion 0
253 503 272 503 272 529 253 529 moderate-corrosion 0
522.1648723305407 260.90427636969224 565.5058458167332 286.0356449709351 522.6512196215481 359.93626852199384 479.31041917487164 334.80514599075667 severe-corrosion 0
358 384.692 640 384.692 640 640 358 640 severe-corrosion 0
400.7691957325733 341.7786732958629 439.8674417710572 359.1204654065811 405.7810140358197 435.962061548243 366.68289687229844 418.62048119913703 moderate-corrosion 0
616.2374654084851 267.9092280110549 647.5891293232417 283.55416653173455 609.627588026342 359.621682613529 578.276024358056 343.9768981701068 moderate-corrosion 0