101 0 131 0 131 148 101 148 mild-corrosion 0
62 35 94 35 94 168 62 168 mild-corrosion 0
352 230 583 230 583 320 352 320 severe-corrosion 0
89 424 127 424 127 498 89 498 moderate-corrosion 0
157 411 238 411 238 516 157 516 moderate-corrosion 0
142 462 154 462 154 496 142 496 mild-corrosion 0
135 526 217 526 217 636 135 636 severe-corrosion 0
11 598 27 598 27 630 11 630 mild-corrosion 0
42 626 49 626 49 638 42 638 mild-corrosion 0
49 544 68 544 68 588 49 588 mild-corrosion 0
0 597 5 597 5 611 0 611 mild-corrosion 0
518 354 640 354 640 505 518 505 severe-corrosion 0
518 512 632 512 632 576 518 576 severe-corrosion 0
332 331 504 331 504 639 332 639 severe-corrosion 0