377.00315784153645 262 -0.0005329406121745706 262.0000000000003 0.0037239936500554904 130.09899999999993 376.9997039489681 130.09900000000007 severe-corrosion 0
73 155 86 155 86 169 73 169 moderate-corrosion 0
102.16653405746911 183.2802740512147 107.31655545823742 205.77025688574605 37.18845025301562 221.82829263954503 32.03856965774321 199.33843245832708 moderate-corrosion 0
0 21 43 21 43 69 0 69 mild-corrosion 0
425.38285226153675 30.655171720908456 629.3030057022406 7.894273302030854 656.2636458611087 249.43907126054629 452.3436077908991 272.19965790017676 severe-corrosion 0
344 576 371 576 371 600 344 600 moderate-corrosion 0
181 262 227 262 227 270 181 270 moderate-corrosion 0
62 332 88 332 88 356 62 356 moderate-corrosion 0
56 403 104 403 104 425 56 425 moderate-corrosion 0
321 359 347 359 347 383 321 383 moderate-corrosion 0
337 318 352 318 352 330 337 330 moderate-corrosion 0
351 411 374 411 374 435 351 435 moderate-corrosion 0
273 397 295 397 295 409 273 409 moderate-corrosion 0
331 392 354 392 354 410 331 410 moderate-corrosion 0
287 507 337 507 337 539 287 539 mild-corrosion 0
144 556 202 556 202 574 144 574 mild-corrosion 0
95 588 132 588 132 610 95 610 mild-corrosion 0
81 557 103 557 103 580 81 580 mild-corrosion 0
80 502 100 502 100 514 80 514 mild-corrosion 0
182 480 206 480 206 498 182 498 moderate-corrosion 0
151 472 177 472 177 490 151 490 moderate-corrosion 0
223 445 241 445 241 455 223 455 mild-corrosion 0
141 446 156 446 156 463 141 463 mild-corrosion 0
0 501 17 501 17 525 0 525 mild-corrosion 0
151 610 170 610 170 636 151 636 moderate-corrosion 0
186 582 215 582 215 604 186 604 moderate-corrosion 0
0 378 10 378 10 400 0 400 moderate-corrosion 0
327 630 340 630 340 640 327 640 moderate-corrosion 0
97 303 129 303 129 369 97 369 moderate-corrosion 0
31 579 51 579 51 609 31 609 mild-corrosion 0
133 515 149 515 149 531 133 531 mild-corrosion 0
39 291 61 291 61 307 39 307 mild-corrosion 0
235 382 251 382 251 393 235 393 mild-corrosion 0
291 372 309 372 309 393 291 393 mild-corrosion 0
292 570 308 570 308 580 292 580 mild-corrosion 0
118 429 128 429 128 440 118 440 mild-corrosion 0
183 611 203 611 203 623 183 623 mild-corrosion 0
282 616 296 616 296 628 282 628 mild-corrosion 0
165 287 175 287 175 295 165 295 mild-corrosion 0
193 396 205 396 205 420 193 420 mild-corrosion 0
178 443 192 443 192 451 178 451 mild-corrosion 0
253 554 265 554 265 561 253 561 mild-corrosion 0
67 528 82 528 82 536 67 536 mild-corrosion 0
358 627 369 627 369 639 358 639 mild-corrosion 0
118 513 130 513 130 521 118 521 mild-corrosion 0
368.9719655633962 485.0755533821331 377.03723524027737 425.21865293488696 460.87584113920457 436.5134063759659 452.81153488853306 496.36943592658844 severe-corrosion 0