468 42 513 42 513 82 468 82 moderate-corrosion 0
206 32 302 32 302 103 206 103 moderate-corrosion 0
205 108 245 108 245 137 205 137 moderate-corrosion 0
525 244 572 244 572 292 525 292 moderate-corrosion 0
438 142 493 142 493 200 438 200 moderate-corrosion 0
378 165 401 165 401 202 378 202 moderate-corrosion 0
310 151 344 151 344 188 310 188 moderate-corrosion 0
199.27230023917218 543.8739958797153 241.1181449556898 287.2659946016898 677.7345420433267 358.45444195665954 635.9105793439085 615.0423101902251 moderate-corrosion 0
299.71363065174955 158.20074836511577 325.0457112800359 306.81273121581285 228.82740343207843 323.2119467037845 203.49676424943027 174.60121280740623 severe-corrosion 0
248.03361435246188 292.93288649036117 234.9195723416051 353.0061221075157 129.9993215307768 330.1025726381097 143.11389819311444 270.03006914589025 severe-corrosion 0
11.780034351249924 318.83996573785464 50.80722646693175 262.12527656183 189.60629778419388 357.62986392094865 150.58045342986588 414.34335762450195 severe-corrosion 0
50.81727002390835 202.30224922986523 53.218466906182584 161.51355642024285 125.46697970428795 165.76657242498436 123.06599620133056 206.5550645329037 severe-corrosion 0
569.1388543601352 211.62995296216533 572.1448822712409 238.4874767705529 526.4689134720538 243.5994188932686 523.4629999999743 216.74200000002077 moderate-corrosion 0
150.46000000002095 -7.02186413142272e-8 150.4600010987633 16.425999705508133 113.48999946727417 16.425999555994927 113.49000000001979 -1.329074287516567e-11 moderate-corrosion 0
506.1646032669523 622.3470964581268 494.48797950877633 679.6373897388532 36.75678343992331 586.3377899198285 48.43800000002375 529.0529999999794 severe-corrosion 0
88.62301717927039 525.1820150948829 87.6235733077192 480.45505643776744 173.8135824746132 478.5291680005616 174.81372755930352 523.255405862921 moderate-corrosion 0