282 65 351 65 351 141 282 141 mild-corrosion 0
292 39 305 39 305 53 292 53 mild-corrosion 0
273 162 304 162 304 204 273 204 mild-corrosion 0
260 235 353 235 353 402 260 402 moderate-corrosion 0
212 377 287 377 287 454 212 454 moderate-corrosion 0
92 424 230 424 230 566 92 566 moderate-corrosion 0
0 387 73 387 73 497 0 497 moderate-corrosion 0
152 287 193 287 193 326 152 326 mild-corrosion 0
143 389 170 389 170 415 143 415 mild-corrosion 0
345 190 371 190 371 231 345 231 mild-corrosion 0
394 199 413 199 413 237 394 237 mild-corrosion 0
436 154 469 154 469 200 436 200 mild-corrosion 0
471 48 485 48 485 73 471 73 mild-corrosion 0
47 319 64 319 64 335 47 335 mild-corrosion 0
34 299 51 299 51 322 34 322 mild-corrosion 0
29 2 68 2 68 54 29 54 mild-corrosion 0
148 79 159 79 159 99 148 99 mild-corrosion 0
150 106 161 106 161 123 150 123 mild-corrosion 0
569 355 596 355 596 389 569 389 mild-corrosion 0
546 557 574 557 574 606 546 606 mild-corrosion 0
482 244 503 244 503 275 482 275 mild-corrosion 0
492 209 508 209 508 232 492 232 mild-corrosion 0
464 44 489 44 489 73 464 73 mild-corrosion 0
440.0185781341861 337.6721342882396 592.8685555063566 443.9415095258807 393.3575199745246 730.8386437315584 240.51358871125558 624.5765758083643 severe-corrosion 0
544 342 557 342 557 360 544 360 mild-corrosion 0
550 457 567 457 567 486 550 486 mild-corrosion 0
513 418 530 418 530 442 513 442 mild-corrosion 0
241 260 256 260 256 278 241 278 mild-corrosion 0