640.0056921952637 249.00000000000023 310.38896600213775 249.00000000000009 310.3921595434804 -6.361109362927034e-14 640 -1.90833280887811e-13 severe-corrosion 0
37.14715662281378 561.8894188106235 37.61079205076385 549.0612211970732 53.84992583014537 549.647992534186 53.38633494102396 562.4761471178923 corroded-part 0
26.455442129663425 507.53145781188215 34.12981148401741 519.9897076204677 4.57274617816438 538.193240336062 -3.101527108665323 525.7350744367792 severe-corrosion 0
0 488.731 11.274999999999999 488.731 11.274999999999999 496.369 0 496.369 severe-corrosion 0
417 290 554 290 554 394 417 394 severe-corrosion 0
447 434 504 434 504 598 447 598 severe-corrosion 0
364 310 418 310 418 381 364 381 severe-corrosion 0
313 310 340 310 340 343 313 343 mild-corrosion 0
257 249 292 249 292 330 257 330 moderate-corrosion 0
187 633 214 633 214 640 187 640 mild-corrosion 0
194 578 213 578 213 617 194 617 mild-corrosion 0
197 476 218 476 218 506 197 506 mild-corrosion 0
185 276 190 276 190 335 185 335 mild-corrosion 0
400 476 418 476 418 500 400 500 mild-corrosion 0