441.0065890901751 275.0000000000002 0.4649999999674037 275 0.47177216176351067 14.967000000000084 440.99999999998545 14.966999999999956 moderate-corrosion 0
440.14513986017846 527.3182448990062 467.7320082922233 588.7204685406587 255.60802008694736 683.9916504527577 228.02492535811325 622.5926247898476 severe-corrosion 0
90 465 118 465 118 519 90 519 severe-corrosion 0
172 472 268 472 268 578 172 578 severe-corrosion 0
193 393 227 393 227 441 193 441 severe-corrosion 0
427 469 441 469 441 528 427 528 severe-corrosion 0
289 275 323 275 323 289 289 289 moderate-corrosion 0
283 353 315 353 315 397 283 397 moderate-corrosion 0
63 275 80 275 80 293 63 293 moderate-corrosion 0
104 275 139 275 139 323 104 323 moderate-corrosion 0
164 632 183 632 183 640 164 640 moderate-corrosion 0
355 481 375 481 375 517 355 517 moderate-corrosion 0
379 430 403 430 403 469 379 469 moderate-corrosion 0
406 336 419 336 419 351 406 351 moderate-corrosion 0
371 329 386 329 386 357 371 357 moderate-corrosion 0
179 332 211 332 211 368 179 368 mild-corrosion 0
152 309 166 309 166 328 152 328 mild-corrosion 0
338 301 352 301 352 327 338 327 mild-corrosion 0
225 328 253 328 253 362 225 362 mild-corrosion 0
37 427 62 427 62 459 37 459 moderate-corrosion 0
289 302 313 302 313 337 289 337 mild-corrosion 0
226 380 248 380 248 471 226 471 mild-corrosion 0
277 470 327 470 327 586 277 586 mild-corrosion 0
285.30606104752223 601.1257518612987 279.5035075044143 624.7111722022516 252.4223470294237 618.050271759166 258.2250000000204 594.4650000000208 moderate-corrosion 0
236.49171352604753 618.0928558830175 224.16856427771563 652.5064070634197 156.6135883062816 628.3219754600559 168.93700000000536 593.9089999999694 moderate-corrosion 0
141 388 181 388 181 462 141 462 mild-corrosion 0
604 275 640 275 640 598 604 598 moderate-corrosion 0