242.7320000000327 -9.54166404439055e-14 265.67302337352885 -0.3980676063329712 272.0469163096277 366.92794422334265 249.10589326027548 367.3260018520779 severe-corrosion 0
0 59.423 138.022 59.423 138.022 409.203 0 409.203 moderate-corrosion 0
199.2957755986572 218.4575510937083 350.2644028335635 187.38035375298148 385.3650047377596 357.88573009983287 234.39656397786166 388.9623447241601 severe-corrosion 0
397 37 415 37 415 55 397 55 mild-corrosion 0
453 92 483 92 483 176 453 176 mild-corrosion 0
641.5525677638652 362.16337848097106 639.9981694172311 446.2620472985798 375.4423188960209 441.3662703766601 376.9999999999709 357.2709999999827 moderate-corrosion 0
534 325 548 325 548 335 534 335 mild-corrosion 0
379 220 399 220 399 231 379 231 mild-corrosion 0
445 329 469 329 469 340 445 340 mild-corrosion 0
536 296 552 296 552 305 536 305 mild-corrosion 0
444 199 453 199 453 209 444 209 mild-corrosion 0
78.7999999999738 472.9999999999955 193.71751933191263 402.31715955495395 339.61068725810037 639.4663153748891 224.69638762559043 710.1450273584014 corroded-part 0