229 160 277 160 277 245 229 245 moderate-corrosion 0
399 217 453 217 453 309 399 309 moderate-corrosion 0
302 0 385 0 385 168 302 168 moderate-corrosion 0
410 0 502 0 502 30 410 30 moderate-corrosion 0
379 625 449 625 449 640 379 640 moderate-corrosion 0
401 454 509 454 509 596 401 596 moderate-corrosion 0
392 347 458 347 458 443 392 443 moderate-corrosion 0
593 0 640 0 640 58 593 58 moderate-corrosion 0
640.0000122965139 392.69899999999996 636.8759870574286 392.69899999999996 636.8760030170961 360.53200000000004 640 360.53200000000004 moderate-corrosion 0
640.0000909775554 538.8440000000002 623.8618892584054 538.8440000000002 623.8620712121337 494.7050000000001 640 494.7050000000001 severe-corrosion 0
640.0000322297274 640 632.305983847109 640 632.3060455024824 614.033 640 614.033 severe-corrosion 0
563.2650560875481 417.32302661864276 527.3010990920739 400.254819658571 542.1373505307565 368.99787895064605 578.1010000000242 386.0660000000024 mild-corrosion 0
469.77599999998347 640.0000000000058 469.7760007472971 639.1029988567711 471.9720002788381 639.1030003164745 471.97199999995064 640.0000009912794 mild-corrosion 0