216.31600000000617 -1.8471071312599373e-11 248.74202612198133 -20.05183549536276 286.70100000003004 41.33199999998877 254.2749823322083 61.383823883025954 severe-corrosion 0
301.2864928157069 226.76998200883347 257.9460943588492 251.90238311114396 209.2498855390295 167.9284754885133 252.58980254817288 142.79624912438916 severe-corrosion 0
118.53799999997136 153.25000000002683 115.01566448772792 120.58965443320666 178.24099999997998 113.77100000003543 181.76342587765248 146.43124236843826 moderate-corrosion 0
107.4319999999716 61.090000000012516 96.88124516833341 37.60785521054391 117.29924497914908 28.433869433309447 127.85000189222046 51.916004211382344 mild-corrosion 0
202.72410715784645 235.97666162762224 171.37260928371688 251.6221895319261 131.7924045080872 172.31104770993886 163.14354397378338 156.6656270619915 moderate-corrosion 0
67.10500001543551 21.84600000596386 50.32546082322369 15.36708587276409 58.36567126476439 -5.456001505787614 75.14520865079248 1.0229122467937195 mild-corrosion 0
255.86199999997916 71.56700000000873 276.32431354621076 60.311050032951385 320.4621573117038 140.54916065957272 299.99987352675817 151.80506957044378 moderate-corrosion 0
34.26608751600725 155.03801096942658 -8.479649797009188 149.6801756041285 0 82.02999999999635 42.745483664402855 87.38781927607604 severe-corrosion 0
627.6978218807199 17.60299119531696 661.8494044240651 173.71809390256408 301.3386385902413 252.57772245068512 267.1901175063249 96.46503719493953 severe-corrosion 0
106.00262232626847 486.0931866440478 134.7985051877913 481.2759275106167 147.97789670556085 560.042427437965 119.18203242646996 564.8596120472884 severe-corrosion 0
0.5806895957357483 579.9149484329134 -83.68552723106404 341.3482519949557 218.7568728683982 234.5312371608423 303.02884281372826 473.08659731339594 severe-corrosion 0
271 326 287 326 287 347 271 347 mild-corrosion 0
238 422 261 422 261 456 238 456 mild-corrosion 0
285 368 300 368 300 389 285 389 mild-corrosion 0
62 294 75 294 75 304 62 304 mild-corrosion 0
32 630 46 630 46 640 32 640 mild-corrosion 0
46 451 64 451 64 465 46 465 mild-corrosion 0
46 561 54 561 54 575 46 575 mild-corrosion 0
9 575 16 575 16 589 9 589 mild-corrosion 0
300.3874780650949 474.82345009357107 298.502886129354 297.2562929146277 639.9960312280746 293.62763818290136 641.8891903663462 471.1862966420903 severe-corrosion 0
300 437 363 437 363 531 300 531 moderate-corrosion 0
334.07200000001467 640.0000000000286 334.085492521117 452.9178019756782 542.0472322628484 452.93302175306485 542.0417542229552 640.0070739477997 moderate-corrosion 0