0 168.021 110.481 168.021 110.481 343.551 0 343.551 severe-corrosion 0
118.69980619580019 33.38809545996488 143.71745722826745 8.549969742942181 218.86429456113547 84.2398048124632 193.84669769569882 109.07787371053385 severe-corrosion 0
154.07622594859276 351.99945062754244 154.08118284736702 188.93839885643058 358.00155541051936 188.9437445541463 357.99990824700217 352.0016373459209 severe-corrosion 0
120 229 144 229 144 277 120 277 severe-corrosion 0
94 325 126 325 126 352 94 352 severe-corrosion 0
156 345 175 345 175 352 156 352 severe-corrosion 0
161 310 181 310 181 330 161 330 severe-corrosion 0
358 133 456 133 456 276 358 276 moderate-corrosion 0
538 91 594 91 594 181 538 181 moderate-corrosion 0
258 352 358 352 358 487 258 487 severe-corrosion 0
397.76997698478226 364.7157398702947 399.4134867377579 383.29146424865394 357.99999999995634 386.9549999999859 356.35660638428817 368.3793831955692 mild-corrosion 0