146.73330096760765 322.40728151072034 157.2088165115565 319.0622064495761 171.1160056288645 362.6106295338551 160.6404989665316 365.95568514985996 severe-corrosion 0
640.0032147996535 364.00000000000006 431.3126266790641 364.00000000000006 431.3190842234326 79.56800000000004 640 79.56800000000007 severe-corrosion 0
358 0 494 0 494 264 358 264 moderate-corrosion 0
498 118 517 118 517 146 498 146 mild-corrosion 0
361 268 385 268 385 346 361 346 mild-corrosion 0
528 130 544 130 544 168 528 168 mild-corrosion 0
543 90 559 90 559 131 543 131 mild-corrosion 0
562 120 582 120 582 154 562 154 mild-corrosion 0
194 451 239 451 239 521 194 521 severe-corrosion 0
204 410 220 410 220 426 204 426 mild-corrosion 0
357.9874368794117 639.999999389511 358.0000000000291 481.9100000000027 615.4170068543317 481.93107984402326 615.4129997367272 640.0119673040283 corroded-part 0