469 0 506 0 506 38 469 38 moderate-corrosion 0
604 51 618 51 618 95 604 95 moderate-corrosion 0
633 75 640 75 640 101 633 101 moderate-corrosion 0
320 0 448.271 0 448.271 218.493 320 218.493 severe-corrosion 0
320 263.916 352.3430000000001 263.916 352.3430000000001 358 320 358 severe-corrosion 0
357.19994624618266 357.99999132677135 357.2001918249589 313.01488350023067 391.644038170125 313.0151075900652 391.6439867328154 358.00002015782036 severe-corrosion 0
603.1309657364181 217.58596124302144 620.9907609179209 237.7879108990674 593.2002716013812 262.35532541509417 575.3405464673415 242.15344268961277 moderate-corrosion 0
456 128 482 128 482 159 456 159 moderate-corrosion 0
494 102 518 102 518 138 494 138 moderate-corrosion 0
530 104 554 104 554 149 530 149 moderate-corrosion 0
446 202 522 202 522 326 446 326 severe-corrosion 0
524.7917218678776 215.67578847117034 580.0535522360587 217.8076396618585 574.5991136916564 359.18951642974724 519.337284877256 357.0576980813472 severe-corrosion 0
596.650929062962 131.78801235760406 585.6453123888059 136.27396580792347 577.1657895499811 115.47093739365735 588.1713862843753 110.9849885039823 moderate-corrosion 0
414.3209999999817 9.42239324383567e-13 438.0895418118598 -2.3774572960355163 442.7892088495719 44.60727825867231 419.02066705697507 46.984734620402634 severe-corrosion 0
459.48708109710424 46.31858578576396 445.7061157841963 51.83862652285799 437.734385253425 31.936951123881997 451.5153430860664 26.416912053688115 severe-corrosion 0
408.51514411224343 132.07644952144344 441.8164615486603 120.19971558395297 473.018296341761 207.6852750750319 439.7170132023166 219.56193881236396 severe-corrosion 0
425.53341546874435 192.5815761883487 440.01184646862384 201.84025229804976 430.3409819055378 216.96276981280678 415.86256076654536 207.7041063259858 mild-corrosion 0
447.70099201115954 338.57676823369025 434.45212720223935 343.6806169753471 422.68787104541843 313.1445850168794 435.93664164072834 308.0407564787591 mild-corrosion 0
565.4427741769177 185.54845296157913 578.1125924499065 182.9136233411529 582.4979287015594 204.0003343024295 569.82811166803 206.63515980083258 mild-corrosion 0
0 358 190.22899999999998 358 190.22899999999998 640 0 640 severe-corrosion 0
648.8934857372806 378.9648869529108 640 427.3529999999736 541.6039704885043 409.2694040432567 550.4980000000069 360.88200000001245 severe-corrosion 0
541.0394895551872 482.03454588735957 550.4980000000069 441.96299999998706 649.4573967639008 465.31737135573644 639.9997186390829 505.38819207854385 severe-corrosion 0
648.8013208776101 529.503058559862 640 564.2970000000345 525.1131397279096 535.2401343491867 533.914999999979 500.44699999998716 severe-corrosion 0
505.72372005073703 574.422852547413 514.2489756185387 546.9918335658695 648.5232338788774 588.7111693252411 639.9989580293186 616.1413529291445 severe-corrosion 0
476.84348512644647 605.4081821652902 485.14100000000326 578.8690000000267 595.8613810725365 613.4753178433913 587.5646844410221 640.0138040177673 severe-corrosion 0
541.9446856453578 639.9978134438495 534.5308663394826 663.6407205798614 445.5368881839968 635.7413995198444 452.95100000003004 612.0990000000215 severe-corrosion 0
467 358 518 358 518 394 467 394 mild-corrosion 0
484 435 523 435 523 474 484 474 mild-corrosion 0
473 496 511 496 511 522 473 522 mild-corrosion 0
459 538 491 538 491 566 459 566 mild-corrosion 0
440 574 462 574 462 596 440 596 mild-corrosion 0
411 606 439 606 439 624 411 624 mild-corrosion 0
378 620 396 620 396 640 378 640 mild-corrosion 0