32 257 164 257 164 332 32 332 moderate-corrosion 0
151 105 197 105 197 153 151 153 moderate-corrosion 0
36 173 59 173 59 210 36 210 mild-corrosion 0
0 88 21 88 21 168 0 168 mild-corrosion 0
251 13 267 13 267 47 251 47 mild-corrosion 0
0 232 38 232 38 289 0 289 mild-corrosion 0
288 92 310 92 310 136 288 136 mild-corrosion 0
451 109 461 109 461 124 451 124 mild-corrosion 0
544 100 566 100 566 121 544 121 mild-corrosion 0
632 97 640 97 640 121 632 121 mild-corrosion 0
288 339 464 339 464 494 288 494 severe-corrosion 0