562 460 587 460 587 485 562 485 mild-corrosion 0
31 477 117 477 117 520 31 520 mild-corrosion 0
272 446 459 446 459 502 272 502 mild-corrosion 0
242 413 267 413 267 433 242 433 mild-corrosion 0
71 243 111 243 111 271 71 271 mild-corrosion 0
192 315 248 315 248 354 192 354 mild-corrosion 0
200 160 640 160 640 269 200 269 mild-corrosion 0
573 261 608 261 608 284 573 284 mild-corrosion 0
476 301 511 301 511 336 476 336 mild-corrosion 0
313 318 370 318 370 344 313 344 mild-corrosion 0
246 114 272 114 272 132 246 132 mild-corrosion 0
122 97 135 97 135 109 122 109 mild-corrosion 0
179 64 207 64 207 80 179 80 mild-corrosion 0
448 27 477 27 477 48 448 48 mild-corrosion 0