320.0001628854807 249.00000000000003 285.34794717146724 249.00000000000003 285.3481073540024 193.697 320 193.697 moderate-corrosion 0
383 39 429 39 429 105 383 105 severe-corrosion 0
578 44 613 44 613 262 578 262 severe-corrosion 0
609 62 640 62 640 262 609 262 severe-corrosion 0
444 208 486 208 486 262 444 262 severe-corrosion 0
514 217 548 217 548 262 514 262 severe-corrosion 0
598 0 618 0 618 34 598 34 severe-corrosion 0
520 37 538 37 538 65 520 65 mild-corrosion 0
331 44 375 44 375 79 331 79 mild-corrosion 0
501 149 517 149 517 193 501 193 mild-corrosion 0
333 0 424 0 424 32 333 32 moderate-corrosion 0
386 117 436 117 436 262 386 262 moderate-corrosion 0
523 86 575 86 575 212 523 212 moderate-corrosion 0
448 6 474 6 474 36 448 36 mild-corrosion 0
478 36 513 36 513 88 478 88 mild-corrosion 0
24.942101643173373 583.8535814651176 59.34262642818794 423.7714906427257 161.04889139780425 445.62415004578224 126.65204076722148 605.7030307834261 severe-corrosion 0
213.0000000000291 416.73500000000035 231.88248898230086 415.59608335550985 234.13913959593629 453.0047228563707 215.25665123168437 454.14363259804753 mild-corrosion 0
313.28418171753583 554.2240821082049 320.7767183507531 439.1288328255061 641.0313503300858 459.9635123551935 633.5461856204347 575.0522001480275 corroded-part 0