166.54986432404257 100.99999496796649 166.55000459410076 -0.00010349970447293873 312.99999999995634 3.080367208997416e-11 313.0001136908686 100.99988494328328 severe-corrosion 0
128.42923317344685 104.6260368852156 134.47796668035153 131.7171063752483 47.759380587012856 151.07866824294285 41.71077948885795 123.98771511484773 severe-corrosion 0
413.5498412006564 252.6642318746055 357.41769871827273 240.34398266800324 412.6813750178553 -11.43396865885472 468.81234392669285 0.8861517306169922 severe-corrosion 0
567 207 578 207 578 229 567 229 moderate-corrosion 0
313 228 322 228 322 244 313 244 mild-corrosion 0
490 3 503 3 503 29 490 29 mild-corrosion 0
107.27109541134269 640.0019550929587 107.28025752752728 376.15410628866096 312.9999749040144 376.1617582320833 313.00090886463295 639.9996973410643 corroded-part 0
375 348 417 348 417 411 375 411 moderate-corrosion 0
614 406 640 406 640 523 614 523 mild-corrosion 0
536 326 586 326 586 383 536 383 moderate-corrosion 0
482 406 504 406 504 436 482 436 moderate-corrosion 0
478 336 494 336 494 362 478 362 moderate-corrosion 0
571.2771712872927 419.3215524367155 665.3248032550619 560.3711085650484 407.6381842718547 732.1341159049537 313.60069318870956 591.0935224951895 moderate-corrosion 0