14.06699999999546 -5.565970692561154e-14 36.30163476220332 -2.759199825540945 42.99074572554673 51.144066674526094 20.756111111986684 53.90326503494939 severe-corrosion 0
0 0 390 0 390 172 0 172 severe-corrosion 0
348.3450001408346 10.943999997773883 340.5349514754198 11.067459282101344 340.3600000000006 3.279947015259252e-14 348.1700483851455 -0.12345928248841886 mild-corrosion 0
639.9999999998545 -0.00028448171859370234 640.0002461974509 149.29903754848047 529.9868583236821 149.2988171916353 529.9870896969514 0.000009069481599851957 severe-corrosion 0
336 611 357 611 357 640 336 640 severe-corrosion 0
0 545 9 545 9 612 0 612 severe-corrosion 0
0 621 11 621 11 640 0 640 severe-corrosion 0
21 592 35 592 35 640 21 640 severe-corrosion 0
323 375 334 375 334 640 323 640 severe-corrosion 0
153 564 179 564 179 604 153 604 mild-corrosion 0
183 535 205 535 205 570 183 570 mild-corrosion 0
79 618 92 618 92 640 79 640 mild-corrosion 0
20 407 34 407 34 445 20 445 mild-corrosion 0
22 172 51 172 51 249 22 249 mild-corrosion 0
132 410 168 410 168 446 132 446 mild-corrosion 0
73 422 89 422 89 446 73 446 mild-corrosion 0
265 572 287 572 287 608 265 608 mild-corrosion 0
349 172 359 172 359 612 349 612 severe-corrosion 0
366 435 390 435 390 640 366 640 severe-corrosion 0
74 557 95 557 95 581 74 581 mild-corrosion 0
49 261 67 261 67 319 49 319 mild-corrosion 0
43 342 66 342 66 370 43 370 mild-corrosion 0
396.40047150227474 667.1002010962485 355.12611291356734 492.33665338122773 640 425.0690000000204 681.2813091698627 599.8220372065241 severe-corrosion 0