497.9103117352497 452.92428102561485 417.55949139966106 436.4162332913953 460.6243145926419 226.83546395121 540.9709703595581 243.3430730757757 severe-corrosion 0
68.6433402345574 69.07084210443537 121.41404089903517 71.31280051258142 117.55914961147937 162.04759528947244 64.78844971687067 159.80564548744672 severe-corrosion 0
25.147352863277774 414.37584858717446 6.162965809708112 409.28342697050795 19.92189913718903 357.99694146191973 38.90601462000632 363.08932490042395 severe-corrosion 0
250.00924506231968 475.03317769416924 184.98606254390324 441.6273371505297 243.13445139676332 328.46044737528837 308.1555660608137 361.8656434675615 severe-corrosion 0
521.3084860048548 466.2607204106155 549.423842033575 514.0832889751206 260.8893416956562 683.668101626366 232.77799999996205 635.848999999986 severe-corrosion 0
480.6499518016062 166.03798814917513 508.4634998321417 172.87666238852728 495.47353918416775 225.70664744495218 467.65999999995984 218.86799999999175 moderate-corrosion 0
605 227 623 227 623 261 605 261 moderate-corrosion 0
629 163 640 163 640 216 629 216 moderate-corrosion 0
46 575 65 575 65 601 46 601 moderate-corrosion 0
0 562 8 562 8 585 0 585 moderate-corrosion 0
337 477 364 477 364 509 337 509 moderate-corrosion 0
566 77 576 77 576 101 566 101 moderate-corrosion 0
410 110 428 110 428 130 410 130 mild-corrosion 0
360 168 372 168 372 183 360 183 mild-corrosion 0
425 163 439 163 439 175 425 175 mild-corrosion 0
456 153 469 153 469 167 456 167 mild-corrosion 0
541 232 555 232 555 255 541 255 mild-corrosion 0
196 68 204 68 204 90 196 90 mild-corrosion 0
1 27 19 27 19 48 1 48 mild-corrosion 0
82 443 91 443 91 455 82 455 mild-corrosion 0
54 441 64 441 64 455 54 455 mild-corrosion 0
182 546 211 546 211 582 182 582 mild-corrosion 0
307 560 330 560 330 584 307 584 mild-corrosion 0
414 508 430 508 430 524 414 524 moderate-corrosion 0
460 463 498 463 498 489 460 489 mild-corrosion 0
181 271 196 271 196 289 181 289 mild-corrosion 0
293 334 323 334 323 378 293 378 mild-corrosion 0
41 299 68 299 68 323 41 323 moderate-corrosion 0
0 310 14 310 14 329 0 329 moderate-corrosion 0
164 12 178 12 178 34 164 34 mild-corrosion 0
218 164 226 164 226 179 218 179 mild-corrosion 0
58 616 70 616 70 628 58 628 mild-corrosion 0
589 7 598 7 598 23 589 23 mild-corrosion 0
300 507 316 507 316 524 300 524 mild-corrosion 0
368 415 404 415 404 453 368 453 mild-corrosion 0
416 473 428 473 428 510 416 510 mild-corrosion 0
0 385 12 385 12 479 0 479 mild-corrosion 0
36 121 52 121 52 144 36 144 mild-corrosion 0