142.35392179209157 46.67392574598415 155.3790419413417 88.35942450517439 99.40719344769605 105.8483176562501 86.3821543900849 64.16288776083525 severe-corrosion 0
178.2285243410297 267.99998703752976 178.23000936790777 158.93199808386527 299.0662796928518 158.93351357013552 299.06583242554916 268.000486705759 severe-corrosion 0
321 150 363 150 363 183 321 183 moderate-corrosion 0
170 33 178 33 178 47 170 47 mild-corrosion 0
252 28 263 28 263 41 252 41 mild-corrosion 0
352.3990188600146 129.4714202242163 404.3378433606267 -29.57814763349109 633.0654414623132 45.114511290557935 581.1281982049695 204.16265813780132 severe-corrosion 0
0 268 100.43099999999998 268 100.43099999999998 640 0 640 moderate-corrosion 0
172 391 198 391 198 418 172 418 moderate-corrosion 0
85 616 101 616 101 632 85 632 mild-corrosion 0
204 359 212 359 212 370 204 370 mild-corrosion 0
232 363 240 363 240 377 232 377 mild-corrosion 0
371 468 640 468 640 508 371 508 severe-corrosion 0
371 405 640 405 640 448 371 448 severe-corrosion 0
639.9999999971624 267.9998019473543 640.0019408715889 387.2550000067854 370.99852552571974 387.25344881739824 371.0004610761098 268.0022352840099 severe-corrosion 0