0 3 307 3 307 179 0 179 severe-corrosion 0
0 186 7 186 7 220 0 220 moderate-corrosion 0
51 282 61 282 61 309 51 309 mild-corrosion 0
188 239 195 239 195 255 188 255 mild-corrosion 0
229 211 250 211 250 229 229 229 moderate-corrosion 0
20 305 36 305 36 320 20 320 moderate-corrosion 0
638.1180990010762 175.3996855838215 633.4448728660209 326.90256869078337 351.31214780041773 318.1949183448689 355.98909268061107 166.69591813258984 severe-corrosion 0
351.06665179635456 321.59249649452306 301.075681121074 319.24234829454946 310.65997981117107 115.39912196777632 360.6493298730493 117.7492325376685 moderate-corrosion 0
11.757100502290996 640.0025252085221 11.7670003647072 319.9857370701383 306.9999999999709 319.99999999998823 307.0075637505215 639.9978361102974 severe-corrosion 0
406.6917876484513 527.7372758755838 438.30873876664555 351.7908670421189 671.6080365088419 393.7075141744675 639.999138264393 569.6467964531793 severe-corrosion 0
458.89984144349 639.7932347214119 313.19963259011274 645.9616792554208 299.4273188360967 320.47939070559585 445.1106533264101 314.31130290988534 severe-corrosion 0