58.92122307071986 160.15640706772422 36.32133658131352 163.9028759028278 29.731068513647188 124.1486381584686 52.330860532892984 120.40217732268556 severe-corrosion 0
133.76322518459347 68.97057873453663 169.30900041821587 53.82308460871664 198.1522219755425 121.50748987447736 162.60646979404555 136.6549438357215 severe-corrosion 0
194.3836851533706 34.55470403855432 183.41893746001006 36.97667270591531 175.4652606423042 0.9687523984404336 186.43000356787525 -1.4532157519325257 severe-corrosion 0
91.90300000002026 -6.285571189242275e-12 105.47453454666538 -3.574511281397265 111.69353394601785 20.037489165552266 98.12199951644288 23.612000127364816 severe-corrosion 0
454.000062502746 157.96 435.8919363051973 157.95999999999998 435.89202728748205 44.217 453.9999999999418 44.217 severe-corrosion 0
221.96005540012266 258.1531623190281 224.3780854241777 243.38103045174228 248.52799134896486 247.3339051476803 246.10999951277336 262.10600297662006 severe-corrosion 0
467 0 502 0 502 56 467 56 mild-corrosion 0
540 0 571 0 571 31 540 31 mild-corrosion 0
-10.686624321679119 282.860262637332 241.22956560197053 239.00798699130672 308.79780210816534 627.1164617907283 56.88230063104129 670.9657597278932 severe-corrosion 0
217 333 280 333 280 379 217 379 mild-corrosion 0
350.89099999997416 365.3970000000312 346.3202664198616 343.0545955337236 450.485973228715 321.7459901647968 455.05693095488823 344.08809440108735 mild-corrosion 0
311.5589999999793 339.55499999997505 306.39628484605055 316.02365550142247 351.90923120157095 306.0389683902504 357.0720394561067 329.5701798335454 mild-corrosion 0
640.0062811566022 640 461.81770783281536 640 461.82427725980233 466.36299999999983 640 466.36299999999983 corroded-part 0