44.403000000020256 320.00000000002325 44.404358448664425 213.8154990452388 129.59245085447037 213.81659802435848 129.59198398290027 320.0002262683564 mild-corrosion 0
0 220.90199999997043 -43.56596882418671 134.36880468275822 53.795934671434225 85.35186918549927 97.36202478459745 171.88455830410365 mild-corrosion 0
114 165 138 165 138 183 114 183 mild-corrosion 0
428.08971994796593 145.48137281180948 465.66948016625247 139.25509525066127 493.60114595539926 307.8360062918583 456.0214120132878 314.06219358014545 mild-corrosion 0
203.7130861622427 462.31551446228394 205.57457324721327 491.24827176939743 52.789373465566314 501.073899628052 50.928722886092146 472.1419270419093 corroded-part 0
266 381 295 381 295 433 266 433 moderate-corrosion 0
346 430 386 430 386 487 346 487 moderate-corrosion 0
210.0604036713048 573.2185308843758 193.43689134417218 489.2957629566956 629.7309362982196 402.8703458490262 646.3596594712726 486.7869414823721 severe-corrosion 0
553 392 600 392 600 429 553 429 mild-corrosion 0
499 356 529 356 529 402 499 402 mild-corrosion 0
424 320 496 320 496 363 424 363 mild-corrosion 0
204 612 207 612 207 640 204 640 mild-corrosion 0