58.64800000003015 628.2280000000337 -18.422461484879022 440.0526325270169 602.4200450789795 185.78895208795925 679.4976251867774 373.9445978658454 severe-corrosion 0
616 39 640 39 640 88 616 88 severe-corrosion 0
612 112 640 112 640 220 612 220 severe-corrosion 0
528 112 564 112 564 170 528 170 severe-corrosion 0
404 0 448 0 448 52 404 52 severe-corrosion 0
478 74 505 74 505 107 478 107 severe-corrosion 0
133 193 156 193 156 224 133 224 severe-corrosion 0
78 61 97 61 97 88 78 88 severe-corrosion 0
42 449 64 449 64 473 42 473 severe-corrosion 0
48 512 60 512 60 535 48 535 severe-corrosion 0
30 318 45 318 45 360 30 360 severe-corrosion 0
414 216 427 216 427 252 414 252 severe-corrosion 0
408 146 416 146 416 172 408 172 severe-corrosion 0
324 114 340 114 340 136 324 136 severe-corrosion 0
266 124 282 124 282 143 266 143 severe-corrosion 0
627 0 640 0 640 11 627 11 mild-corrosion 0
550 277 562 277 562 307 550 307 mild-corrosion 0
608 275 622 275 622 295 608 295 moderate-corrosion 0
487 155 505 155 505 185 487 185 moderate-corrosion 0
509 148 521 148 521 171 509 171 moderate-corrosion 0
303 79 315 79 315 96 303 96 moderate-corrosion 0
577 61 601 61 601 113 577 113 moderate-corrosion 0
589 14 616 14 616 60 589 60 moderate-corrosion 0
361.66473737823253 -5.341536324610265 397.7247597499809 0.949963468145538 383.0145568129228 85.26208528084837 346.9545357424795 78.97059350334926 severe-corrosion 0
516 323 526 323 526 335 516 335 moderate-corrosion 0
261 181 303 181 303 214 261 214 severe-corrosion 0
125 163 140 163 140 185 125 185 severe-corrosion 0
44 47 57 47 57 64 44 64 severe-corrosion 0
21 89 32 89 32 108 21 108 severe-corrosion 0
13 19 28 19 28 39 13 39 severe-corrosion 0
455 311 462 311 462 321 455 321 severe-corrosion 0
623 247 640 247 640 266 623 266 severe-corrosion 0
587 254 601 254 601 268 587 268 severe-corrosion 0