468.695000000007 299.9999999999705 468.69616831827443 222.58629050376018 556.5825088225392 222.58745596018602 556.5819999967061 300.00052702218477 severe-corrosion 0
381.6015511591104 299.9999862395087 357.3058813953685 300.6065630485353 349.80100000000675 -6.997220299219738e-13 374.0958551067888 -0.606566634637681 mild-corrosion 0
291.40676752780564 420.7580863655819 335.50441735395 626.6250585865571 286.539307879284 637.1099193975656 242.44400000003225 431.24500000000415 corroded-part 0
604 341 640 341 640 413 604 413 mild-corrosion 0
604 315 615 315 615 328 604 328 mild-corrosion 0
604 438 630 438 630 478 604 478 mild-corrosion 0
615 509 640 509 640 640 615 640 moderate-corrosion 0
499 570 535 570 535 607 499 607 mild-corrosion 0
396 609 411 609 411 624 396 624 mild-corrosion 0
382 589 396 589 396 611 382 611 mild-corrosion 0
342 300 375 300 375 345 342 345 mild-corrosion 0
467 364 475 364 475 383 467 383 mild-corrosion 0
472 390 481 390 481 406 472 406 mild-corrosion 0
582 538 595 538 595 555 582 555 mild-corrosion 0