298 2 370 2 370 164 298 164 moderate-corrosion 0
257 147 323 147 323 220 257 220 moderate-corrosion 0
151 201 271 201 271 335 151 335 moderate-corrosion 0
22 173 112 173 112 277 22 277 moderate-corrosion 0
0 199 18 199 18 230 0 230 mild-corrosion 0
181 62 217 62 217 99 181 99 mild-corrosion 0
184 164 208 164 208 188 184 188 mild-corrosion 0
78 101 93 101 93 116 78 116 mild-corrosion 0
64 81 78 81 78 103 64 103 mild-corrosion 0
3 323 41 323 41 345 3 345 mild-corrosion 0
502 0 519 0 519 28 502 28 mild-corrosion 0
537.001139357526 345.00000000000006 335.2939999999944 345.00000000000006 335.2986819252692 123.11699999999995 536.9992982389522 123.117 severe-corrosion 0
264 30 277 30 277 47 264 47 mild-corrosion 0
537 77.603 640 77.603 640 311.235 537 311.235 severe-corrosion 0
133.33046825238853 639.9976990539237 133.35200035522575 344.9947324603368 442.91426732350374 345.0170022108763 442.9094399378664 640.0032362232129 moderate-corrosion 0
577.5387944337126 565.625246365235 599.1037555986986 559.4273036851888 621.6809838444897 637.9614505549766 600.1160695572617 644.1592796098632 severe-corrosion 0