-22.02791284697014 244.31370742269968 12.257439897875884 112.59710680614909 341.52449841509224 198.29974728263468 307.24336986422713 330.0127499026132 severe-corrosion 0
655.6257549784641 278.0588676184972 478.5797268875467 311.3829817415939 422.71301494780346 14.566212621250617 599.7541936660855 -18.757481529399733 severe-corrosion 0
320.00116505754704 640 201.78800000001502 640.0000000000001 201.79262283701974 509.63000000000017 319.9992364085483 509.63 severe-corrosion 0
102.94401878032659 598.7388933368937 100.31006755256385 613.698412271902 82.37000104039907 610.5404578733306 85.00399999997171 595.5810000000007 mild-corrosion 0
355 395 421 395 421 465 355 465 severe-corrosion 0
596 454 640 454 640 560 596 560 severe-corrosion 0
597 281 618 281 618 315 597 315 severe-corrosion 0
417 610 438 610 438 626 417 626 moderate-corrosion 0
443 488 468 488 468 526 443 526 moderate-corrosion 0
541 545 560 545 560 569 541 569 mild-corrosion 0
569 336 578 336 578 349 569 349 mild-corrosion 0
320 315 330 315 330 329 320 329 mild-corrosion 0
369 594 387 594 387 606 369 606 mild-corrosion 0
430 453 446 453 446 476 430 476 moderate-corrosion 0