-8.05910552109708 274.25449071164826 0 214.42699999997956 76.36294334930426 224.7130640814386 68.30431413960468 284.5401207924739 severe-corrosion 0
300.0012293814507 322.30400000000003 178.2136506302777 322.304 178.21453158263466 234.30399999999992 300 234.30400000000006 severe-corrosion 0
300 0 446.726 0 446.726 81.382 300 81.382 severe-corrosion 0
576.6463012921304 352.5283476061562 300.1841949742811 362.90893387342624 289.400396154233 75.50454849589852 565.8492773980106 65.12421747186053 moderate-corrosion 0
300.0095970505208 589.733 86.67203017415886 589.733 86.68043829158705 358 300 358 corroded-part 0
300 515 331 515 331 613 300 613 severe-corrosion 0
575 361 621 361 621 411 575 411 severe-corrosion 0
463 561 484 561 484 574 463 574 severe-corrosion 0
572 481 603 481 603 505 572 505 moderate-corrosion 0
510 591 538 591 538 625 510 625 moderate-corrosion 0
480 514 505 514 505 538 480 538 moderate-corrosion 0
619 561 640 561 640 587 619 587 mild-corrosion 0
407 427 427 427 427 448 407 448 mild-corrosion 0
327 629 335 629 335 640 327 640 moderate-corrosion 0
375 358 392 358 392 366 375 366 moderate-corrosion 0
538 469 555 469 555 491 538 491 mild-corrosion 0
565 532 575 532 575 548 565 548 mild-corrosion 0