475 444 501 444 501 469 475 469 mild-corrosion 0
0 475 36 475 36 520 0 520 mild-corrosion 0
188 434 376 434 376 495 188 495 mild-corrosion 0
169 406 194 406 194 427 169 427 mild-corrosion 0
27 240 67 240 67 270 27 270 mild-corrosion 0
134 308 191 308 191 348 134 348 mild-corrosion 0
157 141 618 141 618 264 157 264 mild-corrosion 0
519 243 555 243 555 267 519 267 mild-corrosion 0
415 287 452 287 452 323 415 323 mild-corrosion 0
254 308 312 308 312 336 254 336 mild-corrosion 0
222 106 249 106 249 124 222 124 mild-corrosion 0
103 94 116 94 116 106 103 106 mild-corrosion 0
163 58 192 58 192 75 163 75 mild-corrosion 0
434 13 463 13 463 35 434 35 mild-corrosion 0