40.50939486194693 319.99925347996094 40.51520297311072 192.789051204123 328.3522057650407 192.80063055865133 328.3499998933985 320.0070439980756 severe-corrosion 0
427 91 437 91 437 125 427 125 moderate-corrosion 0
424 174 453 174 453 232 424 232 moderate-corrosion 0
321 582 347 582 347 606 321 606 moderate-corrosion 0
39 338 66 338 66 362 39 362 moderate-corrosion 0
34 409 81 409 81 431 34 431 moderate-corrosion 0
298 365 324 365 324 389 298 389 moderate-corrosion 0
314 324 329 324 329 336 314 336 moderate-corrosion 0
328 417 351 417 351 441 328 441 moderate-corrosion 0
250 403 272 403 272 415 250 415 moderate-corrosion 0
308 398 331 398 331 416 308 416 moderate-corrosion 0
264 513 314 513 314 545 264 545 mild-corrosion 0
121 562 179 562 179 580 121 580 mild-corrosion 0
72 594 109 594 109 616 72 616 mild-corrosion 0
58 563 80 563 80 586 58 586 mild-corrosion 0
57 508 77 508 77 520 57 520 mild-corrosion 0
159 486 183 486 183 504 159 504 moderate-corrosion 0
128 478 154 478 154 496 128 496 moderate-corrosion 0
200 451 218 451 218 461 200 461 mild-corrosion 0
118 452 133 452 133 469 118 469 mild-corrosion 0
128 616 147 616 147 640 128 640 moderate-corrosion 0
163 588 192 588 192 610 163 610 moderate-corrosion 0
304 636 317 636 317 640 304 640 moderate-corrosion 0
73 320 105 320 105 375 73 375 moderate-corrosion 0
8 585 28 585 28 615 8 615 mild-corrosion 0
110 521 126 521 126 537 110 537 mild-corrosion 0
212 388 228 388 228 399 212 399 mild-corrosion 0
268 378 286 378 286 399 268 399 mild-corrosion 0
269 576 285 576 285 586 269 586 mild-corrosion 0
95 435 105 435 105 446 95 446 mild-corrosion 0
160 617 180 617 180 629 160 629 mild-corrosion 0
259 622 273 622 273 634 259 634 mild-corrosion 0
170 402 182 402 182 426 170 426 mild-corrosion 0
155 449 169 449 169 457 155 457 mild-corrosion 0
230 560 242 560 242 567 230 567 mild-corrosion 0
44 534 59 534 59 542 44 542 mild-corrosion 0
334 633 345 633 345 640 334 640 mild-corrosion 0
95 519 107 519 107 527 95 527 mild-corrosion 0
352 320 461 320 461 640 352 640 severe-corrosion 0