0 0 206.174 0 206.174 300 0 300 severe-corrosion 0
525 170 625 170 625 198 525 198 moderate-corrosion 0
481 8 537 8 537 28 481 28 moderate-corrosion 0
569 250 607 250 607 264 569 264 moderate-corrosion 0
162 514 168 514 168 525 162 525 mild-corrosion 0
147 505 153 505 153 511 147 511 mild-corrosion 0
168 509 177 509 177 515 168 515 mild-corrosion 0
251 474 261 474 261 480 251 480 mild-corrosion 0
43.65972721003345 498.07996653344054 36.045000000012806 490.05300000000705 50.336306224853615 476.49807091222794 57.95100832350727 484.5250087740928 mild-corrosion 0
141 469 147 469 147 473 141 473 mild-corrosion 0
132 471 140 471 140 479 132 479 mild-corrosion 0
106 485 114 485 114 491 106 491 mild-corrosion 0
405 300 477 300 477 463 405 463 moderate-corrosion 0