108 4 150 4 150 43 108 43 moderate-corrosion 0
147 207 190 207 190 253 147 253 moderate-corrosion 0
69 103 119 103 119 159 69 159 moderate-corrosion 0
8 123 28 123 28 159 8 159 moderate-corrosion 0
192.78789479765692 174.88758433472537 194.82988107862184 201.66218693425859 150.0058953143889 205.08051719383704 147.96399999999267 178.3059999999877 moderate-corrosion 0
423.231 0 640 0 640 377 423.231 377 severe-corrosion 0
157.64985954352596 520.0379654719926 185.46375278543564 526.8753632667297 172.4738669443468 579.7053220357758 144.6600000000035 572.8680000000006 moderate-corrosion 0
243 431 253 431 253 455 243 455 moderate-corrosion 0
87 464 105 464 105 484 87 484 mild-corrosion 0
37 522 49 522 49 537 37 537 mild-corrosion 0
102 517 116 517 116 529 102 529 mild-corrosion 0
133 507 146 507 146 521 133 521 mild-corrosion 0
218 586 232 586 232 609 218 609 mild-corrosion 0
389 484 452 484 452 640 389 640 severe-corrosion 0
578 377 640 377 640 640 578 640 severe-corrosion 0
281 377 363 377 363 640 281 640 severe-corrosion 0