395 448 451 448 451 536 395 536 moderate-corrosion 0
481 233 509 233 509 281 481 281 moderate-corrosion 0
485 309 523 309 523 362 485 362 moderate-corrosion 0
380.683849791385 639.9999437087671 380.6850569960807 595.2267870428402 470.37611396590364 595.2288708551466 470.37583077581075 640.0010975740838 severe-corrosion 0
0 529 14 529 14 621 0 621 moderate-corrosion 0
1 115 54 115 54 219 1 219 mild-corrosion 0
307 134 332 134 332 168 307 168 mild-corrosion 0
544 578 581 578 581 638 544 638 mild-corrosion 0
560 471 594 471 594 512 560 512 mild-corrosion 0
387 542 422 542 422 580 387 580 moderate-corrosion 0
302 607 334 607 334 640 302 640 mild-corrosion 0