200.60599999982514 -0.00029431051919470176 200.60619234194746 133.92407535159634 61.6687191031815 133.92381660200078 61.66899999996531 -2.2486521597947064e-11 severe-corrosion 0
375.6504073144606 332.1479827532046 372.6820690117165 346.8488204646883 246.03148804890225 321.27662122183995 249.00000000001455 306.5759999999889 severe-corrosion 0
267.6676420700096 281.30264584514543 270.6424049735506 244.85648529615233 439.6482599749288 258.6490352867647 436.67416104653967 295.09457815633044 severe-corrosion 0
-52.961536600705585 406.0779816744878 27.598594965529628 304.04465504244007 285.02533714730816 507.2667862103377 204.4712261715904 609.2945525560292 corroded-part 0
386 483 438 483 438 545 386 545 moderate-corrosion 0
313 526 362 526 362 598 313 598 moderate-corrosion 0
291 603 292 603 292 609 291 609 moderate-corrosion 0
249 504 290 504 290 593 249 593 moderate-corrosion 0
306 339 459 339 459 398 306 398 severe-corrosion 0
532.9733894039964 536.8475471156252 466.36834692450066 560.5990298946748 403.96478204136656 385.6283001662574 470.5660445365356 361.87754866862974 severe-corrosion 0
498.9333282584266 415.8366698919733 469.97634010716865 397.32078731230774 489.3184927078255 367.0753423635918 518.2752540889487 385.59112800090423 mild-corrosion 0
498.57531782203296 533.9702787800526 566.7038824156771 527.9160414712838 576.3636160574242 636.5908998540159 508.2350696934009 642.6449927306701 severe-corrosion 0
637.9944704558875 640.352454475084 557.0637492292008 639.8038500598209 559.1030169210717 339.64140869672946 640.0257825252629 340.18998817192187 severe-corrosion 0