265 229 384 229 384 349 265 349 moderate-corrosion 0
27 69 62 69 62 100 27 100 mild-corrosion 0
19 95 34 95 34 112 19 112 mild-corrosion 0
28 0 50 0 50 16 28 16 mild-corrosion 0
60 22 72 22 72 38 60 38 mild-corrosion 0
412 559 443 559 443 585 412 585 mild-corrosion 0
424 219 451 219 451 239 424 239 mild-corrosion 0
334 145 386 145 386 174 334 174 mild-corrosion 0
362 57 400 57 400 94 362 94 mild-corrosion 0
66 220 89 220 89 242 66 242 mild-corrosion 0
87 141 91 141 91 147 87 147 mild-corrosion 0