33.98339242616203 298.43869688313373 -14.242074877838604 292.13978870160776 21.04021863800881 22.02712232916162 69.26408260413154 28.32592206254873 severe-corrosion 0
394.03398963542713 266.199999096326 529.6936398278194 278.0280204363819 527.2696457257553 305.82798633151765 391.6099999999278 294.00000000000176 mild-corrosion 0
130.91424715057656 319.0544387559374 353.20184035976126 410.44909355622156 233.17762832644803 702.3124823806827 10.892690766049782 610.9231554986063 moderate-corrosion 0
88.94623275868071 506.26465592209973 -14.880066893310868 488.9120110538464 16.693727743186173 300.0444714716559 120.514195403739 317.3966177320727 moderate-corrosion 0
267 307 287 307 287 330 267 330 mild-corrosion 0
192 294 234 294 234 312 192 312 mild-corrosion 0
243 602 279 602 279 639 243 639 mild-corrosion 0
255 404 269 404 269 423 255 423 mild-corrosion 0
289 294 305 294 305 304 289 304 mild-corrosion 0
282 339 300 339 300 361 282 361 mild-corrosion 0
11 539 38 539 38 557 11 557 mild-corrosion 0
609.6086530129105 433.57010901910024 617.1766531311732 430.5522181373522 630.4792859910231 463.9064572364595 622.9112957986217 466.92432996744037 moderate-corrosion 0