0 25 352 25 352 201 0 201 severe-corrosion 0
111 206 145 206 145 251 111 251 moderate-corrosion 0
155 208 171 208 171 242 155 242 moderate-corrosion 0
215 304 225 304 225 331 215 331 mild-corrosion 0
27 308 55 308 55 391 27 391 moderate-corrosion 0
0 219 21 219 21 248 0 248 moderate-corrosion 0
83 220 102 220 102 257 83 257 moderate-corrosion 0
67 271 88 271 88 294 67 294 moderate-corrosion 0
184 327 201 327 201 352 184 352 moderate-corrosion 0
639.9999999997817 -0.00032757859227632355 640.0002832576138 164.000057437441 538.3567951265286 163.99981622574643 538.3570513900486 0.000022706640790230853 severe-corrosion 0
148 603 242 603 242 640 148 640 mild-corrosion 0