191 239 218 239 218 259 191 259 severe-corrosion 0
159 43 219 43 219 74 159 74 severe-corrosion 0
144 28 169 28 169 49 144 49 severe-corrosion 0
273 0 294 0 294 6 273 6 mild-corrosion 0
385 0 404 0 404 6 385 6 mild-corrosion 0
142 173 158 173 158 191 142 191 mild-corrosion 0
186 89 227 89 227 111 186 111 mild-corrosion 0
69 76 85 76 85 90 69 90 mild-corrosion 0
45 208 69 208 69 238 45 238 mild-corrosion 0
360 326 394 326 394 352 360 352 moderate-corrosion 0
163 239 183 239 183 262 163 262 moderate-corrosion 0
129 228 147 228 147 249 129 249 moderate-corrosion 0
301 1 321 1 321 30 301 30 mild-corrosion 0
70 163 81 163 81 172 70 172 mild-corrosion 0
116 78 137 78 137 91 116 91 mild-corrosion 0
480 50.77299999999581 478.2874637173518 36.24179656661393 639.9830754927098 17.185394557466363 641.6956387610844 31.716578013982243 severe-corrosion 0
508 128 520 128 520 138 508 138 mild-corrosion 0
505 349 529 349 529 358 505 358 mild-corrosion 0
159 602 175 602 175 621 159 621 moderate-corrosion 0
285 360 302 360 302 390 285 390 mild-corrosion 0
48 405 57 405 57 419 48 419 mild-corrosion 0
75 362 83 362 83 378 75 378 mild-corrosion 0
155 392 166 392 166 402 155 402 mild-corrosion 0
161 463 175 463 175 479 161 479 mild-corrosion 0
135 447 144 447 144 459 135 459 mild-corrosion 0
434 567 447 567 447 593 434 593 mild-corrosion 0
454 383 478 383 478 411 454 411 mild-corrosion 0
217 601 246 601 246 625 217 625 mild-corrosion 0
215 535 241 535 241 563 215 563 mild-corrosion 0
0 582 5 582 5 598 0 598 mild-corrosion 0
116 595 124 595 124 609 116 609 mild-corrosion 0
259 404 269 404 269 414 259 414 mild-corrosion 0
151 525 157 525 157 533 151 533 mild-corrosion 0