308 122 351 122 351 168 308 168 moderate-corrosion 0
230 18 280 18 280 74 230 74 moderate-corrosion 0
169 38 189 38 189 74 169 74 moderate-corrosion 0
102 21 133 21 133 57 102 57 moderate-corrosion 0
0 31.429000000000002 95.226 31.429000000000002 95.226 184.219 0 184.219 severe-corrosion 0
353.7879735646129 89.88765238921964 355.82986758126935 116.66220430125988 311.0058436644613 120.08050454910985 308.9639999999781 93.30599999999542 moderate-corrosion 0
500.23999999997613 -2.8624992133171654e-13 520.2887680714775 -0.4534506971722752 524.913000000015 203.9999999999999 504.86423205824394 204.4534471798238 severe-corrosion 0
473.1620000000112 204.00000000002993 473.16278246056754 152.66107209265022 616.8762904214964 152.66292383965578 616.8759999930626 204.00134177549432 severe-corrosion 0
535.053 18.998 640 18.998 640 204 535.053 204 moderate-corrosion 0
193.36295487024472 203.52104659138797 222.2939414146822 204.38063438787526 209.3239845750213 640.8595285425906 180.39300000004005 640.0000000000009 severe-corrosion 0
389.9995005322853 306.97293461792333 395.2217271277914 631.5908159111833 0 637.9229999999969 -5.198833268441376 313.32865794626724 severe-corrosion 0
390 204 640 204 640 640 390 640 severe-corrosion 0