322 85 366 85 366 151 322 151 severe-corrosion 0
345 37 372 37 372 72 345 72 severe-corrosion 0
199 0 237 0 237 25 199 25 severe-corrosion 0
95 49 210 49 210 165 95 165 severe-corrosion 0
0 31 78 31 78 192 0 192 severe-corrosion 0
137 19 167 19 167 38 137 38 severe-corrosion 0
208 159 227 159 227 192 208 192 moderate-corrosion 0
305.08244043601735 66.28912992416447 292.838594002169 69.41798318461078 286.7828935100988 45.72081564831407 299.02672813150275 42.59196396386591 mild-corrosion 0
262 129 275.632 129 275.632 147.443 262 147.443 mild-corrosion 0
391.3126255283714 25.676016852543718 382.13550194195705 26.873575087708502 379.99814063201484 10.494553411507429 389.1752621425985 9.296995316205368 mild-corrosion 0
105.31845588666329 59.74909092475376 84.78260358526313 72.59504113708186 69.26236619714473 47.78404405469952 89.79820107924752 34.93810090776034 moderate-corrosion 0
286 5 296 5 296 28 286 28 mild-corrosion 0
394 30 402 30 402 54 394 54 mild-corrosion 0
126 177 141 177 141 192 126 192 mild-corrosion 0
98 158 120 158 120 185 98 185 mild-corrosion 0
61 17 73 17 73 26 61 26 mild-corrosion 0
422 0 640 0 640 192 422 192 severe-corrosion 0
87 347 123 347 123 384 87 384 moderate-corrosion 0
257 533 302 533 302 557 257 557 moderate-corrosion 0
341 514 382 514 382 544 341 544 moderate-corrosion 0
276 483 317 483 317 511 276 511 moderate-corrosion 0
209 465 227 465 227 479 209 479 moderate-corrosion 0
377 406 422 406 422 444 377 444 moderate-corrosion 0
258 378 295 378 295 427 258 427 moderate-corrosion 0
124 281 149 281 149 298 124 298 mild-corrosion 0
242 560 258 560 258 572 242 572 mild-corrosion 0
422 298.75 560.865 298.75 560.865 522.696 422 522.696 severe-corrosion 0