399 537 486 537 486 640 399 640 moderate-corrosion 0
619 565 640 565 640 640 619 640 moderate-corrosion 0
382 117 421 117 421 171 382 171 moderate-corrosion 0
390 18 417 18 417 64 390 64 moderate-corrosion 0
434 20 466 20 466 44 434 44 moderate-corrosion 0
304 143 325 143 325 183 304 183 moderate-corrosion 0
280 23 302 23 302 60 280 60 moderate-corrosion 0
243 46 269 46 269 81 243 81 moderate-corrosion 0
388 18 415 18 415 61 388 61 moderate-corrosion 0
359 103 378 103 378 130 359 130 mild-corrosion 0
236 227 252 227 252 250 236 250 mild-corrosion 0
237 147 254 147 254 169 237 169 mild-corrosion 0
239 38 269 38 269 82 239 82 mild-corrosion 0
516 467 536 467 536 505 516 505 mild-corrosion 0
432 322 444 322 444 339 432 339 mild-corrosion 0
555 359 571 359 571 391 555 391 mild-corrosion 0
234 272 248 272 248 299 234 299 mild-corrosion 0
242 556 278 556 278 595 242 595 moderate-corrosion 0
153 542 186 542 186 570 153 570 moderate-corrosion 0
214 534 235 534 235 560 214 560 moderate-corrosion 0
262 437 301 437 301 490 262 490 moderate-corrosion 0
247 376 268 376 268 418 247 418 moderate-corrosion 0
322 318 347 318 347 361 322 361 moderate-corrosion 0
392 305 424 305 424 359 392 359 moderate-corrosion 0
404 245 432 245 432 281 404 281 moderate-corrosion 0
347 198 383 198 383 241 347 241 moderate-corrosion 0
608 445 636 445 636 496 608 496 moderate-corrosion 0
627 375 640 375 640 448 627 448 moderate-corrosion 0
548 402 575 402 575 431 548 431 moderate-corrosion 0
486 348 501 348 501 374 486 374 mild-corrosion 0
564 216 589 216 589 255 564 255 moderate-corrosion 0
647.9998055761826 30.17976575986743 637.1562835846998 263.02162765601685 447.28426500354544 254.1773312030674 458.1299746525474 21.337800793510944 severe-corrosion 0
438 63 457 63 457 90 438 90 moderate-corrosion 0
334 432 363 432 363 488 334 488 moderate-corrosion 0
359 372 405 372 405 433 359 433 moderate-corrosion 0
301 570 405 570 405 640 301 640 moderate-corrosion 0
334 502 389 502 389 578 334 578 moderate-corrosion 0
372 443 448 443 448 531 372 531 moderate-corrosion 0
531 590 551 590 551 626 531 626 moderate-corrosion 0
464 484 497 484 497 530 464 530 mild-corrosion 0
247 500 276 500 276 534 247 534 mild-corrosion 0
236 596 266 596 266 628 236 628 moderate-corrosion 0
292 69 308 69 308 95 292 95 moderate-corrosion 0