114 80 138 80 138 122 114 122 moderate-corrosion 0
200 109 226 109 226 155 200 155 moderate-corrosion 0
151 0 192 0 192 84 151 84 moderate-corrosion 0
205 0 251 0 251 15 205 15 moderate-corrosion 0
321 0 340 0 340 18 321 18 moderate-corrosion 0
380 565 418 565 418 619 380 619 moderate-corrosion 0
319 626 347 626 347 640 319 640 moderate-corrosion 0
269 509 283 509 283 553 269 553 moderate-corrosion 0
243 501 254 501 254 527 243 527 moderate-corrosion 0
190 313 224 313 224 372 190 372 moderate-corrosion 0
147 358 159 358 159 381 147 381 moderate-corrosion 0
201 227 255 227 255 298 201 298 moderate-corrosion 0
196 174 230 174 230 222 196 222 moderate-corrosion 0
297 0 343 0 343 29 297 29 moderate-corrosion 0
352 52 370 52 370 80 352 80 moderate-corrosion 0
478 0 493 0 493 20 478 20 moderate-corrosion 0
640.0075757096783 639.9999999999999 438.7236361623218 640.0000000000001 438.7408760645485 180.15599999999992 639.9988062679768 180.15599999999995 severe-corrosion 0
560.9764275362977 224.81334272285937 620.6049422400247 247.31282629367803 582.5926652340422 348.0475553544876 522.964287991781 325.54833122556965 severe-corrosion 0
522.5643015778041 292.0799242136782 488.66121213031875 285.5171394371133 497.8866105596535 237.86248483149254 531.7893880548945 244.42523877380083 severe-corrosion 0
513.2340205885703 89.25585550551361 529.2185384565528 84.83979863728896 538.8063651092671 119.54398832013764 522.821849808679 123.96003902079516 severe-corrosion 0
283.8690065935225 385.4140074578237 266.00868157300283 365.2125005418146 293.79953290983394 340.6448406183068 311.659785567972 360.8462468852992 moderate-corrosion 0
376.81058100570226 211.4899255275309 398.2467713641381 214.05378845933242 395.2324236318964 239.25549891031412 373.7962342418905 236.69164144526042 moderate-corrosion 0
318.2900372232689 178.5839680142267 330.59341308515286 178.19845667694497 331.1904838535702 197.25314542675557 318.88710801657 197.63865625107655 moderate-corrosion 0
405 444 431 444 431 475 405 475 moderate-corrosion 0
368 466 392 466 392 502 368 502 moderate-corrosion 0
334 455 358 455 358 500 334 500 moderate-corrosion 0
366 278 442 278 442 402 366 402 severe-corrosion 0
362.2088937350054 387.3242353064212 306.9454933644738 385.1923224136873 312.59625851780584 238.74916111219682 367.85786545689916 240.88104052590123 severe-corrosion 0
290.3488798709441 471.21144071111365 301.35474961425643 466.7261137561772 309.83442006057885 487.5295963855563 298.82856037744205 492.0149053595883 moderate-corrosion 0
480.26083032069437 626.4630319851675 454.6634907701082 631.1556578356953 441.59053015348036 559.8622343381503 467.1870684336318 555.1696839694465 severe-corrosion 0
427.512754866475 556.6809282859639 441.2941899094585 551.1620225663739 449.2657328209316 571.0633697618316 435.48431143128255 576.5822506644791 severe-corrosion 0
478.48583628438064 470.923838554147 445.1835082859907 482.79965054172015 413.981680523284 395.3144008420773 447.283111615252 383.43876332727694 severe-corrosion 0
461.46665493368346 410.4183250198407 446.9878276880627 401.16020441235105 456.6588766362838 386.03745611685775 471.1376462181215 395.2955520921302 mild-corrosion 0
439.29905243130634 264.4232411046276 452.54784980992554 259.3193022049791 464.3121419334784 289.855351614981 451.06335382421094 294.95927327406537 mild-corrosion 0
281.63200700859306 208.6610033270695 263.6510194757284 200.1252229284786 271.07005090263556 184.49723034220017 289.05100000003586 193.03300000000542 mild-corrosion 0
232.27738618465082 354.39252480879134 219.5987825292832 349.41148419991066 231.92173151626776 318.04776901295907 244.60024013307702 323.02878879040753 mild-corrosion 0
342.21432943253603 210.72206097958744 340.19395017930947 171.49015009518646 398.0667701349739 168.50985764483738 400.0873010705982 207.74160436004473 moderate-corrosion 0
418.1591046678659 12.753156018726436 419.6715469531773 30.082789069974993 400.38943923500483 31.765630040102696 398.87699999999313 14.435999999995166 mild-corrosion 0
321.5573072774714 417.45165774350767 308.8873760650313 420.0862663024308 304.50205729510344 398.9995559460072 317.1719086730445 396.3649559335415 mild-corrosion 0