240 76 246 76 246 86 240 86 mild-corrosion 0
225 67 231 67 231 73 225 73 mild-corrosion 0
246 71 255 71 255 77 246 77 mild-corrosion 0
373 56 381 56 381 63 373 63 mild-corrosion 0
329 36 339 36 339 42 329 42 mild-corrosion 0
121.65904206965934 60.08062201592638 114.04499999996915 52.05299999999184 128.33696152971243 38.497382005903326 135.9510010444501 46.52500110118246 mild-corrosion 0
219 31 225 31 225 35 219 35 mild-corrosion 0
210 33 218 33 218 41 210 41 mild-corrosion 0
184 47 192 47 192 53 184 53 mild-corrosion 0
403 0 443 0 443 138 403 138 mild-corrosion 0
216 277 392 277 392 428 216 428 severe-corrosion 0
216 434 330 434 330 498 216 498 severe-corrosion 0
641.8616337837739 271.4107767422723 638.711146108908 322.1470936128133 468.6699999999837 311.5870000000204 471.82136229486787 260.85162379035444 corroded-part 0