0 405.77399999998164 -2.9458891969989054 346.5145681699142 124.55221147960401 340.1763332062908 127.49908627003606 399.4347347643182 moderate-corrosion 0
248.99999508132169 382.20395208706907 250.1795857493562 393.6942720068078 233.2209999999759 395.4349999999778 232.0414401149901 383.944708396514 mild-corrosion 0
92.00900000003458 152.89200000002242 85.7406010224804 139.87160105490256 141.17166228934366 113.18578600550963 147.4400700021215 126.20614540397229 mild-corrosion 0
69.0299819309439 167.23966680972353 70.43924685785896 193.2262051846071 1.1650256247230573 196.98265661611026 -0.2441123795870226 170.99623765252827 mild-corrosion 0
0 267.9710000000257 -2.594717812316958 262.71526809622316 83.48300384510367 220.2209353965008 86.07773020361492 225.47662161685824 mild-corrosion 0
22.3951377809135 322.4092775271717 22.26251935302571 318.7593791559464 143.11834749176342 314.36759984894377 143.25101620779606 318.0174458762948 mild-corrosion 0
591 79 615 79 615 109 591 109 moderate-corrosion 0
529 81 553 81 553 142 529 142 moderate-corrosion 0
589 161 621 161 621 192 589 192 moderate-corrosion 0
616 212 633 212 633 243 616 243 moderate-corrosion 0
559 200 579 200 579 235 559 235 moderate-corrosion 0
588.0176444848621 288.74020131728844 605.6625310712116 283.0895854382427 614.1149930567917 309.4819518649347 596.4701143089769 315.1325503483643 moderate-corrosion 0
622.5341499422939 317.8950353975672 634.2945752555534 337.19382685583014 608.3714435220463 352.9896264041421 596.6111018878291 333.69090792740656 moderate-corrosion 0
566.8741381310974 296.3284104194914 561.2018022859411 311.70727234941796 548.8254395857803 307.14267101815113 554.4977854682656 291.76383190527605 mild-corrosion 0
516.0655534626858 360.68684321324224 501.7261260574742 357.82372078823386 506.80601418403967 332.38458139019065 521.1453490963322 335.24769433854533 moderate-corrosion 0
592.0390192144259 392.5996733947836 562.2547653612855 397.83015074011723 554.3670074292459 352.91789264696365 584.1508927209361 347.6874484317073 moderate-corrosion 0
396 175 404 175 404 193 396 193 moderate-corrosion 0
124 416 218 416 218 458 124 458 mild-corrosion 0
118 482 150 482 150 512 118 512 mild-corrosion 0
0 476 31 476 31 512 0 512 mild-corrosion 0
39 416 89 416 89 456 39 456 mild-corrosion 0
0 422 19 422 19 452 0 452 mild-corrosion 0
448.69479301036336 415.99770756528517 448.6965412430436 488.8904600944834 344.7064739182679 488.8914711274703 344.7060000000056 415.9999999999704 severe-corrosion 0
289 484 310 484 310 511 289 511 mild-corrosion 0