415 150 428 150 428 204 415 204 severe-corrosion 0
304 10 342 10 342 74 304 74 severe-corrosion 0
369 107 393 107 393 137 369 137 severe-corrosion 0
17 184 37 184 37 212 17 212 severe-corrosion 0
292 237 302 237 302 273 292 273 severe-corrosion 0
293 167 298 167 298 192 293 192 severe-corrosion 0
213 127 227 127 227 147 213 147 severe-corrosion 0
154 130 169 130 169 147 154 147 severe-corrosion 0
371 187 385 187 385 215 371 215 moderate-corrosion 0
393 181 403 181 403 203 393 203 moderate-corrosion 0
195 90 206 90 206 105 195 105 moderate-corrosion 0
267.31619743462943 -9.417727212930004 302.6097906952782 0.23123174454156 274.40221106196987 103.40766231592666 239.10862355900463 93.75872268384553 severe-corrosion 0
144 188 183 188 183 217 144 217 severe-corrosion 0
11 152 25 152 25 172 11 172 severe-corrosion 0
427.99999999995634 180.53399999997845 423.9831995741406 48.04965886247385 627.0644074035226 41.892236999691484 631.0823350573628 174.375372051653 severe-corrosion 0
0 300 51 300 51 640 0 640 severe-corrosion 0
127 300 183 300 183 640 127 640 severe-corrosion 0
266 367 318 367 318 640 266 640 severe-corrosion 0
393 527 428 527 428 640 393 640 severe-corrosion 0
401 331 428 331 428 448 401 448 severe-corrosion 0
205 300 262 300 262 407 205 407 moderate-corrosion 0
336 330 368 330 368 378 336 378 mild-corrosion 0
340 434 374 434 374 480 340 480 mild-corrosion 0
341 507 367 507 367 581 341 581 mild-corrosion 0
344 590 369 590 369 630 344 630 mild-corrosion 0
406 464 427 464 427 507 406 507 mild-corrosion 0
190 410 264 410 264 640 190 640 severe-corrosion 0
481 387.423 640 387.423 640 620.422 481 620.422 severe-corrosion 0
476.19515248377866 396.22118407969936 472.0590000000084 299.9999999999779 639.3389610968734 292.8091824335072 643.4770895086695 389.02829103033844 mild-corrosion 0