207.91673793341033 95.52958405793326 235.88228778731718 132.98144222534995 184.61431119234476 171.26291712920874 156.648887367337 133.8111746290066 severe-corrosion 0
114.73314207272779 202.75324892850688 100.52514388909913 203.27649734113237 99.50263237216859 175.51169910911287 113.71057468226354 174.98845173127123 severe-corrosion 0
0 224 307 224 307 640 0 640 severe-corrosion 0
565 224 640 224 640 640 565 640 moderate-corrosion 0
465 556 491 556 491 583 465 583 moderate-corrosion 0
486 309 501 309 501 320 486 320 mild-corrosion 0
562 342 578 342 578 358 562 358 mild-corrosion 0
529 249 540 249 540 259 529 259 mild-corrosion 0
452 605 460 605 460 616 452 616 mild-corrosion 0
422 597 430 597 430 611 422 611 mild-corrosion 0
468 268 476 268 476 276 468 276 mild-corrosion 0