71.67800000002899 300.0000000000261 71.68392426596256 142.51930065883639 319.80864861914597 142.5281670883025 319.8059999226098 300.0054167484514 moderate-corrosion 0
63 8 81 8 81 24 63 24 mild-corrosion 0
298 0 318 0 318 3 298 3 mild-corrosion 0
287 131 304 131 304 149 287 149 mild-corrosion 0
320 209.11 640 209.11 640 300 320 300 severe-corrosion 0
435 124 554 124 554 226 435 226 severe-corrosion 0
609 72 640 72 640 150 609 150 severe-corrosion 0
580.6068014495395 23.864785741883555 591.4441413799068 173.71293688090933 320 193.3419999999972 309.16442929403274 43.495660931800046 severe-corrosion 0
563 25 640 25 640 85 563 85 severe-corrosion 0
61 300 117 300 117 640 61 640 severe-corrosion 0
200 304 252 304 252 640 200 640 severe-corrosion 0
275 575 302 575 302 640 275 640 moderate-corrosion 0
270 300 301 300 301 314 270 314 mild-corrosion 0
274 371 308 371 308 417 274 417 mild-corrosion 0
275 444 301 444 301 518 275 518 mild-corrosion 0
278 527 302 527 302 567 278 567 mild-corrosion 0
124 347 198 347 198 640 124 640 severe-corrosion 0
320 300 640 300 640 640 320 640 severe-corrosion 0