0 409 58 409 58 496 0 496 severe-corrosion 0
445 511 515 511 515 607 445 607 severe-corrosion 0
638 230 640 230 640 303 638 303 moderate-corrosion 0
625 429 639 429 639 517 625 517 moderate-corrosion 0
113 29 182 29 182 127 113 127 moderate-corrosion 0
187 247 220 247 220 311 187 311 moderate-corrosion 0
268 234 340 234 340 370 268 370 moderate-corrosion 0
358 103 418 103 418 171 358 171 moderate-corrosion 0
418 388 482 388 482 462 418 462 mild-corrosion 0
364 342 392 342 392 380 364 380 mild-corrosion 0
480 86 493 86 493 110 480 110 mild-corrosion 0
243 167 256 167 256 195 243 195 mild-corrosion 0
243 19 283 19 283 59 243 59 mild-corrosion 0
510 380 565 380 565 449 510 449 mild-corrosion 0
131 577 182 577 182 640 131 640 moderate-corrosion 0
0 262 30 262 30 301 0 301 mild-corrosion 0
193 78 241 78 241 134 193 134 mild-corrosion 0
638 329 640 329 640 399 638 399 mild-corrosion 0
511 483 555 483 555 639 511 639 mild-corrosion 0
341 501 422 501 422 640 341 640 mild-corrosion 0