90 490 433 490 433 554 90 554 severe-corrosion 0
2 21 640 21 640 212 2 212 severe-corrosion 0
537 342 554 342 554 366 537 366 moderate-corrosion 0
206 211 241 211 241 257 206 257 moderate-corrosion 0
250 213 267 213 267 247 250 247 moderate-corrosion 0
33 431 151 431 151 512 33 512 moderate-corrosion 0
54 358 79 358 79 395 54 395 moderate-corrosion 0
36 239 57 239 57 271 36 271 mild-corrosion 0
311 308 322 308 322 335 311 335 mild-corrosion 0
448 261 455 261 455 277 448 277 mild-corrosion 0
489 232 510 232 510 250 489 250 moderate-corrosion 0
577 221 588 221 588 243 577 243 moderate-corrosion 0
405 544 423 544 423 581 405 581 moderate-corrosion 0
306 573 326 573 326 596 306 596 moderate-corrosion 0
123 316 152 316 152 400 123 400 moderate-corrosion 0
93 228 117 228 117 258 93 258 moderate-corrosion 0
179 227 198 227 198 264 179 264 moderate-corrosion 0
163 278 184 278 184 301 163 301 moderate-corrosion 0
281 331 298 331 298 356 281 356 moderate-corrosion 0
469 339 497 339 497 421 469 421 moderate-corrosion 0
538 339 555 339 555 370 538 370 moderate-corrosion 0