183 83 189 83 189 93 183 93 mild-corrosion 0
168 74 174 74 174 80 168 80 mild-corrosion 0
189 78 198 78 198 84 189 84 mild-corrosion 0
64.65904402561137 67.08062007052693 57.044999999998254 59.05299999999204 71.33696005053935 45.4973844855568 78.951001160749 53.52500122384046 mild-corrosion 0
162 38 168 38 168 42 162 42 mild-corrosion 0
153 40 161 40 161 48 153 48 mild-corrosion 0
127 54 135 54 135 60 127 60 mild-corrosion 0
373 16 413 16 413 64 373 64 moderate-corrosion 0
573.6129999999685 -0.000046075676012360946 573.613075847752 76.05499503457607 414.2399205949914 76.05491266078795 414.2399999999907 -6.178227468742881e-12 severe-corrosion 0
326.0117659249954 452.26023834878896 345.55231733269466 322.5196803550255 455.6519155258138 339.1005194704308 436.11373360043217 468.8389559557721 corroded-part 0
495.84799998425297 242.99883239294144 495.8487956803583 300.6326031225201 395.89809792945744 300.6332177222119 395.89788681558275 243.00003664507116 corroded-part 0
120 509 249 509 249 619 120 619 severe-corrosion 0
573 393 640 393 640 492 573 492 severe-corrosion 0