313.0035435800528 332.0000000000001 15 331.99999999999983 15.007353093242273 -1.2722218725854067e-13 312.99999999995634 6.361109362927034e-14 moderate-corrosion 0
467.3249337962625 385.83564857881237 279.3406900188711 264.93678266444283 483.3463792155817 -52.25625270352684 671.3252796672168 68.64047584911165 moderate-corrosion 0
640.000177865877 332.0000000000001 534.545989723556 332.0000000000001 534.5472318656539 239.44500000000002 639.9992923229729 239.44500000000002 moderate-corrosion 0
348 103 384 103 384 140 348 140 mild-corrosion 0
357 319 372 319 372 332 357 332 mild-corrosion 0
576 5 604 5 604 25 576 25 mild-corrosion 0
611 82 625 82 625 96 611 96 mild-corrosion 0
590 184 617 184 617 202 590 202 mild-corrosion 0
312.99999999238935 331.99956217785825 313.00658546453633 640.006663521119 -0.0009434286039322615 639.9999999759726 0.01043697957356926 332.0131403327051 severe-corrosion 0
0 489.20100000003515 -22.292568524062517 362.38888701677865 163.38489105939516 329.7503901610599 185.68036962096812 456.5590661069451 severe-corrosion 0
313 332 423.253 332 423.253 640 313 640 corroded-part 0