336 266 360 266 360 288 336 288 mild-corrosion 0
48 239 232 239 232 275 48 275 mild-corrosion 0
21 186 45 186 45 204 21 204 mild-corrosion 0
0 86 31 86 31 119 0 119 mild-corrosion 0
0 0 409 0 409 36 0 36 mild-corrosion 0
360 70 394 70 394 90 360 90 mild-corrosion 0
260 101 294 101 294 132 260 132 mild-corrosion 0
98 102 154 102 154 122 98 122 mild-corrosion 0
509.01096624606 203.5592120888603 479.3902975814126 260.26291059190646 411.97691993736953 225.04868418543305 441.59763338546327 168.34532910033164 severe-corrosion 0
627.5899337047304 232.72423035985895 612.1700461436558 227.44903571236125 619.7473763542075 205.3006943952467 635.1672101866279 210.57587904167264 moderate-corrosion 0
543.7666118792549 241.6252517889941 571.2323938042391 191.10926232951826 631.928700664721 224.10893725592032 604.4632696452027 274.624625072138 moderate-corrosion 0
409.00169253684 365.374 209.02838399728353 365.37400000000014 209.03021120189806 294 409.00000000001455 293.9999999999999 moderate-corrosion 0
58.10600000004342 293.9999999999958 136.4587619654776 283.3682906231931 146.22946578703704 355.37039028234517 67.87672148384445 366.0020057648867 moderate-corrosion 0
48.17194865529018 639.9999548668487 1.7623241781257093 642.2079345736541 -6.863233873009449 460.90843079412167 39.542953406707966 458.7005328916197 moderate-corrosion 0
314.0501509299065 450.90784475819225 323.5360487762955 486.9706956076826 236.9842286661151 509.7322759064602 227.49900000017078 473.6699999999739 moderate-corrosion 0
143.86499999993248 349.20199999997055 156.45987868876546 303.2143148875241 266.2191206154239 333.27154264312605 253.62501501236693 379.2585687090284 mild-corrosion 0
409 294 640 294 640 640 409 640 severe-corrosion 0