0 95 10 95 10 114 0 114 mild-corrosion 0
102 98 121 98 121 114 102 114 mild-corrosion 0
23 44 40 44 40 60 23 60 mild-corrosion 0
56 4 88 4 88 42 56 42 mild-corrosion 0
61 64 77 64 77 82 61 82 mild-corrosion 0
223 149 238 149 238 161 223 161 mild-corrosion 0
17 109 37 109 37 139 17 139 mild-corrosion 0
119 30 146 30 146 60 119 60 mild-corrosion 0
107 59 123 59 123 76 107 76 mild-corrosion 0
430 171 640 171 640 243 430 243 severe-corrosion 0
510 60 640 60 640 167 510 167 severe-corrosion 0
0 539 268 539 268 640 0 640 severe-corrosion 0
0 329 268 329 268 495 0 495 severe-corrosion 0
32 243 268 243 268 325 32 325 severe-corrosion 0
541.6509999999835 242.99999999999997 564.5917735078547 242.71320013562854 568.0466542264912 519.0392128528823 545.1058809685492 519.3260014880431 severe-corrosion 0
434.01403831419884 242.99260825058224 434.02241448646237 562.6271714221141 268.0000000000291 562.6259999999883 267.9997563517827 243.00000001179538 moderate-corrosion 0
640.003084931086 534.738 508.1876677503169 534.738 508.1918683825643 351.6619999999998 639.9993762409576 351.6619999999999 severe-corrosion 0