474 287 514 287 514 327 474 327 moderate-corrosion 0
277 132 324 132 324 161 277 161 moderate-corrosion 0
198 153 243 153 243 188 198 188 moderate-corrosion 0
267 180 311 180 311 213 267 213 moderate-corrosion 0
361 204 381 204 381 221 361 221 moderate-corrosion 0
166 257 218 257 218 301 166 301 moderate-corrosion 0
298 262 340 262 340 315 298 315 moderate-corrosion 0
87 575 115 575 115 604 87 604 moderate-corrosion 0
25 231 55 231 55 249 25 249 mild-corrosion 0
200 520 227 520 227 538 200 538 mild-corrosion 0
112 175 127 175 127 192 112 192 mild-corrosion 0
458 377 484 377 484 397 458 397 mild-corrosion 0
326 501 348 501 348 517 326 517 mild-corrosion 0
282 531 307 531 307 550 282 550 mild-corrosion 0
335 523 354 523 354 537 335 537 mild-corrosion 0
524 507 542 507 542 522 524 522 mild-corrosion 0
320 116 337 116 337 130 320 130 mild-corrosion 0