3 5 65 5 65 49 3 49 severe-corrosion 0
140 0 206 0 206 34 140 34 severe-corrosion 0
0 225 21 225 21 236 0 236 severe-corrosion 0
51 126 67 126 67 151 51 151 severe-corrosion 0
203 179 224 179 224 195 203 195 moderate-corrosion 0
229 57 254 57 254 95 229 95 moderate-corrosion 0
53 171 70 171 70 197 53 197 mild-corrosion 0
0 121 19 121 19 145 0 145 mild-corrosion 0
155 163 173 163 173 175 155 175 mild-corrosion 0
216 22 232 22 232 45 216 45 moderate-corrosion 0
290.9023733049253 535.1612850086723 170.814649754102 608.1746250381839 -40.51448430553137 260.63344579828436 79.56239233848464 187.62441176256004 corroded-part 0