0 0 232 0 232 320 0 320 severe-corrosion 0
473.26444576625363 319.9999990917587 451.5606205257063 320.04422027653385 450.9088405523653 0.01140432867930075 472.6119330921938 -0.03281617337004215 severe-corrosion 0
249 66.271 640 66.271 640 320 249 320 severe-corrosion 0
140 384 186 384 186 434 140 434 severe-corrosion 0
28 584 49 584 49 597 28 597 severe-corrosion 0
137 504 168 504 168 528 137 528 moderate-corrosion 0
228 482 249 482 249 515 228 515 severe-corrosion 0
75 613 103 613 103 640 75 640 moderate-corrosion 0
45 537 70 537 70 561 45 561 moderate-corrosion 0
184 585 207 585 207 611 184 611 mild-corrosion 0
75 366 117 366 117 384 75 384 mild-corrosion 0
48 365 62 365 62 377 48 377 moderate-corrosion 0
103 492 120 492 120 514 103 514 mild-corrosion 0
130 555 140 555 140 571 130 571 mild-corrosion 0
249 435.179 368 435.179 368 640 249 640 severe-corrosion 0