226.42198075787746 331.0017754648755 121.64914090913953 332.4559660697107 117.03833431180101 0.11733467730883707 221.80714433190587 -1.3368291475924556 moderate-corrosion 0
497.7107545232866 331.99999152793487 497.71306910122803 233.45299302905363 640.0008410462033 233.45623519649922 639.9999999871216 332.00171284083723 moderate-corrosion 0
0 542 75 542 75 640 0 640 moderate-corrosion 0
202 414 223 414 223 450 202 450 mild-corrosion 0
147 483 164 483 164 511 147 511 mild-corrosion 0
104 550 127 550 127 585 104 585 mild-corrosion 0
122 605 140 605 140 629 122 629 mild-corrosion 0
15 354 27 354 27 370 15 370 mild-corrosion 0
262 577 284 577 284 610 262 610 mild-corrosion 0
238 558 249 558 249 578 238 578 mild-corrosion 0
57 433 74 433 74 455 57 455 mild-corrosion 0
402 404 533 404 533 541 402 541 moderate-corrosion 0