279.51070637544035 16.538667227688947 487.2049911699287 105.89652633942612 292.18483450618805 559.15474691538 84.49279537257098 469.80132911918446 moderate-corrosion 0
243.3661593074794 20.07600673338211 325.275519845527 103.00929668247213 193.74718813080108 232.91144051480515 111.83843425700616 149.97880650389658 moderate-corrosion 0
411 0 431 0 431 20 411 20 mild-corrosion 0
50 170 96 170 96 276 50 276 mild-corrosion 0
0 191 13 191 13 296 0 296 mild-corrosion 0
0 351 20 351 20 383 0 383 mild-corrosion 0
56 76 76 76 76 98 56 98 mild-corrosion 0
337 0 381 0 381 12 337 12 mild-corrosion 0
375 291 412 291 412 332 375 332 mild-corrosion 0
315 509 338 509 338 534 315 534 mild-corrosion 0
50 466 71 466 71 487 50 487 mild-corrosion 0
395 94 410 94 410 115 395 115 mild-corrosion 0
425 25 444 25 444 49 425 49 mild-corrosion 0
625.067489310095 276.6960161153157 573.3514512643887 274.9927598930601 582.4656776795018 -1.7032251576049 634.1799999999785 6.361109362927034e-14 moderate-corrosion 0
487 256 614 256 614 348 487 348 mild-corrosion 0
151 433 180 433 180 457 151 457 mild-corrosion 0
132 366 147 366 147 382 132 382 mild-corrosion 0
145 258 173 258 173 280 145 280 mild-corrosion 0