618.0119818381354 -14.759892554681572 639.5980131614488 11.265833821788693 470.77557420547237 151.28833374258775 449.1896947935311 125.26275822158377 severe-corrosion 0
473.4899793130171 178.5404278348906 460.9219999999914 182.1070000000027 446.542093121825 131.43556121246777 459.1100000000006 127.86900000000674 severe-corrosion 0
206.66333972585562 637.8536100046449 109.86660261311044 471.7388963916801 457.66404909321864 269.09922349972794 554.4618417719175 435.20402085793296 severe-corrosion 0
219 0 276 0 276 42 219 42 severe-corrosion 0
155 118 202 118 202 183 155 183 moderate-corrosion 0
467.66939406363235 300.6119269868963 444.86018536626943 304.2771808407213 433.68829188904783 234.75656914266472 456.4971856048942 231.09134116871076 severe-corrosion 0
410.84900000001653 7.127921218161128e-12 436.3281913465471 -6.196418340389112 440.0271910415904 9.01358187835718 414.54799975574133 15.210000059399603 severe-corrosion 0
284.0247574902605 528.2875916251243 114.50146857496293 663.6328171717712 -94.4832334324019 401.9087945827024 75.02500000002328 266.57300000000805 severe-corrosion 0
65 51 92 51 92 87 65 87 moderate-corrosion 0
201 0 226 0 226 16 201 16 moderate-corrosion 0
0 55 49 55 49 149 0 149 moderate-corrosion 0
0 0 18 0 18 18 0 18 moderate-corrosion 0
386 162 429 162 429 281 386 281 mild-corrosion 0
319 77 375 77 375 146 319 146 moderate-corrosion 0
260 171 285 171 285 202 260 202 moderate-corrosion 0
262 101 280 101 280 127 262 127 moderate-corrosion 0
350.5285464458575 180.3341357995296 502.02071243118553 399.8736659919607 222.78914410009747 592.5217769683063 71.30799841303087 372.99214526500214 moderate-corrosion 0