341.0532384745602 190.71406695794136 312.43928333315125 188.27911267556152 328.64534700100194 -2.1576136838025373 357.25883323175367 0.2773180500287171 severe-corrosion 0
308.0462848617026 109.72734694909504 322.92298512322304 108.13803551766327 330.06659848317213 175.00469026168545 315.1898991905182 176.59399596840913 severe-corrosion 0
416 0 640 0 640 358 416 358 severe-corrosion 0
258.76600000003236 640.0000000000177 258.7672590549482 583.9996819747327 332.16632677358575 584.001327965366 332.1659999961412 640.0007054261098 severe-corrosion 0
41.418747274947236 437.72192322775356 27.546767198800808 451.2831708693524 -13.87184166283987 408.9211173547068 0 395.3600000000022 moderate-corrosion 0
230.0630349509447 633.0844792561799 216.73954661288008 646.4516194167929 128.70698507460475 558.7291323392784 142.03011051191424 545.3623578604804 moderate-corrosion 0
49.99633764840837 437.0812434116871 60.3391236137395 439.3235843385627 56.230706267015194 458.2708280135276 45.887922575639095 456.0284943291881 moderate-corrosion 0
416 358 444 358 444 402 416 402 severe-corrosion 0
431 430 475 430 475 496 431 496 severe-corrosion 0
425 509 452 509 452 544 425 544 severe-corrosion 0
560 556 598 556 598 589 560 589 severe-corrosion 0
587 416 640 416 640 531 587 531 severe-corrosion 0
630 543 640 543 640 562 630 562 severe-corrosion 0
570 374 589 374 589 422 570 422 moderate-corrosion 0
492.22838175381185 514.3378148754491 505.9708432806656 510.8263407268808 512.3604387996602 535.8275476472129 498.6179838886892 539.3390041167422 mild-corrosion 0
529.4688674216741 452.80363836328746 517.7006447700114 442.9191282102337 528.3451086954301 430.2480001186599 540.1132921133831 440.13248339476775 mild-corrosion 0
502 553 511 553 511 576 502 576 mild-corrosion 0
619 367 627 367 627 383 619 383 mild-corrosion 0