111.80299999999988 1.5902773407317584e-13 132.39200797390367 -0.11481242951939379 134.10462492603983 306.99941658096395 113.5156169430411 307.11422688012794 severe-corrosion 0
247.79511801512854 24.706129933147878 233.46515887242276 71.44507529624315 145.41867034356983 44.45035060216732 159.74865602249338 -2.2885340388124282 corroded-part 0
401.8648761945951 246.7112631110275 354.1760554340726 256.83511811176567 311.03102998866234 53.60155085600592 358.71858635378885 43.477847882083395 corroded-part 0
163 307 188 307 188 339 163 339 moderate-corrosion 0
224 359 256 359 256 390 224 390 moderate-corrosion 0
251 410 268 410 268 441 251 441 moderate-corrosion 0
194 398 214 398 214 433 194 433 moderate-corrosion 0
271.68600000004517 572.2239999999822 280.1901149385958 566.3204849623172 291.6102863539709 582.7673986416822 283.10619241361564 588.6708882927529 mild-corrosion 0
223.0175190517184 486.7397899421673 240.66260305080505 481.08977485497576 249.1150904721144 507.48226509265737 231.47001954261214 513.1322512566455 moderate-corrosion 0
257.53373101768375 515.8952499223925 269.2952927740407 535.1934009943792 243.37177189860085 550.9894148310351 231.61034326716617 531.6913798707528 moderate-corrosion 0
201.87463427209877 494.3285775406037 196.20172355535033 509.70724223381376 183.82519051461713 505.1425853990881 189.49811786631471 489.7639584585324 mild-corrosion 0
151.06560165404517 558.6866738254428 136.72607243330276 555.8239068273984 141.80598183855182 530.3848226027309 156.1453653837816 533.2475746568384 moderate-corrosion 0
227.03911483607953 590.6000097419202 197.25468263764924 595.8297812707293 189.36700594058493 550.9173021974655 219.15087409615808 545.6875813551645 moderate-corrosion 0
205.2768903838296 640.0000010958627 205.2770910700201 607.7258557253826 226.67500837123953 607.7260144356916 226.67496792215388 639.9999996372915 moderate-corrosion 0
31 373 39 373 39 391 31 391 moderate-corrosion 0
332 526.57 477.438 526.57 477.438 640 332 640 severe-corrosion 0
485.7112270761718 409.96822160262445 510.4587769574573 384.93930193532884 586.2050450879906 459.8237071205473 561.457924013157 484.85219559132196 severe-corrosion 0
480 359 493 359 493 379 480 379 moderate-corrosion 0
487 604 510 604 510 640 487 640 severe-corrosion 0