0 180.81099999998685 -48.21648353463388 25.972080190048942 346.7844734744722 -97.03107462954078 395.0011628797074 57.8062484771977 severe-corrosion 0
377 108 640 108 640 205 377 205 severe-corrosion 0
377 0 640 0 640 48 377 48 severe-corrosion 0
377 48 419 48 419 89 377 89 moderate-corrosion 0
602 73 640 73 640 102 602 102 moderate-corrosion 0
0 275 373 275 373 640 0 640 severe-corrosion 0
643.5346931029926 432.81602415229804 640 615.3749999999818 373.45623509616416 610.2037513116762 377.00000000004366 427.65399999996845 severe-corrosion 0
404 325 432 325 432 356 404 356 mild-corrosion 0
459 305 484 305 484 339 459 339 mild-corrosion 0
500 330 528 330 528 355 500 355 mild-corrosion 0
537 290 613 290 613 326 537 326 mild-corrosion 0