0 0 403 0 403 403 0 403 severe-corrosion 0
0 143.33200000003467 -0.9480895254091593 130.67921210821316 40.381891861979966 127.58231247038502 41.330005559138954 140.2350741878556 severe-corrosion 0
595 213 640 213 640 361 595 361 severe-corrosion 0
22 485 49 485 49 509 22 509 moderate-corrosion 0
236 403 269 403 269 419 236 419 moderate-corrosion 0
171 415 209 415 209 443 171 443 moderate-corrosion 0
56 546 106 546 106 578 56 578 mild-corrosion 0
191 511 249 511 249 529 191 529 mild-corrosion 0
261 475 298 475 298 497 261 497 mild-corrosion 0
291 505 313 505 313 528 291 528 mild-corrosion 0
294 570 314 570 314 582 294 582 mild-corrosion 0
187 587 211 587 211 605 187 605 moderate-corrosion 0
216 596 242 596 242 614 216 614 moderate-corrosion 0
152 629 170 629 170 639 152 639 mild-corrosion 0
237 622 252 622 252 639 237 639 mild-corrosion 0
375 559 403 559 403 583 375 583 mild-corrosion 0
266 424 302 424 302 444 266 444 moderate-corrosion 0
223 449 242 449 242 475 223 475 moderate-corrosion 0
179 480 208 480 208 502 179 502 moderate-corrosion 0
53 439 65 439 65 455 53 455 moderate-corrosion 0
342 477 362 477 362 507 342 507 mild-corrosion 0
243 555 259 555 259 571 243 571 mild-corrosion 0
400 442 403 442 403 454 400 454 mild-corrosion 0
85 505 101 505 101 515 85 515 mild-corrosion 0
189 461 209 461 209 473 189 473 mild-corrosion 0
97 457 111 457 111 469 97 469 mild-corrosion 0
0 403 13 403 13 413 0 413 mild-corrosion 0
201 634 214 634 214 640 201 640 mild-corrosion 0
129 525 141 525 141 532 129 532 mild-corrosion 0
311 549 326 549 326 557 311 557 mild-corrosion 0
25 446 36 446 36 458 25 458 mild-corrosion 0
262 564 274 564 274 572 262 572 mild-corrosion 0
589.4740000000456 402.9999999999974 636.8982317906193 398.947629937011 657.3728057632252 638.515571736059 609.9485977506993 642.5677551170897 severe-corrosion 0