0 0 268.252 0 268.252 345 0 345 severe-corrosion 0
377.8569766088185 -0.00003238931479798657 377.8570098126511 102.82200745717174 341.4529850553663 102.82197162066578 341.45302691518737 0.000015797392780827297 moderate-corrosion 0
575 0 605 0 605 72 575 72 mild-corrosion 0
641.9212136534043 257.5603640304917 639.9945856921113 341.235155616124 421.42437507922295 336.199650156754 423.35299999998824 252.5269999999986 moderate-corrosion 0
392.97099999996135 2.6716659324293543e-12 493.65993384606554 -8.83951676962881 521.10855045481 303.81766667685383 420.4196625859913 312.65702962116757 mild-corrosion 0
446 9 456 9 456 23 446 23 mild-corrosion 0
501 117 521 117 521 128 501 128 mild-corrosion 0
567 226 591 226 591 237 567 237 mild-corrosion 0
566 96 575 96 575 106 566 106 mild-corrosion 0
525 498 535 498 535 516 525 516 moderate-corrosion 0
574 345 592 345 592 360 574 360 moderate-corrosion 0
485 577 502 577 502 596 485 596 mild-corrosion 0
384 494 401 494 401 510 384 510 mild-corrosion 0
446 419 462 419 462 447 446 447 mild-corrosion 0
599 593 615 593 615 621 599 621 mild-corrosion 0
547 346 555 346 555 355 547 355 mild-corrosion 0
515 560 529 560 529 592 515 592 mild-corrosion 0
497 529 525 529 525 547 497 547 mild-corrosion 0
406 571 414 571 414 583 406 583 mild-corrosion 0
443 585 461 585 461 598 443 598 mild-corrosion 0
394 633 402 633 402 640 394 640 mild-corrosion 0
514 614 538 614 538 636 514 636 mild-corrosion 0
620 597 634 597 634 616 620 616 mild-corrosion 0
588 466 594 466 594 482 588 482 mild-corrosion 0
423 481 432 481 432 491 423 491 mild-corrosion 0
384 373 393 373 393 398 384 398 mild-corrosion 0