0 137.139 49 137.139 49 189 0 189 severe-corrosion 0
275.0000830407953 87 183.9999986969633 87.00000000000003 184.00012368700118 -3.180554681463517e-14 274.9999469033355 2.3854160110976374e-14 moderate-corrosion 0
196.73698230551963 227.00000026029602 196.73705008804973 188.6279542276131 212.00002233665145 188.6280000000681 211.9999999999709 226.99999999997644 moderate-corrosion 0
140.000000172804 8.000000000000002 125.21899999999732 8.000000000000004 125.21900017891312 2.9817700138720468e-15 140 -2.9817700138720468e-15 mild-corrosion 0
122.4939948136307 45.999999254745696 122.49400000000605 34.75200000001791 143.0000017151906 34.7520078451247 142.99999999995634 46.00000365934178 mild-corrosion 0
120.99548886500997 89.63444193234474 134.40991266681522 87.75021344311517 139.06342201771622 120.8797741958392 125.64899871620582 122.76400018032606 mild-corrosion 0
233.34093203964585 639.4486766335001 192.32408502655744 717.1753924609811 -40.966132583489525 594.0928275455136 0.05144287417351734 516.370521558687 corroded-part 0
348.70317604720185 559.0752669419423 359.1599999999744 503.27500000000794 576.6633061016182 544.0204332874442 566.2093416669813 599.8182395508658 severe-corrosion 0
337.6334530355234 443.92100753342095 346.7239999999583 394.4820000000194 559.8853290198895 433.66822119728124 550.7967637203546 483.10549831207135 severe-corrosion 0
562.4507539639308 362.17958620389817 553.0090246548207 402.1906806502461 368.6978718869068 358.69951522940033 378.14027434797026 318.6895004485167 severe-corrosion 0
275 493 293 493 293 515 275 515 mild-corrosion 0
585 450 636 450 636 492 585 492 mild-corrosion 0
605 547 640 547 640 610 605 610 mild-corrosion 0
580 370 619 370 619 409 580 409 mild-corrosion 0
591 326 629 326 629 347 591 347 mild-corrosion 0