226 98.116 288 98.116 288 181.553 226 181.553 severe-corrosion 0
108.58832320634974 240.37611368756956 114.22037099655427 256.59267338038836 72.28937754516664 271.1545837292291 66.65741008568148 254.93809205111916 severe-corrosion 0
288 0 511.233 0 511.233 237.547 288 237.547 severe-corrosion 0
264 442 288 442 288 487 264 487 severe-corrosion 0
232 515 245 515 245 531 232 531 severe-corrosion 0
124 458 189 458 189 528 124 528 severe-corrosion 0
264 342 280 342 280 367 264 367 severe-corrosion 0
106 297 127 297 127 313 106 313 moderate-corrosion 0
77 398 102 398 102 436 77 436 moderate-corrosion 0
260 296 277 296 277 322 260 322 mild-corrosion 0
213 594 223 594 223 608 213 608 mild-corrosion 0
233 604 245 604 245 626 233 626 mild-corrosion 0
158 317 176 317 176 329 158 329 mild-corrosion 0
97 447 113 447 113 470 97 470 moderate-corrosion 0
571.502700833953 639.9999691314981 491.03428397647804 640.4356842015661 488.98858417094743 262.00006181748887 569.4476344758004 261.56437057941685 severe-corrosion 0