0 202.344 27.943 202.344 27.943 263.126 0 263.126 severe-corrosion 0
129.30099999997765 203.2109999999989 101.33587920186983 165.7595507081018 153.02007392143423 127.16757535142938 180.98514556993905 164.61888694225198 severe-corrosion 0
223.15822996395582 96.03481872072378 238.06386388088868 95.48633024696986 239.1026328096632 123.71551219340574 224.19699894126097 124.26400003895829 severe-corrosion 0
180 345 218 345 218 409 180 409 severe-corrosion 0
245 442 269 442 269 472 245 472 severe-corrosion 0
168 573 178 573 178 608 168 608 severe-corrosion 0
169 502 175 502 175 528 169 528 severe-corrosion 0
89 462 103 462 103 482 89 482 severe-corrosion 0
30 465 44 465 44 482 30 482 severe-corrosion 0
247 522 262 522 262 550 247 550 moderate-corrosion 0
269 516 279 516 279 538 269 538 moderate-corrosion 0
71 425 82 425 82 441 71 441 moderate-corrosion 0
149.6987023780821 438.310027367579 114.32641074585263 428.134483034582 146.63882873850525 315.8246294402442 182.0100000000093 325.9999999999924 severe-corrosion 0
20 523 59 523 59 551 20 551 severe-corrosion 0
530 326 624 326 624 640 530 640 severe-corrosion 0
294 326 324 326 324 640 294 640 severe-corrosion 0
346 326 484 326 484 640 346 640 severe-corrosion 0
619 511 640 511 640 606 619 606 moderate-corrosion 0