354 30 372 30 372 49 354 49 mild-corrosion 0
412 84 443 84 443 168 412 168 mild-corrosion 0
639.9998906084511 349.59864625212015 640.4331928225292 434.1445794038907 265.0225929843873 436.0552937109864 264.5939999999973 351.51399999999177 moderate-corrosion 0
222.89920885072206 34.213889403374054 323.49554918640933 23.60557073618554 363.3053490887687 401.10408111814445 262.70910838524287 411.7120940218877 mild-corrosion 0
175.80381099207443 356.52471479016106 270.52406849281397 401.2669888505795 221.93357946736796 504.1196131445439 127.21383266944031 459.3781496647465 moderate-corrosion 0
2.1020700689405203 233.64892576957874 5.902704121544957 161.72450879829015 152.4017449207895 169.46534587183305 148.60195061017293 241.38893487151728 moderate-corrosion 0
60.98699999995006 296.11400000001834 84.59903018912883 277.4373418593468 134.3975221672008 340.39079554610504 110.7856512133003 359.0672758820892 moderate-corrosion 0
317.2124298905692 454.8378201688576 325.66616189120396 500.91322897573343 91.49241598774097 543.8653420172457 83.04100000015751 497.79200000002413 moderate-corrosion 0
496 316 510 316 510 326 496 326 mild-corrosion 0
282 107 292 107 292 121 282 121 mild-corrosion 0
340 213 361 213 361 224 340 224 mild-corrosion 0
408 321 432 321 432 333 408 333 mild-corrosion 0
498 286 514 286 514 295 498 295 mild-corrosion 0
405 191 414 191 414 201 405 201 mild-corrosion 0