96 0 162 0 162 52 96 52 moderate-corrosion 0
68 232 108 232 108 264 68 264 moderate-corrosion 0
156 104 178 104 178 128 156 128 moderate-corrosion 0
134 181 156 181 156 220 134 220 moderate-corrosion 0
146 266 156 266 156 283 146 283 moderate-corrosion 0
20 275 32 275 32 292 20 292 moderate-corrosion 0
215 207 226 207 226 221 215 221 mild-corrosion 0
0 57 5 57 5 74 0 74 mild-corrosion 0
5 3 42 3 42 33 5 33 mild-corrosion 0
98 76 110 76 110 94 98 94 mild-corrosion 0
9 59 42 59 42 122 9 122 mild-corrosion 0
79 96 91 96 91 136 79 136 mild-corrosion 0
0 221 4 221 4 235 0 235 mild-corrosion 0
205 157 214 157 214 174 205 174 mild-corrosion 0
68 36 100 36 100 65 68 65 mild-corrosion 0
389.9998666200554 151.99980382327348 390.00030104674806 286.00011730425604 302.6077568322944 285.99967971695946 302.60828389931703 152.0003641746406 severe-corrosion 0
0 307 230 307 230 405.574 0 405.574 severe-corrosion 0
80.7390000000305 439.97999999999735 228.08321746837464 420.66613649691556 251.35258632282785 598.1554278855074 104.00855124520604 617.468623275901 severe-corrosion 0
284 371 319 371 319 426 284 426 mild-corrosion 0
288 307 439 307 439 361 288 361 moderate-corrosion 0
577 458 596 458 596 498 577 498 mild-corrosion 0