3.2784794213512214 458.16119902776217 -22.63404003737378 302.0640042230449 625.6179395695654 194.439724673624 651.5406897648791 350.52398282643946 severe-corrosion 0
295 124 334 124 334 202 295 202 moderate-corrosion 0
363 98 445 98 445 212 363 212 moderate-corrosion 0
348 159 360 159 360 194 348 194 mild-corrosion 0
341 216 424 216 424 335 341 335 severe-corrosion 0
52 317 70 317 70 343 52 343 moderate-corrosion 0
218 310 235 310 235 343 218 343 mild-corrosion 0
184 260 196 260 196 278 184 278 mild-corrosion 0
140 229 156 229 156 259 140 259 mild-corrosion 0
249 336 256 336 256 348 249 348 mild-corrosion 0
255 251 274 251 274 298 255 298 mild-corrosion 0
143 283 204 283 204 310 143 310 mild-corrosion 0
193 312 213 312 213 329 193 329 mild-corrosion 0
20 0 65 0 65 35 20 35 moderate-corrosion 0