363 555 369 555 369 565 363 565 mild-corrosion 0
343 559 352 559 352 575 343 575 mild-corrosion 0
355 560 361 560 361 578 355 578 mild-corrosion 0
329 426 334 426 334 437 329 437 mild-corrosion 0
377 430 381 430 381 436 377 436 mild-corrosion 0
392 465 397 465 397 472 392 472 mild-corrosion 0
317 554 323 554 323 572 317 572 mild-corrosion 0
325 562 330 562 330 572 325 572 mild-corrosion 0
336 541 341 541 341 550 336 550 mild-corrosion 0
297 518 305 518 305 528 297 528 mild-corrosion 0
289 536 295 536 295 546 289 546 mild-corrosion 0
261 534 269 534 269 542 261 542 mild-corrosion 0
281 522 286 522 286 526 281 526 mild-corrosion 0
296 509 301 509 301 513 296 513 mild-corrosion 0
300 501 306 501 306 505 300 505 mild-corrosion 0
313 477 317 477 317 485 313 485 mild-corrosion 0
319 510 322 510 322 516 319 516 mild-corrosion 0
34.078013214239036 579.003695753783 39.1466199754359 508.69676903903616 433.23495977034327 537.0887789623055 428.17252902139444 607.3898595908814 severe-corrosion 0
223 524 228 524 228 532 223 532 mild-corrosion 0
226 519 231 519 231 526 226 526 mild-corrosion 0
240 508 243 508 243 514 240 514 mild-corrosion 0
218 545 223 545 223 556 218 556 mild-corrosion 0
210 544 215 544 215 550 210 550 mild-corrosion 0
196 544 205 544 205 556 196 556 mild-corrosion 0
392 482 395 482 395 488 392 488 mild-corrosion 0
236 456 242 456 242 464 236 464 mild-corrosion 0
245 462 249 462 249 468 245 468 mild-corrosion 0
239 471 243 471 243 480 239 480 mild-corrosion 0
200 515 204 515 204 524 200 524 mild-corrosion 0
204 507 209 507 209 513 204 513 mild-corrosion 0
200 486 204 486 204 492 200 492 mild-corrosion 0
189 493 193 493 193 498 189 498 mild-corrosion 0
176 507 181 507 181 515 176 515 mild-corrosion 0
293 563 304 563 304 575 293 575 mild-corrosion 0
306 557 311 557 311 566 306 566 mild-corrosion 0
222 496 226 496 226 502 222 502 mild-corrosion 0
202 493 214 493 214 504 202 504 mild-corrosion 0
132 421 135 421 135 427 132 427 mild-corrosion 0
76 496 80 496 80 501 76 501 mild-corrosion 0
116 539 121 539 121 546 116 546 mild-corrosion 0
108 543 111 543 111 549 108 549 mild-corrosion 0
105 310 108 310 108 316 105 316 mild-corrosion 0
110 304 113 304 113 308 110 308 mild-corrosion 0
130 322 132 322 132 327 130 327 mild-corrosion 0
138 391 142 391 142 403 138 403 mild-corrosion 0
108 395 112 395 112 404 108 404 mild-corrosion 0
362 281 366 281 366 287 362 287 mild-corrosion 0
394 278 396 278 396 284 394 284 mild-corrosion 0
381 257 383 257 383 261 381 261 mild-corrosion 0
337 376 340 376 340 382 337 382 mild-corrosion 0
507 230 512 230 512 240 507 240 mild-corrosion 0
495 261 506 261 506 281 495 281 mild-corrosion 0
416 530 419 530 419 537 416 537 mild-corrosion 0
413 471 419 471 419 484 413 484 mild-corrosion 0
426 461 432 461 432 471 426 471 mild-corrosion 0
458 474 462 474 462 482 458 482 mild-corrosion 0
460 518 465 518 465 528 460 528 mild-corrosion 0
454.50763953194837 520.0612609517859 496.2453440288664 533.3167891212945 469.4455951074633 617.6812808253005 427.70799999998417 604.4259999999961 severe-corrosion 0
482.73655279015657 583.9491002533889 463.2306613834953 561.1543342531506 562.9402064297028 475.8488535484479 582.4457400490792 498.6430523616465 severe-corrosion 0
543 500 546 500 546 515 543 515 mild-corrosion 0
536 504 539 504 539 512 536 512 mild-corrosion 0
524 510 531 510 531 520 524 520 mild-corrosion 0
533 474 536 474 536 482 533 482 mild-corrosion 0
509 451 513 451 513 459 509 459 mild-corrosion 0
502 458 505 458 505 463 502 463 mild-corrosion 0
505 474 508 474 508 480 505 480 mild-corrosion 0
502 476 504 476 504 480 502 480 mild-corrosion 0
515 472 517 472 517 476 515 476 mild-corrosion 0
517 473 520 473 520 477 517 477 mild-corrosion 0
483 504 488 504 488 522 483 522 mild-corrosion 0
470 487 474 487 474 493 470 493 mild-corrosion 0
476 487 478 487 478 490 476 490 mild-corrosion 0
486 482 488 482 488 486 486 486 mild-corrosion 0
505 501 508 501 508 506 505 506 mild-corrosion 0
516 502 520 502 520 508 516 508 mild-corrosion 0
512 497 513 497 513 501 512 501 mild-corrosion 0
510 499 513 499 513 503 510 503 mild-corrosion 0
511 504 514 504 514 509 511 509 mild-corrosion 0
569 482 571 482 571 485 569 485 mild-corrosion 0
572 488 575 488 575 490 572 490 mild-corrosion 0
487 521 494 521 494 532 487 532 mild-corrosion 0
490 424 494 424 494 432 490 432 mild-corrosion 0
484 452 486 452 486 456 484 456 mild-corrosion 0
481 453 484 453 484 457 481 457 mild-corrosion 0
479 449 482 449 482 453 479 453 mild-corrosion 0
476 445 478 445 478 449 476 449 mild-corrosion 0
472 426 475 426 475 430 472 430 mild-corrosion 0
467 475 470 475 470 479 467 479 mild-corrosion 0
465 468 468 468 468 472 465 472 mild-corrosion 0
504 396 507 396 507 402 504 402 mild-corrosion 0
451 67 460 67 460 83 451 83 mild-corrosion 0
322 200 326 200 326 207 322 207 mild-corrosion 0
440 208 456 208 456 227 440 227 mild-corrosion 0
404 163 409 163 409 171 404 171 mild-corrosion 0