464 54 490 54 490 102 464 102 moderate-corrosion 0
395 289 423 289 423 327 395 327 moderate-corrosion 0
407 345 428 345 428 379 407 379 moderate-corrosion 0
564 237 583 237 583 275 564 275 moderate-corrosion 0
544 368 561 368 561 416 544 416 moderate-corrosion 0
446 525 468 525 468 567 446 567 moderate-corrosion 0
68 596 86 596 86 640 68 640 moderate-corrosion 0
43 589 61 589 61 623 43 623 moderate-corrosion 0
70 497 92 497 92 556 70 556 moderate-corrosion 0
11 583 35 583 35 624 11 624 moderate-corrosion 0
198 578 241 578 241 634 198 634 severe-corrosion 0
348 443 384 443 384 495 348 495 severe-corrosion 0
341 502 362 502 362 527 341 527 severe-corrosion 0
252.16391668451251 639.9999774835802 252.16421503449965 624.3627346879024 307.1610959017562 624.3635613912674 307.16099999634025 640.0006012471543 severe-corrosion 0
317.6918673108594 639.9999754039793 317.69208046534914 621.5488730716766 353.43205831617524 621.5492336384061 353.4319999994477 640.0001807657559 severe-corrosion 0
344.3042358720413 542.8639048861455 398.2638214266626 541.1907184475815 401.3053457497881 639.2542593718555 347.3457620170666 640.9274097555077 severe-corrosion 0
53 199 79 199 79 239 53 239 severe-corrosion 0
90 230 102 230 102 252 90 252 severe-corrosion 0
83 295 95 295 95 315 83 315 severe-corrosion 0
43 388 51 388 51 412 43 412 severe-corrosion 0
0 422 9 422 9 452 0 452 severe-corrosion 0
615 396 625 396 625 420 615 420 severe-corrosion 0
462 454 475 454 475 481 462 481 severe-corrosion 0
485 572 497 572 497 626 485 626 severe-corrosion 0
287 558 309 558 309 578 287 578 severe-corrosion 0