273.2450577684358 51.0203539161785 471.0473464428651 161.0671708602889 230.25011332669237 593.8508626663003 32.45189305380336 483.8102036245266 moderate-corrosion 0
237.97322176862508 48.84829151476755 311.49416857238975 140.61233588711067 166.77102776331594 256.560732771522 93.25100116839167 164.79756859963283 moderate-corrosion 0
404 45 427 45 427 68 404 68 mild-corrosion 0
20 182 77 182 77 283 20 283 mild-corrosion 0
45 85 67 85 67 105 45 105 mild-corrosion 0
332 4 381 4 381 52 332 52 mild-corrosion 0
335 341 376 341 376 378 335 378 mild-corrosion 0
254 552 280 552 280 575 254 575 mild-corrosion 0
0 477 21 477 21 495 0 495 mild-corrosion 0
378 143 395 143 395 162 378 162 mild-corrosion 0
430 20 449 20 449 43 430 43 mild-corrosion 0
414 77 435 77 435 99 414 99 mild-corrosion 0
587.509276892888 351.5010383884634 536.547869199785 344.4357371990044 577.4565997147147 49.391945427477864 628.4149999999499 56.456999999997734 moderate-corrosion 0
444 329 579 329 579 406 444 406 mild-corrosion 0
100 457 131 457 131 478 100 478 mild-corrosion 0
90 385 107 385 107 400 90 400 mild-corrosion 0
114 279 144 279 144 298 114 298 mild-corrosion 0