0 0 390 0 390 268 0 268 severe-corrosion 0
390 140.527 418.757 140.527 418.757 268 390 268 severe-corrosion 0
607 72 640 72 640 165 607 165 moderate-corrosion 0
489 206 640 206 640 268 489 268 moderate-corrosion 0
441 108 491 108 491 150 441 150 mild-corrosion 0
217.53633976251876 232.48445237388907 307.6875820215355 351.2049866067738 43.48684849275742 551.7977422156949 -46.6579896240728 433.0830311671007 corroded-part 0
447 593 501 593 501 640 447 640 moderate-corrosion 0
615 463 640 463 640 525 615 525 moderate-corrosion 0
430 473 482 473 482 541 430 541 moderate-corrosion 0
390 638.4790000000021 367.6839089251007 621.3230322885967 404.87600000000384 572.9580000000159 427.19169145093474 590.1137359676151 moderate-corrosion 0
570 268 620 268 620 321 570 321 mild-corrosion 0
607 321 629 321 629 353 607 353 mild-corrosion 0
496 523 528 523 528 561 496 561 mild-corrosion 0
408 377 424 377 424 395 408 395 mild-corrosion 0
485 268 509 268 509 285 485 285 mild-corrosion 0