204.28985134632967 499.0302171526392 179.5422914672963 524.0596522842966 103.79461251162866 449.1768648647766 128.54173676503706 424.1478824372655 severe-corrosion 0
197 529 210 529 210 537 197 537 moderate-corrosion 0
168.6867055347102 88.99918612574625 168.68835325774853 343.82119688575017 -0.0014514427311951295 343.819459353088 0.0003689340519485995 89.00098505159626 severe-corrosion 0
179 257 203 257 203 305 179 305 severe-corrosion 0
197 169 229 169 229 208 197 208 severe-corrosion 0
196 133 210 133 210 160 196 160 severe-corrosion 0
148 156 167 156 167 188 148 188 severe-corrosion 0
142 202 162 202 162 223 142 223 severe-corrosion 0
156.34181028835883 180.19054368853716 289.824088089008 -8.274581062238047 703.754218325339 284.8876921235395 570.2806729264557 473.34488434515686 severe-corrosion 0
83 537 236 537 236 640 83 640 severe-corrosion 0
349 537 640 537 640 594 349 594 severe-corrosion 0