256.0001837953314 204 70.24199999999837 203.9999999999999 70.2431440178043 135.56299999999987 255.99968554357474 135.563 severe-corrosion 0
191 25 213 25 213 57 191 57 moderate-corrosion 0
169 3 177 3 177 11 169 11 moderate-corrosion 0
44 9 57 9 57 19 44 19 moderate-corrosion 0
63 153 71 153 71 174 63 174 mild-corrosion 0
44 46 51 46 51 50 44 50 mild-corrosion 0
134 79 141 79 141 85 134 85 mild-corrosion 0
30 81 38 81 38 87 30 87 mild-corrosion 0
243.8260000000446 48.419000000026784 250.01241262201802 41.04475134269996 262.18640817605774 51.25775603130836 255.99999789497815 58.63200250923862 mild-corrosion 0
182 111 216 111 216 125 182 125 mild-corrosion 0
31 151 53 151 53 167 31 167 moderate-corrosion 0
256 69.752 640 69.752 640 204 256 204 corroded-part 0
106.8429609380837 345.997413346896 165.55916466568306 370.7084741021041 131.90812337576062 450.6576181974243 73.19209577857691 425.9468730614217 severe-corrosion 0
256.0008634423866 526.239 205.26773247831443 526.239 205.26847879918932 434.66700000000003 255.99995363190828 434.66700000000003 severe-corrosion 0
259.27356777348905 640.0016742493315 259.2863524428685 203.98886767999255 592.6399897814554 204.00006556649333 592.6494701790944 639.9912563444094 severe-corrosion 0
258 254 274 254 274 279 258 279 mild-corrosion 0
631 270 640 270 640 281 631 281 mild-corrosion 0
577 278 589 278 589 290 577 290 mild-corrosion 0