0 174 160 174 160 268 0 268 severe-corrosion 0
320 247 628 247 628 268 320 268 severe-corrosion 0
320 0 640 0 640 198 320 198 severe-corrosion 0
74.38260800576245 605.0001244887703 74.38392060670594 485.30782326655265 128.00000420815195 485.3090000001086 128.00000586190436 604.999957131664 corroded-part 0
0 268 258.55 268 258.55 490.301 0 490.301 severe-corrosion 0
16 400 55 400 55 434 16 434 severe-corrosion 0
133 378 187 378 187 439 133 439 severe-corrosion 0
135 304 157 304 157 354 135 354 severe-corrosion 0
198 353 233 353 233 385 198 385 severe-corrosion 0
277 377 308 377 308 433 277 433 severe-corrosion 0
256 393 264 393 264 411 256 411 severe-corrosion 0
98 348 142 348 142 373 98 373 severe-corrosion 0
69 624 89 624 89 638 69 638 moderate-corrosion 0
167 573 183 573 183 592 167 592 moderate-corrosion 0
526.0368818338611 384.02579544161017 584.4847241793468 408.68821538221425 550.8118026890588 488.47885092504947 492.36415551662503 463.81677682816354 severe-corrosion 0
349.34199999996054 357.37899999997177 358.47688578796806 345.73386047351306 372.17199284663366 356.475819378482 363.0371363981976 368.1209319072311 moderate-corrosion 0