79 370 213 370 213 416 79 416 moderate-corrosion 0
136 0 280 0 280 153 136 153 moderate-corrosion 0
5 3 29 3 29 30 5 30 mild-corrosion 0
339 242 352 242 352 278 339 278 mild-corrosion 0
285 311 302 311 302 339 285 339 mild-corrosion 0
242 378 265 378 265 413 242 413 mild-corrosion 0
153 182 165 182 165 198 153 198 mild-corrosion 0
69 137 81 137 81 162 69 162 mild-corrosion 0
32 386 49 386 49 408 32 408 mild-corrosion 0
195 261 212 261 212 283 195 283 mild-corrosion 0
521.0916855251708 280.1358890108248 532.1010636980645 190.5098013187086 626.6601109118346 202.12465910079348 615.6515720197058 291.7499865831909 severe-corrosion 0
438.873164584802 281.2091810512435 403.184532327723 231.91253279756359 464.26247795177915 187.69667572664585 499.95100000000093 236.9929999999836 severe-corrosion 0
334.0753747475537 536.1078686906515 206.5193996662856 711.7077539691469 -12.813790651853196 552.4070289568235 114.73954328655964 376.81577224355703 severe-corrosion 0