0 0 275.543 0 275.543 256 0 256 severe-corrosion 0
384.0001637794194 164 351.61796002998017 164.00000000000006 351.6182328269497 -1.5902773407317584e-14 383.9999999999418 1.5902773407317584e-14 moderate-corrosion 0
335.99999999998545 -1.2719988560668357e-7 336.0000004593894 18.73300010947946 319.4649995693908 18.732999714025386 319.465000009659 5.285116781031208e-9 corroded-part 0
633.5668699981034 169.53131375733463 646.6578116825258 182.50332091682543 629.4399141945178 199.87861536863633 616.3489941356238 186.90663000835588 moderate-corrosion 0
577.1428510083933 8.300958104493274 585.4345316730178 16.785250759568527 565.9736788221198 35.80429079690198 557.6819999999861 27.319999999994124 severe-corrosion 0
0 408.953 384 408.953 384 640 0 640 severe-corrosion 0
145 343 184 343 184 399 145 399 severe-corrosion 0
134 256 157 256 157 284 134 284 severe-corrosion 0
384.00316091414425 450.503 170.1865777195053 450.503 170.1929999999993 256 383.99802682855807 256.00000000000006 corroded-part 0
369.8099999999977 255.99999999999923 380.70576731050096 255.03878043677798 387.2499764846725 329.215290847244 376.3542101909843 330.1765026249245 severe-corrosion 0
68 256 90 256 90 267 68 267 moderate-corrosion 0
465.0607667079021 527.8164891556471 486.5975106633414 525.3895671420817 495.36386557956575 603.165126629665 473.8271283685026 605.5920085695058 severe-corrosion 0
535.3253645885707 598.2759666916506 524.6476314089523 599.2514706319562 515.2387064597133 496.2834839431098 525.9159999999974 495.30799999999863 moderate-corrosion 0