525.164106443408 83.49767529380968 521.1593198282935 57.763858194380276 639.9324354242708 39.279852607174924 643.9372802183061 65.01360797397642 severe-corrosion 0
324.7932638144266 109.07727238193202 321.1406769089808 85.39860193729025 468.95533509537927 62.597063211689544 472.608012730052 86.27561756411461 severe-corrosion 0
41.84386414475739 176.58391427056802 19.118204936821712 107.72502210487502 219.9035900922172 41.459471694739904 242.62955356600287 110.31771634758996 severe-corrosion 0
392 0 433 0 433 38 392 38 moderate-corrosion 0
256 25 295 25 295 60 256 60 moderate-corrosion 0
172 0 202 0 202 11 172 11 moderate-corrosion 0
226 7 249 7 249 23 226 23 mild-corrosion 0
298 20 312 20 312 31 298 31 mild-corrosion 0
318 27 342 27 342 42 318 42 mild-corrosion 0
135 47 152 47 152 63 135 63 mild-corrosion 0
553 9 564 9 564 21 553 21 mild-corrosion 0
6 74 43 74 43 138 6 138 mild-corrosion 0