199.34100548765855 211.36266131233242 183.03200000002107 211.0000000000002 187.73226490717207 -0.3626583048368454 204.04099999999744 -5.884026160707506e-13 severe-corrosion 0
640.0011483125127 211.0000000000001 360.35732321004616 211 360.3590409789467 114.29499999999987 639.9998503919778 114.29500000000004 severe-corrosion 0
535 94 547 94 547 108 535 108 moderate-corrosion 0
565.7208481141424 121.89430738688031 570.8706225790229 144.38412075597515 499.2092784142733 160.79290758749403 494.05960436437454 138.3031818703512 moderate-corrosion 0
397.94499999996333 37.92299999997186 399.19145379579277 26.108103317532454 415.51299999999173 27.829999999977485 414.2665487859631 39.64489433774074 mild-corrosion 0
216 575 245 575 245 640 216 640 severe-corrosion 0
299 586 334 586 334 640 299 640 severe-corrosion 0
93 211 127 211 127 442 93 442 severe-corrosion 0
0 535 36 535 36 569 0 569 severe-corrosion 0
178 341 206 341 206 515 178 515 severe-corrosion 0
223 341 247 341 247 464 223 464 severe-corrosion 0
260 347 292 347 292 489 260 489 severe-corrosion 0
299 224 347 224 347 510 299 510 severe-corrosion 0
54 211 79 211 79 278 54 278 severe-corrosion 0
52 283 92 283 92 415 52 415 severe-corrosion 0
11 301 37 301 37 377 11 377 severe-corrosion 0
255 575 289 575 289 640 255 640 severe-corrosion 0
132 299 164 299 164 454 132 454 severe-corrosion 0
130 504 164 504 164 612 130 612 moderate-corrosion 0
83 534 116 534 116 611 83 611 moderate-corrosion 0
45 543 69 543 69 633 45 633 moderate-corrosion 0
57 463 74 463 74 504 57 504 moderate-corrosion 0
227 250 247 250 247 319 227 319 moderate-corrosion 0
10 211 34 211 34 228 10 228 moderate-corrosion 0
14 384 33 384 33 410 14 410 moderate-corrosion 0
17 425 32 425 32 451 17 451 moderate-corrosion 0
346 564 358 564 358 624 346 624 moderate-corrosion 0
479 321 493 321 493 347 479 347 mild-corrosion 0
513 316 534 316 534 338 513 338 mild-corrosion 0
605 322 610 322 610 330 605 330 mild-corrosion 0