511.69847244469565 149.51050683660785 511.00655713693413 123.50528609107062 638.5009445394098 120.11272814256421 639.1930210486316 146.11779090567762 severe-corrosion 0
311.707626554562 149.30025040229427 311.1032102504396 125.37912555426603 459.0172274815268 121.6413797961493 459.621817111838 145.56232392845996 severe-corrosion 0
24.908351460690028 180.31427559315657 10.910489280868205 108.7823398503397 216.26426644594176 68.59717212323906 230.26265414766385 140.12835404938363 severe-corrosion 0
390 67 429 67 429 100 390 100 moderate-corrosion 0
250 62 287 62 287 93 250 93 moderate-corrosion 0
170 14 199 14 199 32 170 32 moderate-corrosion 0
222 38 244 38 244 51 222 51 mild-corrosion 0
293 60 306 60 306 70 293 70 mild-corrosion 0
312 70 336 70 336 82 312 82 mild-corrosion 0
129 65 145 65 145 79 129 79 mild-corrosion 0
595 35 607 35 607 45 595 45 mild-corrosion 0
546 80 557 80 557 91 546 91 mild-corrosion 0
0 78 32 78 32 139 0 139 mild-corrosion 0
294 21 309 21 309 34 294 34 mild-corrosion 0