4.092999999993481 352.0280000000038 -6.368264778211596 272.4793189896342 266.2263312862342 236.631551883775 276.6895583469159 316.1775966139984 severe-corrosion 0
12.460155684311758 63.312763075891915 -0.7748848225310212 61.73912493509682 6.7529834889865015 -1.5736365141444741 19.988000000012107 -1.8606244886561573e-12 severe-corrosion 0
267.9999376933847 14.091640261498824 273.4235332383105 45.40565208843124 1.6682226733973948 92.47305895393252 -3.755180758671486 61.159218691140104 severe-corrosion 0
0 128.111 38.454 128.111 38.454 197.19799999999998 0 197.19799999999998 moderate-corrosion 0
34.97206681437092 141.21635550338067 47.61700969102094 110.19140297885853 92.21130541576713 128.3666221302096 79.566450743514 159.39150002595773 mild-corrosion 0
151.6440164996311 208.3080025995759 132.34355098378728 205.26714851625908 135.25340619205963 186.79887025493994 154.55382014122733 189.83972022264902 mild-corrosion 0
78.28035553327936 215.7903731068112 77.01098651421489 235.68946890098977 62.695672053450835 234.7763029576026 63.965063264622586 214.87723085415752 mild-corrosion 0
483 267 577 267 577 361 483 361 moderate-corrosion 0
371 317 472 317 472 353 371 353 moderate-corrosion 0
268 0 640 0 640 318.433 268 318.433 severe-corrosion 0
268 260 297 260 297 338 268 338 severe-corrosion 0
0 409 192 409 192 487 0 487 severe-corrosion 0
573.5293735843879 622.1034669445077 462.3634262271662 631.8965175415252 446.4310161081812 451.0328292263856 557.5890272996185 441.24012804279334 severe-corrosion 0