53.926236708066426 295.3626676229511 25.070011229763622 290.21738619447115 64.39497917461267 69.68285654075382 93.25026854785392 74.82804788479592 moderate-corrosion 0
360.12837864363973 115.64434957750899 402.6633303071867 125.76565911462266 360.22190046591277 304.12116336694584 317.68700000000536 294.00000000000466 severe-corrosion 0
241 244 257 244 257 269 241 269 mild-corrosion 0
317 93 361 93 361 125 317 125 mild-corrosion 0
276 44 289 44 289 82 276 82 mild-corrosion 0
367 7 377 7 377 57 367 57 mild-corrosion 0
377 0 640 0 640 294 377 294 severe-corrosion 0
124.01804859473486 639.9999796423931 124.02136063166836 550.0863782028991 232.3551615462202 550.0901099173216 232.353999980769 640.0015648645183 corroded-part 0
197.15609573693655 388.719238408319 293.2720223216893 400.67810294569836 277.2331070092332 529.5672274436006 181.1172281447216 517.6086264976727 corroded-part 0
377 308 433 308 433 345 377 345 mild-corrosion 0
377 477 414 477 414 541 377 541 mild-corrosion 0