248.99987101693114 198.30748644905142 251.64234624920937 208.8285875712388 172.19739536936686 228.78103172241964 169.55500000003667 218.25999999998078 moderate-corrosion 0
249 79 413 79 413 119 249 119 severe-corrosion 0
249 16 411 16 411 59 249 59 severe-corrosion 0
0 565 21 565 21 590 0 590 moderate-corrosion 0
75 596 87 596 87 632 75 632 moderate-corrosion 0
147 467 163 467 163 486 147 486 moderate-corrosion 0
149 329 163 329 163 344 149 344 mild-corrosion 0
123 312 132 312 132 324 123 324 mild-corrosion 0
205 466 233 466 233 491 205 491 mild-corrosion 0
203 400 229 400 229 428 203 428 mild-corrosion 0
22 614 32 614 32 625 22 625 mild-corrosion 0
88 593 101 593 101 603 88 603 mild-corrosion 0
152 609 160 609 160 619 152 619 mild-corrosion 0
104 460 112 460 112 474 104 474 mild-corrosion 0
139 390 145 390 145 398 139 398 mild-corrosion 0
249 281 640 281 640 640 249 640 severe-corrosion 0