69 265 129 265 129 296 69 296 severe-corrosion 0
54 250 79 250 79 271 54 271 severe-corrosion 0
183 209 205 209 205 228 183 228 mild-corrosion 0
295 212 315 212 315 229 295 229 mild-corrosion 0
217 158 233 158 233 174 217 174 mild-corrosion 0
235 92 247 92 247 108 235 108 mild-corrosion 0
250 118 283 118 283 155 250 155 mild-corrosion 0
255 178 272 178 272 196 255 196 mild-corrosion 0
417 263 432 263 432 275 417 275 mild-corrosion 0
211 223 231 223 231 252 211 252 mild-corrosion 0
313 144 339 144 339 174 313 174 mild-corrosion 0
301 173 317 173 317 190 301 190 mild-corrosion 0
153 129 179 129 179 151 153 151 mild-corrosion 0
26 299 46 299 46 313 26 313 mild-corrosion 0
0 313 441 313 441 640 0 640 corroded-part 0
441 313 640 313 640 571.263 441 571.263 severe-corrosion 0
586 572 622 572 622 640 586 640 moderate-corrosion 0
640.0018723163521 313.9999999999999 442.99986198973784 313.9999999999999 443.00189269168186 211.0000000000001 639.9997531034023 211.00000000000006 severe-corrosion 0