-0.002531421559979208 384.00016554928516 0.000735956709831953 64.54039691246291 312.9992299724836 64.54720094959596 313.00451958944905 383.996263009575 moderate-corrosion 0
306.5656923665665 309.33617550191036 317.01900000000023 253.53400000002765 534.6088784048334 294.28979285608045 524.1571344921977 350.0906208445008 severe-corrosion 0
303.92518666798424 195.14994788307544 313.0000000000291 145.78299999997608 519.5754788321938 183.75453278501496 510.50149477137893 233.12074865077392 severe-corrosion 0
325.53236240120896 105.9655725681636 335.451643562119 66.14358121983125 520.4205873500905 112.21668579087716 510.5016537231859 152.03839020242077 severe-corrosion 0
360.95777502087003 51.53295919971722 369.8370347770833 16.429439778990943 535.963967318603 58.45020273255433 527.0848472881335 93.55360374330138 severe-corrosion 0
409.05200000008335 4.496999999994205 416.6154822646786 -21.776312862163717 555.1334267247876 18.09982814505033 547.5699647431611 44.37312247223035 severe-corrosion 0
543 200 594 200 594 242 543 242 mild-corrosion 0
563 298 614 298 614 361 563 361 mild-corrosion 0
538 120 577 120 577 159 538 159 mild-corrosion 0
549 72 587 72 587 98 549 98 mild-corrosion 0
570 28 602 28 602 56 570 56 mild-corrosion 0
599 0 621 0 621 20 599 20 mild-corrosion 0
146.7404596745473 432.0921593457547 287.38376183173386 440.2218352803884 275.5483703249047 644.9332298844489 134.9051045455417 636.803888230316 severe-corrosion 0
313 384 640 384 640 640 313 640 severe-corrosion 0