640.0081887790293 550.4340000000001 80.0513225699251 550.434 80.06393018556992 338.50200000000007 639.9821353260631 338.50200000000007 severe-corrosion 0
661.6255249310052 87.67344939349796 640 479.3219999999715 -15.378084634503466 443.1041122769709 6.269447337035672 51.4769520682815 severe-corrosion 0
462 366 547 366 547 460 462 460 moderate-corrosion 0
359 252 412 252 412 337 359 337 moderate-corrosion 0
68 257 124 257 124 302 68 302 moderate-corrosion 0
38 390 61 390 61 411 38 411 moderate-corrosion 0
236 292 249 292 249 320 236 320 moderate-corrosion 0
243 340 274 340 274 360 243 360 moderate-corrosion 0
316 271 335 271 335 301 316 301 moderate-corrosion 0
332 305 359 305 359 337 332 337 moderate-corrosion 0
416 329 454 329 454 351 416 351 moderate-corrosion 0
35 527 55 527 55 547 35 547 moderate-corrosion 0
44 4 119 4 119 54 44 54 moderate-corrosion 0
215 46 236 46 236 64 215 64 moderate-corrosion 0
328 33 355 33 355 69 328 69 moderate-corrosion 0
640.0195275943406 38.90729470968943 637.736318592215 89.50067430061735 414.8570118159114 79.44185863816776 417.140441659576 28.848775550852295 moderate-corrosion 0
337.0400739632896 23.63890095301034 336.3259085163736 39.59199643788779 168.99680776557943 32.1010709542705 169.71099999995204 16.148000000026986 moderate-corrosion 0
1 10 16 10 16 49 1 49 mild-corrosion 0
152 313 164 313 164 323 152 323 mild-corrosion 0