0 0 256 0 256 82.232 0 82.232 severe-corrosion 0
255.9999804443214 110.7899932188357 259.1536431388522 273.13299539208504 118.86262018670095 275.85647614069796 115.71055020089261 113.51480908252462 severe-corrosion 0
343 88 390 88 390 141 343 141 mild-corrosion 0
386 144 408 144 408 178 386 178 mild-corrosion 0
455 249 484 249 484 275 455 275 mild-corrosion 0
266 83 282 83 282 111 266 111 mild-corrosion 0
0 275 256 275 256 640 0 640 severe-corrosion 0
468 275 528 275 528 342 468 342 mild-corrosion 0
468 367 494 367 494 407 468 407 mild-corrosion 0
480 439 552 439 552 601 480 601 moderate-corrosion 0
439 583 505 583 505 640 439 640 moderate-corrosion 0
363 499 399 499 399 536 363 536 mild-corrosion 0
366 601 390 601 390 625 366 625 mild-corrosion 0
542 390 563 390 563 430 542 430 mild-corrosion 0
592 396 606 396 606 434 592 434 mild-corrosion 0
628 348 640 348 640 392 628 392 mild-corrosion 0
260 538 275 538 275 553 260 553 mild-corrosion 0
256 518 259 518 259 540 256 540 mild-corrosion 0
331 293 339 293 339 312 331 312 mild-corrosion 0
336 319 345 319 345 335 336 335 mild-corrosion 0
446 467 459 467 459 484 446 484 mild-corrosion 0