382.4403809342766 261.4889224773265 355.89114535388944 327.01263813635654 213.40987240611867 269.2831571364021 239.95948164752917 203.76044710189635 severe-corrosion 0
364 0 391 0 391 307 364 307 severe-corrosion 0
467 0 523 0 523 307 467 307 severe-corrosion 0
606 144 640 144 640 307 606 307 severe-corrosion 0
545 0 602 0 602 184 545 184 moderate-corrosion 0
530 187 604 187 604 307 530 307 severe-corrosion 0
157 307 181 307 181 640 157 640 severe-corrosion 0
199 458 245 458 245 535 199 535 mild-corrosion 0
0 307 108 307 108 640 0 640 severe-corrosion 0
230 389 254 389 254 413 230 413 mild-corrosion 0
336 464 364 464 364 624 336 624 mild-corrosion 0
424.78304847354593 346.21421465699996 413.64468219617265 350.9243264610339 398.1429655235115 314.26909662369036 409.2812373714696 309.55900741583446 severe-corrosion 0
595.5332998628 639.9998614678696 584.3758740218618 641.18895738165 563.3174462889292 443.6380495181544 574.4740000000456 442.44899999999893 severe-corrosion 0
640.0008856847853 640 600.0032569101313 640 600.0049446021148 492.114 639.9999955399835 492.114 severe-corrosion 0
566.1910000000353 306.99999999999386 637.0174432850763 292.466306161378 663.6819135817495 422.3976597941001 592.8555537715147 436.93109156501464 severe-corrosion 0
370.3406751862349 397.49452368214185 383.41116973060707 396.6731136628998 388.40444035937253 476.11660393004877 375.3339468475315 476.9380033403014 severe-corrosion 0
542.1395816485165 420.9886797530666 519.3269999999757 421.756 517.9606935140328 381.1363156282757 540.772999999972 380.36900000000037 severe-corrosion 0
424.3529999999737 399.6830000000086 410.0023954932112 345.427914275061 561.7522395961714 305.292143721177 576.1035684203671 359.5461506517128 severe-corrosion 0
546.9009082021512 522.4638411186662 493.8601892419683 531.7427941483877 480.5847304004419 455.866823532158 533.6240000000544 446.5879999999948 moderate-corrosion 0
497.8810866193089 420.3759899804158 484.0564242690016 421.97514148845676 480.2084755167016 388.7131434549526 494.03299999998126 387.1140000000021 moderate-corrosion 0
585.7070000000385 489.3539999999914 602.8926611204952 484.584347352826 624.3383173341863 561.8405091580722 607.1526863518375 566.610087047595 moderate-corrosion 0