634 18 640 18 640 22 634 22 mild-corrosion 0
620 53 628 53 628 59 620 59 mild-corrosion 0
530 71 538 71 538 77 530 77 mild-corrosion 0
559 0 569 0 569 3 559 3 mild-corrosion 0
515 19 527 19 527 28 515 28 mild-corrosion 0
480 11 488 11 488 19 480 19 mild-corrosion 0
473 0 480 0 480 5 473 5 mild-corrosion 0
431 122 439 122 439 134 431 134 mild-corrosion 0
621 123 640 123 640 139 621 139 moderate-corrosion 0
144.04063786809274 370.93443659852915 140.13332742266357 390.60305956946934 77.0925582775817 378.0804505503064 80.99999999998545 358.4119999999967 severe-corrosion 0
242.5460000000021 619.3000000000299 256.44409363900195 556.2988811940037 348.7491675688216 576.6556512148021 334.8525937438535 639.655456027216 severe-corrosion 0
377.9761495614366 357.6400190712082 407.29174988642626 496.7587183866683 154.75813059521897 549.9554763225003 125.4493898088549 410.84262914646456 severe-corrosion 0
390 172 434 172 434 227.158 390 227.158 severe-corrosion 0
552.7346758692875 257.9378000591611 565.5959318462556 299.0960160510215 509.6235644390981 316.5850533013695 496.7626109239063 275.42709493077007 severe-corrosion 0
640.0014673485566 529 582.2718381493178 529 582.2735356468183 371.539 640 371.539 severe-corrosion 0
580 244 588 244 588 258 580 258 mild-corrosion 0
629 552 640 552 640 570 629 570 mild-corrosion 0