0 17.066 193.441 17.066 193.441 313 0 313 severe-corrosion 0
232 2 258 2 258 32 232 32 moderate-corrosion 0
138 78 156 78 156 145 138 145 mild-corrosion 0
32 0 52 0 52 6 32 6 mild-corrosion 0
230 297 238 297 238 307 230 307 mild-corrosion 0
379 81 403 81 403 204 379 204 severe-corrosion 0
416 87 448 87 448 229 416 229 severe-corrosion 0
455 0 502 0 502 249 455 249 severe-corrosion 0
506 84 549 84 549 301 506 301 severe-corrosion 0
585 0 612 0 612 255 585 255 severe-corrosion 0
628 16 640 16 640 258 628 258 severe-corrosion 0
507 0 574 0 574 70 507 70 severe-corrosion 0
382 0 402 0 402 59 382 59 moderate-corrosion 0
554 82 580 82 580 272 554 272 severe-corrosion 0
575 280 607 280 607 311 575 311 moderate-corrosion 0
0 481.37299999999993 177.72899999999998 481.37299999999993 177.72899999999998 640 0 640 severe-corrosion 0
364.00000000001455 511.6689999999883 356.35510021355003 381.91433259082396 457.1761196330044 375.97542097377675 464.8230517093907 505.72787736803485 severe-corrosion 0