57 0 95 0 95 7 57 7 moderate-corrosion 0
3 35.445 98.448 35.445 98.448 186 3 186 severe-corrosion 0
171.72708072474052 136.845297074702 187.25634775895742 196.9981232710342 86.7184808669117 222.95210969360028 71.18969789080438 162.79969810641836 severe-corrosion 0
224.8389950242563 137.3450691754957 277.71340756007703 168.68631918617024 204.02617595391348 292.99629361667587 151.15200043386722 261.6553961230002 severe-corrosion 0
185.9999785238324 70.99999999051126 186.0000176124595 31.522996743616105 243.0000001314329 31.523057351836744 243.00000484880002 71.0000113924038 severe-corrosion 0
375.78889953954786 259.7196301411744 327.4041153770668 245.12228627847637 393.33175977226347 26.604953454763603 441.7151588791603 41.20204793324451 severe-corrosion 0
0 560 29 560 29 609 0 609 mild-corrosion 0
257 307 640 307 640 640 257 640 severe-corrosion 0
243 547 254 547 254 640 243 640 severe-corrosion 0
243 470.45900000000006 336.62 470.45900000000006 336.62 640 243 640 severe-corrosion 0
592.9274530598923 611.1997736991846 576.1157946339517 612.1917130329963 573.0087293843826 559.5429278079689 589.8200000000361 558.551 moderate-corrosion 0