0 0 224 0 224 145.668 0 145.668 severe-corrosion 0
223.99883345839044 222.56503133385928 237.24439028577763 278.9814957820263 3.2652001640963135 333.9086994362468 -9.978750171285355 277.4936074682579 severe-corrosion 0
649.4187341204088 63.93964688576047 633.2573771105672 170.841527640391 210.65317546002916 106.94879134987687 226.81571148517833 0.048313395850063376 severe-corrosion 0
233.16757219239662 339.09156636104063 223.56376471907424 364.8280278208847 185.95882663743396 350.796488855679 195.56269184446137 325.06015949941366 severe-corrosion 0
143.04993865189317 384.7938770539687 155.77235694494448 358.4043241136981 204.09066055995936 381.6961226709145 191.36847968256916 408.08547326155224 severe-corrosion 0
224 320 295.481 320 295.481 486.551 224 486.551 severe-corrosion 0
480.5814344676037 615.9970500061121 455.10230093343125 667.1170643609105 198.5204271558905 539.2577252147723 224.00000000001455 488.1410000000128 severe-corrosion 0
519 609 563 609 563 640 519 640 moderate-corrosion 0
330.0886281745625 341.4165852328645 539.880797881633 281.9591996960035 611.4912644417927 534.6046256496649 401.7001258775417 594.0594804726163 severe-corrosion 0
608.2715536800242 444.08897607276265 644.8479586240137 459.4925852915366 579.0448173353798 615.7130673237514 542.468706297077 600.3099712929852 severe-corrosion 0
305 372 329 372 329 420 305 420 severe-corrosion 0
279 468 311 468 311 506 279 506 severe-corrosion 0
298 516 312 516 312 542 298 542 severe-corrosion 0
341 488 360 488 360 520 341 520 severe-corrosion 0
346 453 366 453 366 473 346 473 severe-corrosion 0
634 581 640 581 640 601 634 601 severe-corrosion 0
640.2472431003116 384.2266055327509 640 422.3589999999881 598.9628013509355 422.0927083770149 599.2102769755729 383.96054768757807 moderate-corrosion 0