285 60 352 60 352 135 285 135 mild-corrosion 0
293 33 305 33 305 47 293 47 mild-corrosion 0
277 156 307 156 307 197 277 197 mild-corrosion 0
269 229 359 229 359 395 269 395 moderate-corrosion 0
223 372 297 372 297 448 223 448 moderate-corrosion 0
105 422 240 422 240 562 105 562 moderate-corrosion 0
0 388 82 388 82 495 0 495 moderate-corrosion 0
159 284 199 284 199 323 159 323 mild-corrosion 0
153 386 179 386 179 412 153 412 mild-corrosion 0
349 184 374 184 374 224 349 224 mild-corrosion 0
399 191 417 191 417 229 399 229 mild-corrosion 0
440 146 472 146 472 192 440 192 mild-corrosion 0
472 39 485 39 485 63 472 63 mild-corrosion 0
54 318 71 318 71 334 54 334 mild-corrosion 0
41 297 57 297 57 320 41 320 mild-corrosion 0
30 2 68 2 68 54 30 54 mild-corrosion 0
151 76 161 76 161 95 151 95 mild-corrosion 0
153 103 164 103 164 120 153 120 mild-corrosion 0
578 344 604 344 604 378 578 378 mild-corrosion 0
559 546 586 546 586 595 559 595 mild-corrosion 0
488 235 508 235 508 266 488 266 mild-corrosion 0
496 200 511 200 511 223 496 223 mild-corrosion 0
465 36 489 36 489 65 465 65 mild-corrosion 0
447.2124758528662 329.34983043684014 602.4769065854343 432.4902830637433 410.0112879151857 722.1585030965352 254.75235570193036 619.0250070899358 severe-corrosion 0
551 332 564 332 564 350 551 350 mild-corrosion 0
560 447 576 447 576 476 560 476 mild-corrosion 0
523 408 539 408 539 432 523 432 mild-corrosion 0
247 255 262 255 262 273 247 273 mild-corrosion 0