139 0 174 0 174 38 139 38 moderate-corrosion 0
60 17 78 17 78 56 60 56 moderate-corrosion 0
0 23 6 23 6 45 0 45 mild-corrosion 0
173 190 183 190 183 206 173 206 mild-corrosion 0
63 192 85 192 85 234 63 234 moderate-corrosion 0
135 175 163 175 163 227 135 227 moderate-corrosion 0
151 114 176 114 176 148 151 148 moderate-corrosion 0
98 70 130 70 130 111 98 111 moderate-corrosion 0
283 265 294 265 294 292 283 292 moderate-corrosion 0
226 214 239 214 239 239 226 239 mild-corrosion 0
65 304 90 304 90 320 65 320 moderate-corrosion 0
96 244 137 244 137 304 96 304 moderate-corrosion 0
438 139 471 139 471 163 438 163 moderate-corrosion 0
437 0 516 0 516 66 437 66 severe-corrosion 0
0 542 133 542 133 640 0 640 severe-corrosion 0
617 495 633 495 633 523 617 523 mild-corrosion 0
634 521 640 521 640 552 634 552 mild-corrosion 0
431.46799999143695 319.9992095377105 431.46885469017434 397.1539269124426 368.3642061872524 397.15406454623394 368.3640000000014 319.999999999979 mild-corrosion 0
511.4244943374797 389.30074904238563 457.532092405454 401.11144505145387 440.3715520857804 322.8127358228352 494.2628535581025 311.0021645214026 mild-corrosion 0
566.6660157996375 394.57323556168194 532.4743608683639 406.46484767759887 504.77320633712225 326.8233354439391 538.9641519547877 314.9318581828556 mild-corrosion 0
612 351 640 351 640 395 612 395 mild-corrosion 0
571 360 600 360 600 378 571 378 mild-corrosion 0
585 582 602 582 602 605 585 605 mild-corrosion 0