403.0039345779369 320 121.75278848531889 320 121.75539881194709 207.70699999999982 402.99999999995634 207.70699999999982 severe-corrosion 0
454.02132528259244 210.50018130818157 391.40646598069 162.66711952875033 498.1237937968399 22.97301269294358 560.7380998538429 70.80576705043666 severe-corrosion 0
0 461.03 60.34 461.03 60.34 564.473 0 564.473 severe-corrosion 0
177.47146325076756 592.2419373702529 199.04051406498183 498.75942733674833 399.91293790590134 545.0938396914951 378.3485543417919 638.5723236074781 severe-corrosion 0
514.5954354216519 639.9996988576064 514.597999999969 574.6690000000132 640.0007097973867 574.6733569191166 639.9999999775173 640.0021815203754 severe-corrosion 0
489 565 524 565 524 640 489 640 moderate-corrosion 0
444 568 478 568 478 600 444 600 moderate-corrosion 0
489 468 573 468 573 560 489 560 severe-corrosion 0
619 357 640 357 640 545 619 545 moderate-corrosion 0
489 320 516 320 516 470 489 470 moderate-corrosion 0
448 326 468 326 468 350 448 350 severe-corrosion 0
558 352 580 352 580 375 558 375 mild-corrosion 0
597 368 611 368 611 390 597 390 mild-corrosion 0
530 431 568 431 568 465 530 465 mild-corrosion 0
527 320 543 320 543 336 527 336 mild-corrosion 0
520 383 554 383 554 397 520 397 mild-corrosion 0
423 593 433 593 433 612 423 612 mild-corrosion 0
576 493 592 493 592 505 576 505 mild-corrosion 0