190 172 233 172 233 256 190 256 severe-corrosion 0
198 120 214 120 214 138 198 138 moderate-corrosion 0
471.98349620499357 -1.5849385635467161 485.1998366812768 0.10372936066322622 472.3861369078804 100.38984050234552 459.1697969292727 98.70117587212587 severe-corrosion 0
639.999947433098 66.68869031533924 644.5974156325974 93.7734445446568 448.94958914635936 126.98247828554224 444.35233745578444 99.89791272929432 severe-corrosion 0
448 165.111 498.45399999999995 165.111 498.45399999999995 252.65 448 252.65 moderate-corrosion 0
494.9720106865425 178.21632935867126 507.6170708321297 147.1914072108246 552.2113515500678 165.3666584332822 539.5664038600808 196.39148539715842 mild-corrosion 0
611.6440196271287 245.30800309228354 592.343541105729 242.2671830176925 595.2534052857663 223.79888512908917 614.5538224931079 226.83970030590643 mild-corrosion 0
538.2803618958133 252.7903697304303 537.0109812584269 272.6894685052623 522.6956619344855 271.77630257582683 523.9650684168737 251.87723141884436 mild-corrosion 0
98 379 135 379 135 427 98 427 severe-corrosion 0
0 300 448 300 448 640 0 640 severe-corrosion 0
49 488 89 488 89 535 49 535 severe-corrosion 0
195 365 222 365 222 412 195 412 severe-corrosion 0
0 422 16 422 16 489 0 489 severe-corrosion 0
83 311 188 311 188 367 83 367 severe-corrosion 0