440.178329077753 181.7927510663551 413.2060018223274 202.19617302438218 358.61952597457275 130.0366957756706 385.5916681175586 109.63337783435878 severe-corrosion 0
477.5774272571289 368.661715218058 439.9743515017326 393.72540812943436 380.0909271704586 303.8890230811108 417.69328646580107 278.82565250086293 severe-corrosion 0
640.0103420543746 640 104.1247234097682 640 104.14618569506274 420.188 639.9850350919587 420.18799999999993 severe-corrosion 0
521.0496934016555 398.69521864159253 555.1073209481547 379.70657717861997 599.731651691036 459.7335270870897 565.6742251907417 478.72188957639 moderate-corrosion 0
344.54864217113936 243.88438599646724 346.42500000001746 277.12100000001965 284.8021476654685 280.5994147789946 282.92600000000675 247.36299999998005 moderate-corrosion 0
282.62604453906533 177.54792982989176 273.79781583775184 191.45655877706628 244.603775575888 172.92659767235028 253.4320000000298 159.0179999999832 mild-corrosion 0
110.23884960442956 17.26677226885481 106.21860345250752 62.70373527045692 15.680709456501063 54.692906611431304 19.70099999998638 9.25599999997703 moderate-corrosion 0
379.6349695332174 367.8132868152111 352.2979368918459 384.0550783235071 302.72200363877346 300.61898698182193 330.0585181948554 284.3773933508225 moderate-corrosion 0
637.1433184680063 77.8845958473498 655.3643127346004 139.7897971030312 434.55521453775873 204.77974405041755 416.33509348939697 142.875290662749 moderate-corrosion 0
218.18901031001587 141.80700281615418 199.03070755470253 136.57395423171934 205.40109462432156 113.25221134370972 224.55935639343807 118.48525405450323 mild-corrosion 0
15.63800000003539 92.44000000003567 17.784765180258546 76.38983100254771 33.39575558209617 78.47784420787177 31.248999313247623 94.52800513459302 mild-corrosion 0
413.05099999997765 209.14899999999162 435.2800075873529 194.9233251944305 505.64018000804936 304.8629452977769 483.41131093431613 319.08844097096437 moderate-corrosion 0
110.62400000002526 248.588999999968 126.5692756244971 186.38269219837906 217.64753848976397 209.72780439706696 201.70284372463357 271.93360968193554 severe-corrosion 0
179.94889862726268 75.73543533912068 165.49099999996542 135.67700000003225 92.93898924479436 118.17741362495093 107.39699999998265 58.235999999995094 mild-corrosion 0
521.3899999999558 53.30900000000382 538.2181082889292 42.33128076900388 552.0470000000205 63.53000000000745 535.2188965534879 74.50771310398368 mild-corrosion 0