0 0 332 0 332 332 0 332 severe-corrosion 0
506 186 530 186 530 204 506 204 mild-corrosion 0
390.90701917986735 104.26779917161839 385.8656954576145 157.05447770667138 326.9585446976271 151.42853476005394 331.9999999999709 98.64200000001938 severe-corrosion 0
485.1605940981972 111.11042438535458 478.94573806988774 63.08060897243958 599.1854246119328 47.522014078727224 605.4004256924964 95.55166379021853 severe-corrosion 0
583.4393712983729 159.87296773757794 571.9309464861726 124.78475953807785 639.3414947846031 102.67528774609792 650.8499832959205 137.7633778893121 severe-corrosion 0
412.41536287743656 209.97089887733168 429.0191576021607 250.15082905410978 347.51927186989633 283.82751177169274 330.9158608665166 243.6479068123337 severe-corrosion 0
188 332 244 332 244 640 188 640 severe-corrosion 0
53 433 105 433 105 640 53 640 severe-corrosion 0
110 332 167 332 167 473 110 473 moderate-corrosion 0
5 332 39 332 39 357 5 357 mild-corrosion 0
5 396 36 396 36 444 5 444 mild-corrosion 0
0 499 32 499 32 545 0 545 mild-corrosion 0
5 573 31 573 31 640 5 640 mild-corrosion 0
108 476 182 476 182 640 108 640 severe-corrosion 0
589 332 640 332 640 640 589 640 severe-corrosion 0
332 332 383 332 383 640 332 640 severe-corrosion 0
405 332 543 332 543 640 405 640 severe-corrosion 0