138.74873855427722 70.18923867328637 312.60335528699216 46.545746653792094 344.84226019354537 283.6004666748897 170.98771622477216 307.24359884802317 severe-corrosion 0
31.316025633423124 299.9999968374003 13.148778584363754 302.2414337849354 9.28241275018081 270.9052178688945 27.449537799475365 268.66378859577344 moderate-corrosion 0
135.23590005599544 239.21788369765122 141.66517037258018 258.1416219859067 128.84500000000116 262.4970000000304 122.41575780353742 243.573285585443 mild-corrosion 0
542.5426347108441 7.961034885521724 585.7009999999718 74.33199999999475 553.9133358518302 95.00214781106718 510.7550232209178 28.631228989393875 severe-corrosion 0
600.3242648116429 259.8358464436533 556.9835733241052 284.96775947036093 508.24997111441917 200.92798277362698 551.5901176394254 175.79626635660037 severe-corrosion 0
417.5379999999859 186.2500000000128 414.01566857559374 153.5895964269319 477.24099999999453 146.7709999999766 480.76344408596924 179.43127488868936 moderate-corrosion 0
406.43199999998615 94.08999999999764 397.1910317399306 73.52301819423585 417.6090310474683 64.34903873179636 426.85000267767464 84.9160059593293 mild-corrosion 0
501.72415534085303 268.97667399133354 470.37255953960994 284.62208466317514 430.79237829049816 205.31095881596642 462.14355866686674 189.66567241726574 moderate-corrosion 0
554.8619999999937 104.56700000000757 580.4454308472486 90.49422937744403 637.9670606076252 195.0634917938078 612.3836956788728 209.1361673981471 moderate-corrosion 0
174.8909999953321 640.0006241997663 174.89339995125192 299.99937090660023 198.0250507423625 300.0000498345717 198.0240000000049 639.9999999999865 severe-corrosion 0
0 351.526 403 351.526 403 640 0 640 severe-corrosion 0
596 300 614 300 614 312 596 312 mild-corrosion 0