130 446 243 446 243 598 130 598 moderate-corrosion 0
66 498 120 498 120 584 66 584 mild-corrosion 0
204 258 216 258 216 274 204 274 mild-corrosion 0
120 213 132 213 132 238 120 238 mild-corrosion 0
29 227 45 227 45 258 29 258 mild-corrosion 0
59 624 76 624 76 640 59 640 mild-corrosion 0
83 462 100 462 100 484 83 484 mild-corrosion 0
426 386 573 386 573 450 426 450 mild-corrosion 0
615 397 640 397 640 424 615 424 mild-corrosion 0
342 437 356 437 356 455 342 455 mild-corrosion 0
369 632 398 632 398 640 369 640 mild-corrosion 0
306 459 355 459 355 483 306 483 mild-corrosion 0
332 387 389 387 389 404 332 404 mild-corrosion 0