0 37.540000000017805 -8.240319022224867 3.7753696018177223 51.37631905316084 -10.774181858785914 59.616644154230016 22.990437970925296 moderate-corrosion 0
307 0 527.768 0 527.768 358 307 358 severe-corrosion 0
44 358 169 358 169 440 44 440 severe-corrosion 0
4 431 37 431 37 467 4 467 severe-corrosion 0
466 542 518 542 518 640 466 640 moderate-corrosion 0
336 394 363 394 363 640 336 640 moderate-corrosion 0
307 511 315 511 315 535 307 535 severe-corrosion 0
376 358 403 358 403 373 376 373 severe-corrosion 0
417 441 433 441 433 471 417 471 mild-corrosion 0
378 418 397 418 397 468 378 468 mild-corrosion 0
431 358 459 358 459 370 431 370 mild-corrosion 0
405 537 427 537 427 560 405 560 mild-corrosion 0
444 553 458 553 458 575 444 575 mild-corrosion 0
377 615 415 615 415 640 377 640 mild-corrosion 0
375 499 391 499 391 521 375 521 mild-corrosion 0
367 568 401 568 401 582 367 582 mild-corrosion 0
547 570 565 570 565 591 547 591 moderate-corrosion 0
344 362 354 362 354 382 344 382 mild-corrosion 0