0 264.447 85 264.447 85 355 0 355 severe-corrosion 0
248.68746721593197 143.54177594859632 265.69215424286085 177.0971321741223 201.43528834800236 209.65929867410168 184.4307875035156 176.10410178603865 severe-corrosion 0
332.7229884819826 101.29498741985437 338.4812549829803 107.58425925058907 321.0931392842758 123.50413369062828 315.3348792104953 117.21486807194051 severe-corrosion 0
357.0000012956734 91.46100000000001 353.4399993238185 91.46100000000001 353.4400019151508 74.00899999999999 357.00000000004366 74.00899999999999 severe-corrosion 0
515 430 553 430 553 484 515 484 moderate-corrosion 0
404 374 418 374 418 418 404 418 moderate-corrosion 0
378 366 389 366 389 392 378 392 moderate-corrosion 0
371 91 390 91 390 162 371 162 moderate-corrosion 0
640.0000163556979 148.158 630.3559865388524 148.158 630.3560093065607 104.41099999999997 640 104.41099999999997 severe-corrosion 0
418.86900339675776 250.41400384219725 401.009287331035 230.21200319214503 428.79975299605576 205.64464134931922 446.65942380532215 225.84657896614314 moderate-corrosion 0
511.81058776732243 76.48989231340528 533.2467676205852 79.05383577501775 530.2324199809664 104.2555309191927 508.7962405149301 101.69158965763717 moderate-corrosion 0
453.2900370599964 43.58397002911027 465.59341234518797 43.19844926345291 466.19048381384346 62.25314398145996 453.8871085361461 62.63866460309231 moderate-corrosion 0
540 309 566 309 566 340 540 340 moderate-corrosion 0
503 331 527 331 527 367 503 367 moderate-corrosion 0
469 320 493 320 493 365 469 365 moderate-corrosion 0
501 143 577 143 577 267 501 267 severe-corrosion 0
497.20858206426783 252.32423545044276 441.9458978150942 250.19225031761852 447.5962111813715 103.74912557211215 502.85791424546915 105.8810929098258 severe-corrosion 0
425.3489880689449 336.211716815479 436.35472363857843 331.7260704282646 444.834313323081 352.5293263902712 433.82858498640417 357.01495985459445 moderate-corrosion 0
615.1871227882657 491.0618066558442 589.5900079768762 495.7548788289899 576.5905492442107 424.8624978691418 602.1870439485792 420.16948440122974 severe-corrosion 0
562.512829858897 421.6811295420041 576.2940685373178 416.1617469038368 584.265682076948 436.0632363434295 570.4844537805911 441.5826001031644 severe-corrosion 0
613.4854793577688 335.9235421114157 580.1836350592203 347.8000267326419 548.9817271156062 260.31462705760896 582.2829574670322 248.4382615394222 severe-corrosion 0
596.4666018842399 275.418399149631 581.9880673746957 266.15984960750336 591.6589872832992 251.03727933289724 606.1374836759933 260.29581258522705 mild-corrosion 0
574.299068829423 129.42328568348074 587.5477889608737 124.31916271952717 599.3120950249431 154.85522432658223 586.0633796937327 159.95933843418146 mild-corrosion 0
416.63200203758606 73.66100096728887 398.6511191457248 65.1250516037955 406.07012900065456 49.49705396457325 424.0509999999631 58.033000000002566 mild-corrosion 0
477.21435048879357 75.72207074161635 475.1938821099611 36.490210324829796 533.0667742166406 33.50971861802486 535.0872864804842 72.7415289916991 moderate-corrosion 0
456.55727165059943 282.451571760679 443.8873979937489 285.0863468990472 439.5020711757388 263.9996380323055 452.1718915306701 261.36486859202387 mild-corrosion 0
278 492 371 492 371 542 278 542 mild-corrosion 0
272 566 304 566 304 596 272 596 mild-corrosion 0
130 561 186 561 186 596 130 596 mild-corrosion 0
194 495 244 495 244 541 194 541 mild-corrosion 0
128 507 173 507 173 536 128 536 mild-corrosion 0
371 492 640 492 640 640 371 640 severe-corrosion 0