159 201 328 201 328 333 159 333 severe-corrosion 0
119 237 143 237 143 255 119 255 mild-corrosion 0
628 392 636 392 636 400 628 400 mild-corrosion 0
589 382 593 382 593 390 589 390 mild-corrosion 0
593 377 598 377 598 384 593 384 mild-corrosion 0
606 366 609 366 609 372 606 372 mild-corrosion 0
601 314 607 314 607 322 601 322 mild-corrosion 0
610 320 614 320 614 326 610 326 mild-corrosion 0
605 329 609 329 609 338 605 338 mild-corrosion 0
566 373 570 373 570 382 566 382 mild-corrosion 0
570 365 575 365 575 371 570 371 mild-corrosion 0
566 344 570 344 570 350 566 350 mild-corrosion 0
555 351 559 351 559 356 555 356 mild-corrosion 0
542 365 546 365 546 373 542 373 mild-corrosion 0
588 354 592 354 592 360 588 360 mild-corrosion 0
568 351 580 351 580 362 568 362 mild-corrosion 0
497 279 500 279 500 285 497 285 mild-corrosion 0
442 354 446 354 446 359 442 359 mild-corrosion 0
482 397 487 397 487 403 482 403 mild-corrosion 0
474 400 477 400 477 403 474 403 mild-corrosion 0
469 168 472 168 472 174 469 174 mild-corrosion 0
474 162 477 162 477 166 474 166 mild-corrosion 0
494 180 496 180 496 185 494 185 mild-corrosion 0
503 249 507 249 507 261 503 261 mild-corrosion 0
473 253 477 253 477 262 473 262 mild-corrosion 0
526 467 570 467 570 505 526 505 moderate-corrosion 0
597 403 632 403 632 421 597 421 moderate-corrosion 0