365.71996395432507 61.084717420026905 358.5906765326945 198.00435992190526 -7.131344749723212 178.95793821776866 0 42.04100000003578 severe-corrosion 0
417 98 439 98 439 130 417 130 moderate-corrosion 0
395 144 403 144 403 152 395 152 moderate-corrosion 0
579 158 593 158 593 175 579 175 mild-corrosion 0
612 155 620 155 620 161 612 161 mild-corrosion 0
546 239 554 239 554 249 546 249 mild-corrosion 0
454 178 460 178 460 185 454 185 mild-corrosion 0
560 188 568 188 568 198 560 198 mild-corrosion 0
364 70 366 70 366 76 364 76 mild-corrosion 0
503.3329655146372 76.15096202789603 509.84918732283404 83.3260236966345 476.3422099568561 113.75605020497952 469.82600000003004 106.58100000000493 mild-corrosion 0
527 29 536 29 536 39 527 39 mild-corrosion 0
408 30 442 30 442 44 408 44 mild-corrosion 0
494 257 504 257 504 264 494 264 mild-corrosion 0
319.96893392904894 612.9999674341648 319.9690000001283 640.0000450812405 301.9999974039092 639.9999987040619 302.00004444377555 613.0000342630065 severe-corrosion 0
294.6181982358394 327.9594576098822 325.12867631776317 327.8159355131455 326.4604397609219 610.8867035355471 295.94996169762453 611.030218559681 severe-corrosion 0
286.50620510386943 340.97450287460197 302.4863249377813 342.6815475858712 295.30237588500313 409.9257333143308 279.32225853030104 408.218704684807 severe-corrosion 0
364 281 444.953 281 444.953 329.58500000000004 364 329.58500000000004 severe-corrosion 0