252.5897797853395 15.520047827486573 382.250820252666 61.8917387316641 262.9405335953925 395.4878781804849 133.27985319003346 349.11744200771466 moderate-corrosion 0
-10.882025215250906 12.83468339971005 140.55068927555112 -2.6427331785005532 176.34638223200454 347.5803402784536 24.91377308499068 363.05738562054194 moderate-corrosion 0
258 0 277 0 277 18 258 18 mild-corrosion 0
409 104 422 104 422 143 409 143 severe-corrosion 0
520 55 557 55 557 139 520 139 severe-corrosion 0
617 0 640 0 640 129 617 129 moderate-corrosion 0
481 0 572 0 572 37 481 37 moderate-corrosion 0
413 0 458 0 458 26 413 26 severe-corrosion 0
139 524 184 524 184 594 139 594 severe-corrosion 0
149 483 165 483 165 499 149 499 mild-corrosion 0
564.1606316660909 578.69336840113 498.4296846507641 608.4448600180314 387.50010365693015 363.40375926445944 453.2255150218407 333.65374253953087 severe-corrosion 0