80.09560327052895 708.8870823292348 13.229302056570305 559.7422514845919 635.361849371111 280.85840043364897 702.2322218245972 429.9818789137941 severe-corrosion 0
241 16 299 16 299 123 241 123 severe-corrosion 0
405 29 598 29 598 241 405 241 severe-corrosion 0
388 350 426 350 426 394 388 394 moderate-corrosion 0
119 475 149 475 149 517 119 517 mild-corrosion 0
274 371 294 371 294 406 274 406 mild-corrosion 0
201 443 218 443 218 471 201 471 mild-corrosion 0
64 407 86 407 86 443 64 443 mild-corrosion 0
82 510 102 510 102 543 82 543 mild-corrosion 0
511 0 555 0 555 26 511 26 mild-corrosion 0
613 25 640 25 640 256 613 256 mild-corrosion 0
630.613117103785 287.35252451062047 618.9833275591809 334.5740396731233 564.8200114024075 321.23522117824507 576.4500000000407 274.0139999999826 moderate-corrosion 0
533.0032772986306 321.3334136583558 501.83456631348236 408.28805162013293 366.70559503356344 359.85399880859865 397.87499999998545 272.9010000000207 moderate-corrosion 0
341 0 422 0 422 8 341 8 mild-corrosion 0