350 31 371 31 371 77 350 77 moderate-corrosion 0
400 225 417 225 417 243 400 243 moderate-corrosion 0
498 86 514 86 514 105 498 105 mild-corrosion 0
608 201 620 201 620 217 608 217 moderate-corrosion 0
308 227 321 227 321 243 308 243 mild-corrosion 0
338 168 348 168 348 180 338 180 mild-corrosion 0
581 53 593 53 593 71 581 71 mild-corrosion 0
605 46 611 46 611 54 605 54 mild-corrosion 0
610 26 616 26 616 33 610 33 mild-corrosion 0
610 148 621 148 621 162 610 162 mild-corrosion 0
431 210 449 210 449 226 431 226 mild-corrosion 0
302 52 315 52 315 64 302 64 mild-corrosion 0
284 202 292 202 292 213 284 213 mild-corrosion 0
408 58 422 58 422 76 408 76 mild-corrosion 0
407 119 415 119 415 127 407 127 mild-corrosion 0
351 112 357 112 357 126 351 126 mild-corrosion 0
293.71454525309673 418.3031058504697 269.51997586184007 323.5461793232292 634.7085174668609 230.30314905017394 658.9058095296787 325.055600273173 severe-corrosion 0
340 390 376 390 376 418 340 418 mild-corrosion 0
381 376 412 376 412 390 381 390 mild-corrosion 0