532 0 560 0 560 98 532 98 moderate-corrosion 0
364 6 382 6 382 230 364 230 moderate-corrosion 0
348 96 362 96 362 125 348 125 mild-corrosion 0
608 192 627 192 627 230 608 230 mild-corrosion 0
610 63 629 63 629 182 610 182 mild-corrosion 0
192.00502972016693 583.8510000000002 48.709902707269066 583.8510000000001 48.71295890239708 436.453 191.999966647345 436.453 moderate-corrosion 0
286 297 341 297 341 369 286 369 moderate-corrosion 0
221 437 329 437 329 640 221 640 moderate-corrosion 0
297 378 339 378 339 392 297 392 mild-corrosion 0
192 426 205 426 205 448 192 448 mild-corrosion 0
302 237 338 237 338 273 302 273 moderate-corrosion 0