232.48415990019566 100.41594378325664 228.81666639827017 70.61217498275983 293.1367951288121 62.697291506284294 296.80433806672227 92.50099988792073 severe-corrosion 0
236.00684935212485 102.83131222726806 267.5886395915586 121.19676796661338 145.3809867457312 331.34203587539014 113.7994664402504 312.97693387877956 severe-corrosion 0
28 249 45 249 45 265 28 265 mild-corrosion 0
48 245 59 245 59 257 48 257 mild-corrosion 0
46 313 66 313 66 335 46 335 mild-corrosion 0
66 29 78 29 78 41 66 41 mild-corrosion 0
145 131 159 131 159 151 145 151 mild-corrosion 0
177 0 190 0 190 17 177 17 mild-corrosion 0
179 46 189 46 189 74 179 74 mild-corrosion 0
162 90 173 90 173 102 162 102 mild-corrosion 0
173 66 182 66 182 78 173 78 mild-corrosion 0
211 142 221 142 221 158 211 158 mild-corrosion 0
190 133 197 133 197 146 190 146 mild-corrosion 0
204 56 216 56 216 75 204 75 mild-corrosion 0
222 12 236 12 236 24 222 24 mild-corrosion 0
278 27 292 27 292 49 278 49 mild-corrosion 0
174 154 184 154 184 162 174 162 mild-corrosion 0
182 170 190 170 190 180 182 180 mild-corrosion 0
294 0 317 0 317 54 294 54 severe-corrosion 0
529 253 545 253 545 281 529 281 mild-corrosion 0
547 280 569 280 569 311 547 311 mild-corrosion 0
329.3195087210188 158.17403740054925 278.210719551862 149.15481751358712 304.4321027604019 0.5696989380961778 355.54048991572927 9.588884881926589 mild-corrosion 0
423.4240670283907 147.30013438268438 369.53237826382974 159.11174363645802 342.9297804234375 37.734554426323456 396.8209999999817 25.923000000005413 mild-corrosion 0
478.66552022220276 152.572520357559 444.4744307001383 164.4649649915128 404.1682576700987 48.5843728599372 438.3589999999822 36.69199999999386 mild-corrosion 0
525 109 559 109 559 153 525 153 mild-corrosion 0
483 118 512 118 512 136 483 136 mild-corrosion 0
507 21 527 21 527 33 507 33 mild-corrosion 0
106.55590786256653 327.89576527332895 273.8930000000255 339.00000000000233 253.17903573450167 651.1036027085627 85.84199999997509 639.9999999999998 moderate-corrosion 0
0 339 84.59 339 84.59 640 0 640 moderate-corrosion 0
294 339 604.658 339 604.658 632.413 294 632.413 severe-corrosion 0