196.75735697572236 306.99976316848796 123.76832197092881 314.3337763276423 92.18399999997928 1.6856939811756637e-12 165.17003127613862 -7.333847997921802 severe-corrosion 0
411 178 565 178 565 233 411 233 moderate-corrosion 0
0 319 22 319 22 352 0 352 moderate-corrosion 0
25 389 65 389 65 416 25 416 moderate-corrosion 0
102 408 138 408 138 434 102 434 moderate-corrosion 0
204 309 226 309 226 333 204 333 mild-corrosion 0
0 501 11 501 11 527 0 527 moderate-corrosion 0
81 312 107 312 107 327 81 327 mild-corrosion 0
268 588 282 588 282 597 268 597 mild-corrosion 0
7 598 127 598 127 636 7 636 severe-corrosion 0
307 338.75 582 338.75 582 640 307 640 severe-corrosion 0