0 0 172 0 172 172 0 172 severe-corrosion 0
550.244114702291 -0.0003589074369987039 550.2450000033423 172.00038179325463 266.6514286406891 171.99984642696603 266.65200425377407 0.000005259473932627084 severe-corrosion 0
0 172 172 172 172 335.931 0 335.931 severe-corrosion 0
496.66404462630453 572.6618926270007 539.4702907935425 506.8491506618617 571.1135665124311 527.4264241855465 528.3078888471209 593.2386653527486 severe-corrosion 0
537.9756227695907 425.19901492881326 494.63429684932635 400.0678964119023 543.3491563775897 316.0640636434255 586.689579865706 341.19484906812426 severe-corrosion 0
640.0041149959725 291.091 200.33401547967514 291.0909999999998 200.33900000002177 171.99999999999977 640 171.99999999999991 severe-corrosion 0
466.76350248344534 421.56813685143 463.24099999998 454.22900000000175 400.0152041066758 447.41052768153156 403.53799999997136 414.7499999999963 moderate-corrosion 0
392.43196581781376 506.90999074789045 413.77003465349844 512.6855751584865 406.9580576842418 537.8475552708932 385.6199999999808 532.0719999999998 mild-corrosion 0
185.3650000000198 639.9999999999678 185.36561969413015 615.3875935637699 253.45521333241777 615.3889754164574 253.45498603433953 640.0009891521206 moderate-corrosion 0
448.1437403239397 411.33406863231437 416.7916630533 395.6893120498197 456.3724468683358 316.37844779521333 487.72390119338525 332.02301873419236 moderate-corrosion 0
550.4943432969594 563.3633182436788 568.0714654732583 507.36911412259167 657.5754770673666 535.4590875112431 639.9996200289752 591.4522104976528 moderate-corrosion 0
360.9393926013581 569.0335720333367 343.4675838968542 575.7782365075665 334.63335195679974 552.8986298796865 352.1050000000105 546.1539999999914 mild-corrosion 0
598.3830143566593 391.8634578983206 623.9675229539716 405.9348509103676 566.4463091403013 510.5041127101374 540.8619999999792 496.43299999998527 moderate-corrosion 0
319.26572058786405 412.96033973064226 330.4678951322421 479.5228984536047 241.231029275732 494.53754019925 230.0300000000425 427.9760000000347 severe-corrosion 0
299.5577921203949 547.3766560826887 309.43007618858246 611.1988343476363 241.69122021397925 621.6732292979749 231.82000000000698 557.8520000000294 mild-corrosion 0