399 0 409 0 409 41 399 41 severe-corrosion 0
1 21 21 21 21 49 1 49 severe-corrosion 0
276 74 286 74 286 110 276 110 severe-corrosion 0
277 4 282 4 282 29 277 29 severe-corrosion 0
355 24 369 24 369 52 355 52 moderate-corrosion 0
377 18 387 18 387 40 377 40 moderate-corrosion 0
128 25 167 25 167 54 128 54 severe-corrosion 0
0 0 8 0 8 9 0 9 severe-corrosion 0
448 0 526 0 526 134 448 134 severe-corrosion 0
551 2 637 2 637 134 551 134 severe-corrosion 0
182 402 204 402 204 431 182 431 severe-corrosion 0
191.99927487497916 516.7439873726112 198.54258044470043 580.022500604783 1.0491352078679483 600.4338098723247 -5.491350364172831 537.1578631341297 severe-corrosion 0
360.3633569004887 284.71716894706856 370.47575624397723 272.9169911918955 395.7735998689168 294.5951579017427 385.66124546363426 306.3952931411074 severe-corrosion 0
208 435 218 435 218 450 208 450 mild-corrosion 0
409 187.783 640 187.783 640 640 409 640 severe-corrosion 0