259.68894215358887 280.3742289905244 200.4973258789687 282.0537228241914 193.2071970117977 25.102482194085347 252.39722428712412 23.423009612632974 corroded-part 0
368 0 397 0 397 371 368 371 severe-corrosion 0
341 0 367 0 367 371 341 371 severe-corrosion 0
308 0 342 0 342 371 308 371 severe-corrosion 0
281 0 307 0 307 371 281 371 severe-corrosion 0
479 20 495 20 495 88 479 88 severe-corrosion 0
481 0 496 0 496 12 481 12 severe-corrosion 0
506 0 520 0 520 40 506 40 severe-corrosion 0
564 0 577 0 577 14 564 14 mild-corrosion 0
505 189 519 189 519 227 505 227 mild-corrosion 0
616 186 640 186 640 222 616 222 mild-corrosion 0
558 187 574 187 574 211 558 211 mild-corrosion 0
559 53 580 53 580 77 559 77 mild-corrosion 0
533 313 551 313 551 371 533 371 mild-corrosion 0
528 264 551 264 551 292 528 292 mild-corrosion 0
452 28 480 28 480 160 452 160 mild-corrosion 0
0 371 281 371 281 640 0 640 severe-corrosion 0
348.6332717158075 639.9996936456289 348.65041479955835 370.98267112771765 640.0010974076577 371.00070241143203 639.998415470618 640.0032442208259 corroded-part 0