53.37584846580285 89.40135252798144 94.75995263717778 86.25106864043708 99.74421621045622 151.7268548350363 58.360113261587685 154.87712929603563 severe-corrosion 0
149.45800000001327 4.490999999992798 159.9551056347991 -9.733564333888044 189.21927381976275 11.862110894940173 178.7221704532567 26.086673089485558 severe-corrosion 0
88.54651138288318 13.9223271671254 98.58330848248443 13.787249359233236 99.20504260539019 59.984428232146705 89.16824550498859 60.11950594954022 severe-corrosion 0
13.000003967172233 50.638999999999996 0.35199697100324556 50.63900000000001 0.3520032483356772 1.4230000000000023 12.999998736850102 1.4230000000000023 severe-corrosion 0
407.0000017093116 211.00000000000006 372.8519999999844 211.00000000000006 372.8520222370571 203.68799999999996 406.99998524287366 203.68799999999996 corroded-part 0
543.2378944155062 131.65408831072992 524.2736997945758 170.5896109237281 444.1132462368114 131.54642842475627 463.07747047540033 92.61108002354233 severe-corrosion 0
516.7095596811123 80.44329435832766 525.6091427677165 40.58663706345754 595.6143411820085 56.21801631628245 586.7148431808891 96.07459869796676 severe-corrosion 0
0 211 243 211 243 640 0 640 severe-corrosion 0
372 557 506 557 506 640 372 640 moderate-corrosion 0
429 211 573 211 573 340 429 340 moderate-corrosion 0
307 609 362 609 362 640 307 640 mild-corrosion 0
632 429 640 429 640 465 632 465 mild-corrosion 0
578 498 595 498 595 526 578 526 mild-corrosion 0
535 565 558 565 558 600 535 600 mild-corrosion 0
552 619 571 619 571 640 552 640 mild-corrosion 0
446 369 458 369 458 385 446 385 mild-corrosion 0
362 324 374 324 374 349 362 349 mild-corrosion 0
271 338 287 338 287 369 271 369 mild-corrosion 0
325 573 342 573 342 595 325 595 mild-corrosion 0
488 448 505 448 505 470 488 470 mild-corrosion 0