106.52544308621145 264.29407668698116 87.7062915249553 326.3031224099108 23.941114233020926 306.951781485591 42.760516936759814 244.94316997322306 severe-corrosion 0
316.5310930650594 33.310465397251434 458.42929325270234 33.25404947933771 458.5381307674106 306.99959521822336 316.6399306264793 307.05601017696563 corroded-part 0
48 402 72 402 72 427 48 427 moderate-corrosion 0
126 432 137 432 137 468 126 468 moderate-corrosion 0
197 307 212 307 212 322 197 322 moderate-corrosion 0
185 482 218 482 218 502 185 502 mild-corrosion 0
255 307 268 307 268 326 255 326 mild-corrosion 0
247 548 255 548 255 561 247 561 mild-corrosion 0
3 436 11 436 11 454 3 454 mild-corrosion 0
40 433 52 433 52 445 40 445 mild-corrosion 0
72 450 82 450 82 461 72 461 mild-corrosion 0
138 429 151 429 151 439 138 439 mild-corrosion 0
202 445 210 445 210 455 202 455 mild-corrosion 0
460.12614961604413 472.3922221815634 645.8550856874353 482.25807358396315 636.9499059323425 649.8655074660888 451.221000000005 640.0000000000014 severe-corrosion 0
299.238921121796 590.6467424373067 304.5135518353345 607.8700406281121 268.0000000000291 619.0489999999975 262.725542541084 601.8258493335381 moderate-corrosion 0