275.48837648675544 54.067912006770754 485.13996362380567 155.92132841079038 274.59888246958144 589.2589571160677 64.95050132507458 487.4110804827395 moderate-corrosion 0
241.59855545694882 48.78857707799781 320.4001878467534 141.60817190425678 184.74275476117327 256.7750533956571 105.94199313272838 163.9563140672374 moderate-corrosion 0
409 45 430 45 430 68 409 68 mild-corrosion 0
40 182 90 182 90 283 40 283 mild-corrosion 0
0 193 6 193 6 296 0 296 mild-corrosion 0
0 355 8 355 8 385 0 385 mild-corrosion 0
53 85 74 85 74 105 53 105 mild-corrosion 0
335 4 381 4 381 52 335 52 mild-corrosion 0
361 341 399 341 399 378 361 378 mild-corrosion 0
295 552 319 552 319 575 295 575 mild-corrosion 0
33 477 55 477 55 495 33 495 mild-corrosion 0
389 143 405 143 405 162 389 162 mild-corrosion 0
433 20 450 20 450 43 433 43 mild-corrosion 0
421 77 441 77 441 99 421 99 mild-corrosion 0
612.6248676426621 351.5010589422951 560.9013949935616 347.9872836437818 580.9475804551039 52.94334591499692 632.667999999976 56.45699999999757 moderate-corrosion 0
473 329 602 329 602 406 473 406 mild-corrosion 0
134 457 164 457 164 478 134 478 mild-corrosion 0
118 385 134 385 134 400 118 400 mild-corrosion 0
135 279 163 279 163 298 135 298 mild-corrosion 0