36.8427716421138 248.88247350494893 157.54371645460196 255.82007757189666 148.2385617840191 417.69994072629424 27.53762930580706 410.7624749721208 severe-corrosion 0
224 279 236 279 236 306 224 306 moderate-corrosion 0
177 245 219 245 219 278 177 278 moderate-corrosion 0
160 29 195 29 195 56 160 56 moderate-corrosion 0
26 128 34 128 34 142 26 142 mild-corrosion 0
107 123 119 123 119 136 107 136 mild-corrosion 0
228 56 236 56 236 73 228 73 mild-corrosion 0
236 107 248 107 248 150 236 150 moderate-corrosion 0
422 190 431 190 431 224 422 224 moderate-corrosion 0
419 273 448 273 448 331 419 331 moderate-corrosion 0
0 428 236 428 236 640 0 640 severe-corrosion 0
589 429 640 429 640 475 589 475 severe-corrosion 0
344 444 428 444 428 515 344 515 severe-corrosion 0
403.286027697759 497.6674140728866 451.6402796168404 387.87907109363204 602.519803327159 454.3199370532989 554.1692898771726 564.1051072808582 moderate-corrosion 0