14.580557360459352 299.99987181349013 14.58305042659049 206.42949380462827 192.80191043268132 206.43380183980355 192.80099997820798 300.0025380963653 severe-corrosion 0
415 128 449 128 449 152 415 152 moderate-corrosion 0
369 223 449 223 449 300 369 300 severe-corrosion 0
-6.157555237296037 535.1247150443111 1.6121549084346043 449.158094590558 320.64869884176005 477.9804686494863 312.88457583454147 563.941934816581 severe-corrosion 0
67 303 111 303 111 369 67 369 severe-corrosion 0
61 382 87 382 87 416 61 416 severe-corrosion 0
196 429 234 429 234 462 196 462 severe-corrosion 0
223 300 313 300 313 404 223 404 severe-corrosion 0
266 416 296 416 296 435 266 435 severe-corrosion 0
128.22840007807827 387.3379005049328 141.97078331868397 383.82613762598487 148.3603659689834 408.82725364832424 134.61798776348587 412.33900312693584 mild-corrosion 0
165.46861606628227 325.80393130388836 153.7007474371785 315.91901136816165 164.34522605937673 303.24785674487356 176.11306672733917 313.13275752798677 mild-corrosion 0
41.20958622988837 428.22564051317033 50.88011228683172 426.9642312217661 53.098840241727885 443.97161341277894 43.428314873890486 445.2330191973698 mild-corrosion 0
138 426 147 426 147 449 138 449 mild-corrosion 0
31 400 39 400 39 424 31 424 mild-corrosion 0
1 430 8 430 8 446 1 446 mild-corrosion 0