-0.001292848464800045 120.9999999829615 0 51.25299999998909 289.5336240544566 51.25715038415218 289.5329999720707 121.00354566063783 corroded-part 0
88.3826377857622 560.00011298357 88.38384831906296 440.30791551382276 142.00000887809438 440.3090000001674 142.00000519187597 559.9999607528362 corroded-part 0
0 121 272.55 121 272.55 445.481 0 445.481 severe-corrosion 0
332.0040680457896 327.0839999999999 145.76356259494787 327.08399999999995 145.7664396239852 121.00000000000006 332.00000000004366 120.99999999999994 severe-corrosion 0
30 355 69 355 69 389 30 389 severe-corrosion 0
147 333 201 333 201 394 147 394 severe-corrosion 0
149 259 171 259 171 309 149 309 severe-corrosion 0
212 308 247 308 247 340 212 340 severe-corrosion 0
291 332 322 332 322 388 291 388 severe-corrosion 0
270 348 278 348 278 366 270 366 severe-corrosion 0
112 303 156 303 156 328 112 328 severe-corrosion 0
83 579 103 579 103 593 83 593 moderate-corrosion 0
181 528 197 528 197 547 181 547 moderate-corrosion 0
639.9999172362732 353.49399517244274 640.7897039527597 420.33048611473765 366.62561913872196 423.5620712833795 365.8385072357487 356.7281049074214 corroded-part 0