78 0 144 0 144 47 78 47 severe-corrosion 0
177 269 231 269 231 322 177 322 severe-corrosion 0
0 138 4 138 4 163 0 163 severe-corrosion 0
262 276 294 276 294 316 262 316 moderate-corrosion 0
141 192 162 192 162 208 141 208 moderate-corrosion 0
167 70 192 70 192 108 167 108 moderate-corrosion 0
0 328 21 328 21 393 0 393 moderate-corrosion 0
0 183 8 183 8 209 0 209 mild-corrosion 0
105 259 119 259 119 281 105 281 mild-corrosion 0
265 127 284 127 284 151 265 151 mild-corrosion 0
12.054518922304851 484.47092515869576 -4.035674623446539 426.4465039956598 323.55400395543256 335.6096224185392 339.64604644235806 393.63111137884357 severe-corrosion 0
70 383 116 383 116 409 70 409 severe-corrosion 0
93 176 111 176 111 188 93 188 mild-corrosion 0
154 35 170 35 170 58 154 58 moderate-corrosion 0
326 0 640 0 640 441 326 441 corroded-part 0
370.2217135712999 474.9225969376129 443.2916100149305 368.7382207878775 630.9462802756025 497.85132262685516 557.8813954327052 604.0312381539666 severe-corrosion 0