199 23 238 23 238 55 199 55 moderate-corrosion 0
21 220 39 220 39 238 21 238 moderate-corrosion 0
150 263 167 263 167 268 150 268 mild-corrosion 0
55 230 85 230 85 254 55 254 mild-corrosion 0
43 144 59 144 59 172 43 172 mild-corrosion 0
330 151 354 151 354 177 330 177 moderate-corrosion 0
264 0 285 0 285 11 264 11 moderate-corrosion 0
191 143 205 143 205 162 191 162 moderate-corrosion 0
315 235 338 235 338 268 315 268 moderate-corrosion 0
276 57 286 57 286 74 276 74 moderate-corrosion 0
150 66 162 66 162 84 150 84 moderate-corrosion 0
117 54 133 54 133 77 117 77 mild-corrosion 0
220 227 242 227 242 257 220 257 moderate-corrosion 0
228 189 250 189 250 212 228 212 moderate-corrosion 0
170 166 182 166 182 181 170 181 moderate-corrosion 0
345 0 356 0 356 11 345 11 mild-corrosion 0
111 221 127 221 127 241 111 241 mild-corrosion 0
407 233 409 233 409 250 407 250 mild-corrosion 0
100 87 108 87 108 98 100 98 mild-corrosion 0
146 176 166 176 166 211 146 211 mild-corrosion 0
316 122 356 122 356 147 316 147 mild-corrosion 0
129 140 141 140 141 154 129 154 mild-corrosion 0
64 148 78 148 78 167 64 167 mild-corrosion 0
32 17 38 17 38 33 32 33 mild-corrosion 0
122 12 134 12 134 26 122 26 mild-corrosion 0
464.74535205896245 91.66633885964364 478.2771956297074 -13.225370477879855 652.896106140106 9.30174591847421 639.3646438884025 114.19309823052473 severe-corrosion 0
428.1520448840456 127.6407665628621 396.80894157463626 115.84496005470032 410.3216459198302 79.94023966566309 441.6646683395811 91.73602958196595 moderate-corrosion 0
520.9456310469977 136.16012201909933 513.6300000000483 116.58800000001308 544.1673628217541 105.17392357405095 551.4830061512475 124.74601645686674 moderate-corrosion 0
472.03089324488246 133.2978761356397 502.35444451493095 130.99498150164584 504.80254971007525 163.2301095592586 474.478998830964 165.53300008878102 moderate-corrosion 0
617.0095468348154 92.05251210551572 620.8284429931518 110.54789478242563 570.3698530804104 120.96634502349603 566.5509999999631 102.47100000000239 moderate-corrosion 0
594.343000000008 157.4889999999719 587.7578879440262 141.6611008161945 609.5470000000205 132.59600000002632 616.1321189547743 148.42387884147928 mild-corrosion 0
475 211 504 211 504 233 475 233 mild-corrosion 0
549 194 575 194 575 228 549 228 mild-corrosion 0
0.012548713712021708 452.7815723413766 -1.4851679553248687 378.9573671822183 273.7823257500713 373.3688312503836 275.2830822134274 447.18998285872937 severe-corrosion 0
409 322.929 640 322.929 640 552.907 409 552.907 severe-corrosion 0
408.9932857732492 639.9999997848756 409.00000000001455 531.8120000000025 604.6323746245616 531.8227071319217 604.6302841579745 640.0060336363771 moderate-corrosion 0
409 268 532 268 532 322 409 322 mild-corrosion 0