136.6897385086486 174.8050277508313 93.34949588846939 199.93754906590834 44.63553657929879 115.93280728923752 87.97541040381475 90.80042114365257 severe-corrosion 0
249.21753306851315 258.6919660739662 210.12059983069776 276.0348654819264 176.26051426930644 199.70511020712155 215.35694491147297 182.36234168011478 moderate-corrosion 0
0 62 14 62 14 96.26999999999998 0 96.26999999999998 moderate-corrosion 0
31.28129791592073 190.80613201900053 2.5385999304126017 194.49421050243154 -6.726709668437252 122.2861317431153 22.01572908095841 118.59807085531364 moderate-corrosion 0
90.98437489876233 19.47159512467358 116.56689701892901 5.3990453379327725 173.7562032945425 109.36336932231853 148.17371088523942 123.43587629670824 moderate-corrosion 0
639.9999999979627 -0.0007079063154138486 640.0032384081715 300.00180560382654 285.7599651784403 299.99972041015246 285.7620821819728 0.0004407330006888021 severe-corrosion 0
55 409 95 409 95 441 55 441 moderate-corrosion 0
142 300 165 300 165 305 142 305 moderate-corrosion 0
187 537 211 537 211 563 187 563 moderate-corrosion 0
122 358 143 358 143 397 122 397 moderate-corrosion 0
48 529 62 529 62 548 48 548 moderate-corrosion 0
172 621 195 621 195 640 172 640 moderate-corrosion 0
133 443 143 443 143 460 133 460 moderate-corrosion 0
7 452 19 452 19 470 7 470 moderate-corrosion 0
77 613 98 613 98 640 77 640 moderate-corrosion 0
85 575 107 575 107 598 85 598 moderate-corrosion 0
27 552 39 552 39 567 27 567 moderate-corrosion 0
202 384 213 384 213 398 202 398 mild-corrosion 0
65 300 77 300 77 313 65 313 mild-corrosion 0
3 562 23 562 23 597 3 597 mild-corrosion 0
173 508 213 508 213 533 173 533 mild-corrosion 0
192 334 200 334 200 350 192 350 mild-corrosion 0
379.8769884026842 654.4872015770213 224.43744506170333 626.8294914574132 287.5338230007037 272.3440833087413 442.954000000027 300.0000000000036 severe-corrosion 0
487.38284076527634 643.749629432425 371.24068216413434 637.917340463729 388.51364962560183 294.16809846273634 504.64099999997416 299.99999999999955 severe-corrosion 0