155 248 177 248 177 277 155 277 severe-corrosion 0
164.9995176953962 362.74670774976875 171.9834658626496 424.8991878824125 1.631339814994135 444.036046909252 -5.3508679991500685 381.88515821731494 severe-corrosion 0
181 281 191 281 191 296 181 296 mild-corrosion 0
300 0 640 0 640 460 300 460 severe-corrosion 0
146 498 157 498 157 514 146 514 moderate-corrosion 0
265 489 280 489 280 517 265 517 moderate-corrosion 0
211 525 234 525 234 553 211 553 moderate-corrosion 0
115 575 125 575 125 584 115 584 moderate-corrosion 0
141 552 147 552 147 564 141 564 moderate-corrosion 0
189 469 195 469 195 477 189 477 severe-corrosion 0
33 524 43 524 43 538 33 538 severe-corrosion 0
13 540 17 540 17 552 13 552 severe-corrosion 0
218 618 228 618 228 632 218 632 severe-corrosion 0
238 593 248 593 248 607 238 607 severe-corrosion 0
129 509 135 509 135 521 129 521 severe-corrosion 0
516.9779999999446 460.000000000001 543.0432651846058 458.66867630443204 552.3009504625225 639.8824796877083 526.2356889187504 641.2137542575732 severe-corrosion 0