274 94 288 94 288 179 274 179 severe-corrosion 0
40 124 62 124 62 153 40 153 severe-corrosion 0
51.999999999970896 38.24899999997571 48.15560920163989 1.0418668056934628 285.5729967210209 -23.489141900959524 289.41740348505846 13.71789708210903 severe-corrosion 0
26 105 36 105 36 120 26 120 mild-corrosion 0
283.21417675622797 75.87861865279918 291.92072840683977 -11.693978423430053 648.5102429917606 23.75821800933663 639.8043602969119 111.32996516992448 severe-corrosion 0
287.9996518493863 495.22730470301644 293.54957165684027 633.8276544829286 3.299640732948319 645.433430815378 -2.2414613310684217 506.8414881311111 severe-corrosion 0
145 563 227 563 227 640 145 640 severe-corrosion 0
523 396 552 396 552 640 523 640 severe-corrosion 0
554 396 580 396 580 640 554 640 severe-corrosion 0
579 396 613 396 613 640 579 640 severe-corrosion 0
613 396 639 396 639 640 613 640 severe-corrosion 0
427 514 442 514 442 582 427 582 severe-corrosion 0
424 449 440 449 440 506 424 506 severe-corrosion 0
401 464 415 464 415 535 401 535 severe-corrosion 0
343 446 357 446 357 509 343 509 mild-corrosion 0
318 396 337 396 337 469 318 469 mild-corrosion 0
398 409 423 409 423 450 398 450 mild-corrosion 0
342 547 363 547 363 571 342 571 mild-corrosion 0
441 522 469 522 469 640 441 640 mild-corrosion 0
289 396 310 396 310 424 289 424 mild-corrosion 0
421 396 446 396 446 423 421 423 mild-corrosion 0