27 0 72 0 72 12 27 12 severe-corrosion 0
0 249 28 249 28 315 0 315 severe-corrosion 0
177 254 192 254 192 441 177 441 severe-corrosion 0
43 418 85 418 85 441 43 441 severe-corrosion 0
113 427 147 427 147 441 113 441 severe-corrosion 0
119 247 137 247 137 275 119 275 mild-corrosion 0
100 359 116 359 116 403 100 403 mild-corrosion 0
65 24 192 24 192 185 65 185 moderate-corrosion 0
0 110 23 110 23 242 0 242 moderate-corrosion 0
0 327 35 327 35 441 0 441 moderate-corrosion 0
122 296 174 296 174 422 122 422 moderate-corrosion 0
47 216 73 216 73 246 47 246 mild-corrosion 0
77 246 112 246 112 298 77 298 mild-corrosion 0
360.3649283678533 233.36380485559346 463.9084347797325 208.91266141344784 503.49600000001374 376.5450000000054 399.95265844321693 400.9956699870728 severe-corrosion 0
0 441 31 441 31 505 0 505 mild-corrosion 0
69 441 100 441 100 480 69 480 mild-corrosion 0
631.0729970108514 440.9713502790329 631.078526921483 493.2378140979765 225.1548498874763 493.26291744515794 225.15299999999115 441.0000000000324 severe-corrosion 0