0 138 82 138 82 166 0 166 moderate-corrosion 0
27 218 65 218 65 232 27 232 moderate-corrosion 0
123 47 157 47 157 71 123 71 mild-corrosion 0
326 0 640 0 640 200.15700000000004 326 200.15700000000004 severe-corrosion 0
530 157 578 157 578 239 530 239 moderate-corrosion 0
403 204 414 204 414 232 403 232 moderate-corrosion 0
407 252 437 252 437 270 407 270 moderate-corrosion 0
485 178 502 178 502 208 485 208 moderate-corrosion 0
499 212 525 212 525 243 499 243 moderate-corrosion 0
581 231 617 231 617 251 581 251 moderate-corrosion 0
326 493.41200000000003 640 493.41200000000003 640 640 326 640 severe-corrosion 0