267 180 301 180 301 205 267 205 moderate-corrosion 0
221 275 301 275 301 390 221 390 severe-corrosion 0
557 368 577 368 577 388 557 388 mild-corrosion 0
610 354 633 354 633 390 610 390 mild-corrosion 0
335 0 377 0 377 80 335 80 moderate-corrosion 0
386 24 417 24 417 89 386 89 moderate-corrosion 0
429 58 458 58 458 108 429 108 moderate-corrosion 0
522 97 551 97 551 149 522 149 moderate-corrosion 0
602 145 640 145 640 202 602 202 moderate-corrosion 0
325.99999999998545 272.47900000000993 321.8150798010902 231.99160796407602 637.7855756976351 199.3289054819179 641.9714891277545 239.81519886538732 severe-corrosion 0
359 177 385 177 385 209 359 209 moderate-corrosion 0
454 328 464 328 464 358 454 358 mild-corrosion 0
115.64971943778801 639.9993761949559 115.66159388094093 406.75278648817766 326.0024827685993 406.7633315610557 325.9999999948923 640.0006991710877 severe-corrosion 0
412 634 436 634 436 640 412 640 mild-corrosion 0
370 535 424 535 424 568 370 568 mild-corrosion 0
384 422 640 422 640 484 384 484 mild-corrosion 0
490 550 546 550 546 570 490 570 mild-corrosion 0