170 599 199 599 199 640 170 640 Rust 0
316 581 336 581 336 619 316 619 Rust 0
336 567 356 567 356 593 336 593 Rust 0
371 504 390 504 390 535 371 535 Rust 0
464 444 491 444 491 486 464 486 Rust 0
544 458 565 458 565 497 544 497 Rust 0
626 354 640 354 640 393 626 393 Rust 0
396 96 420 96 420 128 396 128 Rust 0
262 130 279 130 279 154 262 154 Rust 0
282 122 295 122 295 141 282 141 severe-corrosion 0
347 93 357 93 357 112 347 112 severe-corrosion 0
116 2 140 2 140 39 116 39 severe-corrosion 0
138 102 164 102 164 127 138 127 severe-corrosion 0
300 312 324 312 324 339 300 339 severe-corrosion 0
249 366 275 366 275 401 249 401 severe-corrosion 0
140 541 155 541 155 564 140 564 severe-corrosion 0
42 409 56 409 56 434 42 434 severe-corrosion 0
29 343 42 343 42 369 29 369 severe-corrosion 0
28 617 46 617 46 640 28 640 severe-corrosion 0
184 414 200 414 200 442 184 442 severe-corrosion 0
339 387 356 387 356 434 339 434 severe-corrosion 0
362 389 372 389 372 410 362 410 severe-corrosion 0
332 268 345 268 345 289 332 289 moderate-corrosion 0
517 143 525 143 525 164 517 164 severe-corrosion 0
275 503 292 503 292 528 275 528 severe-corrosion 0
59 466 82 466 82 497 59 497 severe-corrosion 0
413 309 427 309 427 328 413 328 severe-corrosion 0