285 582 308 582 308 609 285 609 Rust 0
262 567 286 567 286 598 262 598 Rust 0
229 501 252 501 252 537 229 537 Rust 0
122 447 153 447 153 496 122 496 Rust 0
39 471 65 471 65 516 39 516 Rust 0
220 59 248 59 248 97 220 97 Rust 0
372 82 392 82 392 110 372 110 Rust 0
356 75 371 75 371 97 356 97 Rust 0
289 50 300 50 300 72 289 72 Rust 0
500 37 530 37 530 67 500 67 Rust 0
312 285 340 285 340 318 312 318 Rust 0
363 338 392 338 392 380 363 380 Rust 0
485 517 502 517 502 544 485 544 Rust 0
600 363 616 363 616 391 600 391 Rust 0
442 384 461 384 461 416 442 416 Rust 0
272 371 293 371 293 425 272 425 Rust 0
256 375 267 375 267 399 256 399 Rust 0
292 240 308 240 308 265 292 265 Rust 0
102 123 113 123 113 147 102 147 Rust 0
336 492 356 492 356 521 336 521 Rust 0
567 428 594 428 594 465 567 465 rust 0
200 293 217 293 217 316 200 316 rust 0