560 62 640 62 640 240 560 240 severe-corrosion 0
234 0 394 0 394 231 234 231 severe-corrosion 0
65 60 237 60 237 276 65 276 severe-corrosion 0
191 578 280 578 280 636 191 636 severe-corrosion 0
382 488 444 488 444 592 382 592 severe-corrosion 0
6 0 234 0 234 49 6 49 moderate-corrosion 0
394 0 554 0 554 237 394 237 severe-corrosion 0
0 311 640 311 640 391 0 391 severe-corrosion 0
490.39480056017055 384.61264906748283 497.81845101220824 472.1183436535171 338.07335620927915 485.6656222262327 330.6521430119028 398.16222582683815 severe-corrosion 0
519.8537784444488 453.00112901129035 619.989058439096 415.18047389864284 676.6823568281688 565.2579872550111 576.5476838249742 603.0774970975584 severe-corrosion 0
0 394 180 394 180 640 0 640 mild-corrosion 0
192 406 336 406 336 532 192 532 moderate-corrosion 0
272 492 484 492 484 640 272 640 moderate-corrosion 0