95 162 139 162 139 185 95 185 severe-corrosion 0
190 117 222 117 222 169 190 169 severe-corrosion 0
0 28 320 28 320 68 0 68 severe-corrosion 0
245.23399061334203 65.30788929958834 248.7565686160815 106.85073937476604 168.88563869069912 113.623111122388 165.3631812369713 72.08037751220375 severe-corrosion 0
260.43635547983286 99.71498881967017 310.219965071592 80.90785759657635 338.44260072110046 155.61414994790533 288.6590313947818 174.42120839810508 severe-corrosion 0
0 70 90 70 90 185 0 185 mild-corrosion 0
96 76 168 76 168 139 96 139 moderate-corrosion 0
136 119 242 119 242 185 136 185 moderate-corrosion 0
334 118 369 118 369 185 334 185 mild-corrosion 0
407 108 438 108 438 178 407 178 mild-corrosion 0
93 368 320 368 320 588 93 588 severe-corrosion 0
320 185 640 185 640 640 320 640 severe-corrosion 0