386 47 617 47 617 638 386 638 severe-corrosion 0
62 51 226 51 226 413 62 413 severe-corrosion 0
366 243 386 243 386 269 366 269 mild-corrosion 0
359 285 390 285 390 317 359 317 mild-corrosion 0
379 314 399 314 399 352 379 352 mild-corrosion 0
254 351 279 351 279 373 254 373 mild-corrosion 0
24 314 56 314 56 348 24 348 mild-corrosion 0
143 3 167 3 167 32 143 32 mild-corrosion 0
339 607 364 607 364 640 339 640 moderate-corrosion 0
247 621 272 621 272 640 247 640 mild-corrosion 0
347 405 367 405 367 425 347 425 mild-corrosion 0
164 558 196 558 196 600 164 600 mild-corrosion 0
197 594 218 594 218 632 197 632 mild-corrosion 0
29 368 48 368 48 388 29 388 mild-corrosion 0