319 0 499 0 499 108 319 108 severe-corrosion 0
0 0 132 0 132 108 0 108 severe-corrosion 0
285 5 303 5 303 31 285 31 mild-corrosion 0
274 47 303 47 303 79 274 79 mild-corrosion 0
292 75 309 75 309 108 292 108 mild-corrosion 0
563 17 592 17 592 71 563 71 severe-corrosion 0
509 0 534 0 534 10 509 10 moderate-corrosion 0
478.68566329736495 281.85146165991625 479.10279868738144 414.62884189696297 0.10623853428114671 416.1147913125167 -0.30252454220317304 283.3458927550346 corroded-part 0
499 157.298 640 157.298 640 424.99 499 424.99 severe-corrosion 0
522 482 574 482 574 529 522 529 severe-corrosion 0
552 401 640 401 640 475 552 475 severe-corrosion 0
499 506 529 506 529 524 499 524 severe-corrosion 0