-1.2542890410259133 37.081250992332464 32.826563932103454 36.59428141332412 34.67085141426651 165.6670328352592 0.589998733921675 166.15400001808996 mild-corrosion 0
91.66555931849871 163.5725216395612 57.474434505274985 175.46496124427608 17.16825378345675 59.58436186255439 51.35899999993853 47.69200000000928 mild-corrosion 0
138 120 172 120 172 164 138 164 mild-corrosion 0
96 129 125 129 125 147 96 147 mild-corrosion 0
120 32 140 32 140 44 120 44 mild-corrosion 0
499 209 527 209 527 231 499 231 mild-corrosion 0
0 249 204 249 204 640 0 640 severe-corrosion 0
204.00000000001455 548.0530000000115 201.05816875351593 488.76475511146043 595.5543973597378 469.17743031513805 598.5004200889671 528.4615761111104 moderate-corrosion 0
401.0708551290736 379.4516845976665 412.06478998821694 403.38678791117195 360.7579999999871 426.94999999998066 349.7643031818734 403.01509889993497 mild-corrosion 0
563.00900000002 281.89200000000136 556.7404024652933 268.8715708847367 612.1715177508304 242.18592327313218 618.4401321182668 255.20627441853895 mild-corrosion 0
540.0299493554485 296.2390662088788 541.4393815583753 322.2262180142706 453.4791551261151 326.99588786038356 452.07000000002154 301.0089999999723 mild-corrosion 0
261.0880000000179 313.96500000001595 260.76576618361287 309.15144213502526 350.5897811629984 303.1384033210978 350.9120609785896 307.95191076565635 mild-corrosion 0
351.2449999999808 456.0929999999866 348.64810133120045 450.83288630621433 554.4833027361165 349.2217371668974 557.0802420124528 354.4816813241421 mild-corrosion 0
493.3951215262641 451.40910643612597 493.2625075078249 447.7590085632585 614.1183380939765 443.36760174762304 614.2510227597813 447.0176261007626 mild-corrosion 0