91 213 135 213 135 282 91 282 severe-corrosion 0
298 28 321 28 321 118 298 118 severe-corrosion 0
348 165 370 165 370 204 348 204 severe-corrosion 0
463 314 516 314 516 383 463 383 severe-corrosion 0
343 471 359 471 359 499 343 499 mild-corrosion 0
360 497 382 497 382 529 360 529 mild-corrosion 0
144.6518488714355 384.70383890783137 72.8952658783237 371.28920657383105 100.74713087386044 222.3263329485624 172.50133294546686 235.740736708108 mild-corrosion 0
239.342386692515 371.3248882452237 184.8324347041489 382.72472020318503 159.32261958281742 260.7516606051847 213.83099999999104 249.35199999999824 mild-corrosion 0
294.57286504541116 374.2301564931666 259.81407989937 386.05822274387083 220.4872092630103 270.49787633433533 255.24499999999534 258.6699999999894 mild-corrosion 0
340 327 375 327 375 373 340 373 mild-corrosion 0
299 338 328 338 328 358 299 358 mild-corrosion 0
310 559 327 559 327 583 310 583 mild-corrosion 0
518 422 545 422 545 472 518 472 moderate-corrosion 0
500 425 516 425 516 450 500 450 mild-corrosion 0
324 240 344 240 344 253 324 253 mild-corrosion 0
0 0 67 0 67 12 0 12 mild-corrosion 0
115 0 164 0 164 96 115 96 moderate-corrosion 0
0 22 34 22 34 124 0 124 mild-corrosion 0