0 141 29 141 29 209 0 209 severe-corrosion 0
191 0 212 0 212 52 191 52 severe-corrosion 0
242 102 264 102 264 140 242 140 severe-corrosion 0
46.1995828889485 286.9935245454659 -10.993496834125835 276.9010036321196 10.548788482774398 154.8323308016481 67.74073547152511 164.9247495767317 mild-corrosion 0
130.99552805324493 280.99988427056365 77.10335492178274 292.81101040132916 55.18437167702359 192.80014757966183 109.0756166610663 180.9891258035896 mild-corrosion 0
146.11299999996845 281.000000000023 146.11343673197553 191.53796122498224 181.49015282382607 191.53829139909064 181.48999999997613 281.00003106296856 mild-corrosion 0
236 264 268 264 268 281 236 281 mild-corrosion 0
195 273 224 273 224 281 195 281 mild-corrosion 0
219 176 239 176 239 189 219 189 mild-corrosion 0
8 0 55 0 55 24 8 24 moderate-corrosion 0
268 69.017 344 69.017 344 281 268 281 severe-corrosion 0
391.4289999999892 114.47400000000009 421.90968785303994 114.15113108441759 423.6763450666331 280.92974724731255 393.19565723279084 281.2526122599478 severe-corrosion 0
427.6029999999446 131.41200000000114 439.8420954828907 130.9649593626106 445.315277473419 280.80585838258315 433.07618231548986 281.2528938730676 severe-corrosion 0
447.44099999974424 281.00007172896073 447.44150131627975 133.74098737726425 471.0002324079687 133.74118700289083 470.99999999998545 280.9999999999751 severe-corrosion 0
482.76199277534033 153.53799992251874 497.88720132171875 153.7002112918514 496.83120852518186 252.16221013572638 481.70600000004924 252.00000000000023 severe-corrosion 0
101.17827943155135 280.7373062544599 120.68299999998999 280.99999999999955 115.84372027020436 640.26267758326 96.33899999993446 639.9999999999995 severe-corrosion 0
273.5103728350805 437.00049590861164 273.5115205038164 302.669506312199 380.9997355804808 302.6706788173139 381.00057778778137 436.99966673718575 corroded-part 0
639.9999999401189 280.9971118875123 640.0050147654838 502.97800001920956 515.5590824766841 502.9772448590063 515.557979450241 281.0000007815912 corroded-part 0