0 0 23 0 23 62 0 62 severe-corrosion 0
37.88269182528893 151.6489216221608 -13.226060089073144 142.6296606846078 10.432179674462532 8.569692756508188 61.54049205688352 17.58891202403286 mild-corrosion 0
127.52661767975951 146.643050855738 73.63494760465983 158.45464703304782 48.92982564604608 45.734535684843365 102.82099999996717 33.923000000005075 mild-corrosion 0
179.94531004165765 146.99989215814142 145.75377581430075 158.89273550126597 110.16777433309471 56.58477961544885 144.35899999996764 44.69200000000497 mild-corrosion 0
230 117 264 117 264 147 230 147 mild-corrosion 0
189 126 218 126 218 144 189 144 mild-corrosion 0
213 29 233 29 233 41 213 41 mild-corrosion 0
128.2032957491174 431.32218051056884 217.6080465058476 444.77827826712513 187.4276533039665 645.2625342960316 98.02301815361716 631.8069766797346 mild-corrosion 0
25.06090775510529 467.7737539116415 -21.967598297123914 374.72966372515026 124.3907398943702 300.7618491514315 171.41959230430075 393.80375015401654 mild-corrosion 0
188 387 212 387 212 405 188 405 mild-corrosion 0
313 289 527 289 527 474 313 474 moderate-corrosion 0