347 568 459 568 459 640 347 640 severe-corrosion 0
113 290 211 290 211 640 113 640 severe-corrosion 0
233 333 294 333 294 407 233 407 severe-corrosion 0
41 373 83 373 83 505 41 505 severe-corrosion 0
12 402 40 402 40 466 12 466 severe-corrosion 0
1 86 19 86 19 292 1 292 rust 0
582 568 622 568 622 640 582 640 rust 0
186 178 229 178 229 258 186 258 rust 0
297.481481 455.35014 320 455.35014 320 501.960784 297.481481 501.960784 severe-corrosion 0
86.68814165932417 441.59934583336275 79.84402662172215 402.388666130089 117.86326551904494 395.75340980022355 124.70756480601267 434.96385104803994 severe-corrosion 0
3.5658183315536007 519.5749602055062 45.94915206391306 520.9755993817892 41.97931460366817 641.0739256614702 -0.4040176286071073 639.6733230210885 severe-corrosion 0