359 21 495 21 495 640 359 640 Rust 0
266 204 361 204 361 640 266 640 Rust 0
517 291 637 291 637 640 517 640 Rust 0
210 212 277 212 277 640 210 640 Rust 0
169 405 210 405 210 640 169 640 Rust 0
137 294 169 294 169 640 137 640 Rust 0
142 8 174 8 174 159 142 159 Rust 0
82 275 94 275 94 591 82 591 Rust 0
98 177 115 177 115 640 98 640 Rust 0
116 262 140 262 140 640 116 640 Rust 0
72 313 80 313 80 549 72 549 Rust 0
57 319 66 319 66 522 57 522 Rust 0
49 410 58 410 58 480 49 480 Rust 0
34 367 39 367 39 419 34 419 Rust 0
63 4 79 4 79 28 63 28 Rust 0
51 4 63 4 63 68 51 68 Rust 0
40 2 51 2 51 55 40 55 Rust 0
31 3 41 3 41 89 31 89 Rust 0