149 11 324 11 324 640 149 640 Rust 0
291 225 413 225 413 640 291 640 Rust 0
22 273 173 273 173 640 22 640 Rust 0
374 242 468 242 468 640 374 640 Rust 0
451 435 507 435 507 640 451 640 Rust 0
482 334 537 334 537 640 482 640 Rust 0
459 36 501 36 501 204 459 204 Rust 0
554 325 586 325 586 629 554 629 Rust 0
528 228 575 228 575 640 528 640 Rust 0
510 306 558 306 558 640 510 640 Rust 0
572 362 595 362 595 589 572 589 Rust 0
584 370 605 370 605 566 584 566 Rust 0
597 459 611 459 611 526 597 526 Rust 0
614 419 622 419 622 469 614 469 Rust 0
550 43 569 43 569 89 550 89 Rust 0
564 44 582 44 582 129 564 129 Rust 0
576 46 592 46 592 119 576 119 Rust 0
586 45 602 45 602 151 586 151 Rust 0