164 8 324 8 324 640 164 640 Rust 0
309 243 419 243 419 640 309 640 Rust 0
12 301 162 301 162 640 12 640 Rust 0
397 258 478 258 478 640 397 640 Rust 0
471 463 520 463 520 640 471 640 Rust 0
508 353 552 353 552 640 508 640 Rust 0
496 26 535 26 535 213 496 213 Rust 0
587 341 609 341 609 640 587 640 Rust 0
563 238 593 238 593 640 563 640 Rust 0
540 322 574 322 574 640 540 640 Rust 0
603 381 619 381 619 624 603 624 Rust 0
617 388 632 388 632 598 617 598 Rust 0
628 484 640 484 640 556 628 556 Rust 0
592 31 611 31 611 88 592 88 Rust 0
608 31 624 31 624 130 608 130 Rust 0
620 32 635 32 635 119 620 119 Rust 0
631 33 640 33 640 154 631 154 Rust 0