0 0 180 0 180 113 0 113 severe-corrosion 0
474.7268240402627 186.3651114166765 449.6439304931846 145.64531727670033 639.1725346820022 28.89869320181466 664.2553806513752 69.61810363205187 corroded-part 0
364 565 386 565 386 599 364 599 mild-corrosion 0
341 560 359 560 359 594 341 594 moderate-corrosion 0
246 557 272 557 272 602 246 602 severe-corrosion 0
137 547 183 547 183 613 137 613 severe-corrosion 0
29 545 47 545 47 573 29 573 mild-corrosion 0
192 552 236 552 236 587 192 587 mild-corrosion 0
281 559 331 559 331 609 281 609 mild-corrosion 0
0 339 100 339 100 483 0 483 moderate-corrosion 0
272 359 336 359 336 541 272 541 moderate-corrosion 0
142 409 234 409 234 541 142 541 moderate-corrosion 0
0 593 43 593 43 640 0 640 moderate-corrosion 0
92 514 118 514 118 544 92 544 mild-corrosion 0
54 544 89 544 89 596 54 596 mild-corrosion 0
396 417.668 640 417.668 640 640 396 640 severe-corrosion 0