275.00292805751087 344.99999999999994 64.11599999999453 344.99999999999994 64.12185587119893 143.38700000000006 275 143.38700000000006 severe-corrosion 0
275 220.00700000001373 247.54243456278346 92.5910927030416 619.5791294716037 12.416764699555547 647.0382012593473 139.83083837805844 severe-corrosion 0
498.7380000000121 344.9999999999767 498.7383074819081 296.65494560955193 531.981115696326 296.6551841445829 531.9809999998688 345.00004702872104 mild-corrosion 0
0 596 21 596 21 635 0 635 severe-corrosion 0
0 483 19 483 19 533 0 533 severe-corrosion 0
13 444 84 444 84 511 13 511 severe-corrosion 0
189.1154214139533 536.740225780753 175.8719295211631 599.011889478159 41.869050172754214 570.516996384009 55.11380714204279 508.2470808685841 severe-corrosion 0
562 435 640 435 640 529 562 529 severe-corrosion 0
275 484 560 484 560 508 275 508 severe-corrosion 0
299 421 376 421 376 467 299 467 mild-corrosion 0
275 585 640 585 640 640 275 640 severe-corrosion 0
423 418 447 418 447 434 423 434 mild-corrosion 0
275 513 509 513 509 583 275 583 mild-corrosion 0