0 172.36600000000004 153 172.36600000000004 153 331.617 0 331.617 severe-corrosion 0
160.9141100848501 371.1119773131432 147.58186184080841 308.9616730760407 271.86347069742624 282.30300949725284 285.1964095985022 344.45233250137704 severe-corrosion 0
413.84499035717454 160.5534938572312 413.94917775847716 176.8263577444152 259.4360282062553 177.81471031554884 259.33200000006764 161.54200000001256 severe-corrosion 0
456.1155058327131 304.6244449290419 439.3381731552654 159.74388755604397 586.302149152325 142.72589038847104 603.081030941903 287.6046398855043 severe-corrosion 0
390.66181916401547 359.7531286971246 382.7033953135833 327.19670947938835 417.5405358114949 318.68148356002604 425.4990578786237 351.23775522952536 moderate-corrosion 0
0 622.925000000028 -9.538444560967037 422.92875343475134 92.73080646969902 418.05309737392685 102.27301785511372 618.0453741946978 severe-corrosion 0
245 364 342 364 342 640 245 640 severe-corrosion 0
402 364 496 364 496 640 402 640 severe-corrosion 0
153 364 189 364 189 640 153 640 severe-corrosion 0
541 364 640 364 640 640 541 640 severe-corrosion 0
343 382 382 382 382 475 343 475 moderate-corrosion 0