0 0 371 0 371 192 0 192 severe-corrosion 0
371.0220785387355 75.20956644145117 369.57012072962243 3.7573985852777003 639.7127836774598 -1.7324900096292133 641.1649802778265 69.7194744128187 severe-corrosion 0
0 192 81 192 81 640 0 640 severe-corrosion 0
141 192 235 192 235 640 141 640 severe-corrosion 0
280 192 371 192 371 640 280 640 severe-corrosion 0
103 451 139 451 139 546 103 546 moderate-corrosion 0
82 192 121 192 121 281 82 281 moderate-corrosion 0
316.8274084955192 551.7546401543663 370.99999999998545 343.8030000000273 694.1543097488466 427.9720644677798 639.9967259609548 635.9105703576251 severe-corrosion 0
498.4255415160442 533.5809822812504 543.7498115668132 581.182423285745 431.9535619506496 687.5997787405687 386.6309999999794 639.999999999999 severe-corrosion 0
480.26029870685306 273.08204708080655 586.0573074001877 274.3203886289989 583.8208571102587 465.37335047696865 478.0238500618725 464.13504099573026 moderate-corrosion 0
460.2480380398629 251.65382227795675 484.3630000000121 223.08099999998066 544.3074989132583 273.67066922618324 520.1927705256094 302.24327189446154 moderate-corrosion 0