40.43639408359013 -10.98959194070104 143.46078914328245 0.29832357800393666 100.97421727718029 388.06299081647325 -2.0501209069334436 376.77538326801596 severe-corrosion 0
152.58476286682708 -4.5635117728153105 242.16096184543858 0.6676771062073941 219.89234756671067 381.9759237822945 130.31617014596122 376.7448696858699 severe-corrosion 0
304.55500000003667 124.67599999997672 309.95702373431413 80.69144971579189 346.36340281154844 85.16272821396569 340.96144950875896 129.14721326114284 severe-corrosion 0
449.84998494110187 125.3854396430713 438.7541667536425 130.07903512742126 423.26123788632685 93.45353694165765 434.35702455484716 88.75994904636288 severe-corrosion 0
615.0574698018318 376.9999526614217 604.2225027536188 378.0917148699524 588.5294030563819 222.35874358659834 599.3639999999868 221.26700000000147 severe-corrosion 0
640.0003135740553 215.93099999999998 587.218505421115 215.93099999999998 587.2190754362236 48.98399999999996 640 48.983999999999966 severe-corrosion 0
316.24099898872373 154.04799997253886 337.1470819361275 154.61572352914536 336.4780829254596 179.2507226885684 315.5720000000292 178.6830000000004 severe-corrosion 0
287.9814999554219 340.22147048355737 276.76500000001397 340.09099999999984 277.33062801504275 291.47353026033545 288.54700000003504 291.6040000000003 severe-corrosion 0
395.3406740244827 176.49458681298955 408.4111356468202 175.67308809253487 413.4044353529316 255.11650813345364 400.33397425781004 255.93800161792817 severe-corrosion 0
567.1394986182713 199.98861069144976 544.3269999999757 200.75600000000097 542.9606242786394 160.13638725267285 565.772999999972 159.3689999999999 severe-corrosion 0
586.1975546666508 79.35422295390293 614.6572352827934 129.01234795424665 468.79453017107153 212.6060007762016 440.3353459950449 162.94830137657345 severe-corrosion 0
327.7877338179678 230.3816939274937 316.5929999999935 229.7270000000011 318.44632296531927 198.03830774337024 329.6410000000469 198.6930000000015 severe-corrosion 0
317.6140021339961 327.67502054354986 312.2047949105763 275.6017445501023 325.48072426216095 274.2228018308817 330.8899999999994 326.29599999997185 severe-corrosion 0
571.9004973975825 301.4639129746217 518.8604053587187 310.7438718593851 505.58470089905313 234.86788812159853 558.6239999999816 225.5880000000027 moderate-corrosion 0
522.8810393919412 199.37599544295313 509.05646623228677 200.9752887223787 505.2084893790743 167.71328962657887 519.033000000054 166.11399999999634 moderate-corrosion 0
610.7070000000385 268.35399999999714 627.8924867266323 263.58372799131445 649.3382903129532 340.83982123996344 632.1528209784447 345.610049691577 moderate-corrosion 0
92 377 189 377 189 640 92 640 severe-corrosion 0
0 377 36 377 36 640 0 640 severe-corrosion 0
211 440 247 440 247 535 211 535 moderate-corrosion 0
262 377 640 377 640 613 262 613 severe-corrosion 0
398.6923170753289 575.4616196017993 384.4403845789202 592.5597331987733 347.5171701848012 561.7899417010299 361.7689999999857 544.6920000000138 mild-corrosion 0