262.0042516542162 332.0000000000001 21.296999999976833 331.9999999999999 21.30137775966432 119.22200000000001 261.9998817472515 119.22200000000004 severe-corrosion 0
465.152362332301 256.9751077787102 455.08456571136776 123.29313692996841 635.1471624839905 109.73268899104424 645.2164753906982 243.41285261563687 severe-corrosion 0
103 543 135 543 135 577 103 577 moderate-corrosion 0
226 473 234 473 234 491 226 491 mild-corrosion 0
65 485 75 485 75 497 65 497 mild-corrosion 0
42 545 72 545 72 583 42 583 mild-corrosion 0
58 626 70 626 70 640 58 640 moderate-corrosion 0
51 332 59 332 59 344 51 344 mild-corrosion 0
254 499 262 499 262 515 254 515 mild-corrosion 0
56 384 64 384 64 395 56 395 mild-corrosion 0
33 450 55 450 55 467 33 467 mild-corrosion 0
203 579 211 579 211 590 203 590 mild-corrosion 0
228 619 246 619 246 635 228 635 mild-corrosion 0
245 539 257 539 257 555 245 555 mild-corrosion 0
184 557 191 557 191 565 184 565 mild-corrosion 0
179 342 187 342 187 350 179 350 mild-corrosion 0
436.03586793477007 331.99149723492445 436.04599607941054 640.0014452433559 261.9999999999709 640.0000000000297 261.99958986238926 332.0000000214154 severe-corrosion 0