251.07633721767343 3.6880632187665148 437.40146549440396 47.259701265507765 330.3407664822589 505.059811737034 144.01620153614203 461.4903192175286 corroded-part 0
497.5978820445016 278.65487926633074 467.9768947412231 221.9512320860245 535.3900301799149 186.73722764757133 565.011060241668 243.44050141406083 severe-corrosion 0
640.0001392010017 246.6980000000001 610.6979091939138 246.6980000000001 610.6980671261408 183.604 640 183.604 moderate-corrosion 0
377 194.982 420.01199999999994 194.982 420.01199999999994 239.555 377 239.555 moderate-corrosion 0
0.25479551368334796 639.9990568382622 0.2600646039354615 592.9986170408034 377.0010124446708 593.0306292423426 376.9998034051969 640.0268103099208 moderate-corrosion 0
377 492 431 492 431 640 377 640 severe-corrosion 0
501 492 554 492 554 574 501 574 severe-corrosion 0
588 492 619 492 619 503 588 503 mild-corrosion 0
583 560 617 560 617 606 583 606 moderate-corrosion 0
529 590 551 590 551 633 529 633 mild-corrosion 0
429 492 511 492 511 640 429 640 moderate-corrosion 0