310.96517983321974 -0.0033661315769281295 310.9676234383369 364.0036629435113 40.20700000000943 364.00000000001216 40.211598491005134 0.00176923662212741 severe-corrosion 0
525.538000000015 232.24999999998312 522.0156648634293 199.58951658610758 585.2409999999509 192.77099999997864 588.763478878318 225.43131920361745 moderate-corrosion 0
514.4320000000153 140.09000000000842 503.8811679947685 116.60788594381955 524.2991657443054 107.43392059753661 534.8500041344232 130.91600920148278 mild-corrosion 0
609.7242262619693 314.9766987518804 578.3724770611298 330.62191215649653 538.7923306808079 251.31081273171867 570.1435849771951 235.66574732007018 moderate-corrosion 0
474.1050047675526 100.84600184082709 456.6338031909254 94.10005915773574 465.4678922480525 71.22097423752197 482.93906954524573 77.96691171476309 mild-corrosion 0
450.63536641588144 167.14096779184973 441.26600000003236 234.03800000000746 359.42629133751325 222.57568975036168 368.7959923649032 155.67904791241295 severe-corrosion 0
431.2916592041438 35.74123339676964 421.55800000000454 99.62200000001731 358.65900915632665 90.03787036502376 368.3927475775272 26.15718804495749 mild-corrosion 0
84 556 95 556 95 578 84 578 moderate-corrosion 0
198 546 208 546 208 574 198 574 moderate-corrosion 0
293 413 311 413 311 438 293 438 moderate-corrosion 0
7 364 20 364 20 377 7 377 mild-corrosion 0
177 542 184 542 184 567 177 567 mild-corrosion 0
219 598 235 598 235 640 219 640 mild-corrosion 0
456 388 640 388 640 640 456 640 severe-corrosion 0