240.87099999997008 1.5902773407317584e-13 433.37522785579495 -1.1818143168738477 435.6568741733645 370.4649674538366 243.15264718628896 371.6467494513433 severe-corrosion 0
640.0002522405703 136.072 501.99995738970756 136.072 502.0003834037925 0 639.9994707734731 3.180554681463517e-14 severe-corrosion 0
20.440999999991618 370.99999999999994 76.17597757278418 370.65799762756285 77.82899999998335 640.0000000000001 22.09402259788476 640.3419850564935 moderate-corrosion 0
164.72501229822228 639.9999778761301 107.19829366680642 640.4224836900064 105.22200000006706 370.9999999999997 162.74289195775054 370.5775155845757 severe-corrosion 0
189.95100000000093 370.99999999999994 247.00464635709068 370.3034167887728 250.29800000003888 639.9999999999997 193.24435429000005 640.6965478941521 severe-corrosion 0
277.4500000000262 370.99999999999994 333.0611065879202 370.5926174916382 335.03499999998894 639.9999999999999 279.423893661442 640.4073618769391 severe-corrosion 0
360.74500000002445 370.9999999999997 416.3365256990073 370.4950318183757 418.78499999998894 640 363.1934746585466 640.5049425985162 severe-corrosion 0
132 414 144 414 144 470 132 470 mild-corrosion 0
530 562.678 640 562.678 640 636 530 636 severe-corrosion 0
465 575 492 575 492 599 465 599 moderate-corrosion 0
442 371 468 371 468 381 442 381 moderate-corrosion 0
472 410 495 410 495 434 472 434 moderate-corrosion 0
452 391 475 391 475 409 452 409 moderate-corrosion 0
435 506 457 506 457 538 435 538 mild-corrosion 0
565 377 589 377 589 391 565 391 moderate-corrosion 0
555 371 570 371 570 377 555 377 mild-corrosion 0
516 579 531 579 531 595 516 595 moderate-corrosion 0
527 605 546 605 546 621 527 621 moderate-corrosion 0
559 620 591 620 591 640 559 640 moderate-corrosion 0
448 629 461 629 461 640 448 640 moderate-corrosion 0
521 415 541 415 541 425 521 425 mild-corrosion 0
517 527 531 527 531 540 517 540 mild-corrosion 0
580 551 592 551 592 559 580 559 mild-corrosion 0
546 564 557 564 557 575 546 575 mild-corrosion 0
573 431 581 431 581 436 573 436 mild-corrosion 0
602 392 610 392 610 400 602 400 mild-corrosion 0
479 626 490 626 490 638 479 638 mild-corrosion 0