335.57049515569815 264.7025392242831 287.06882798876904 318.8942625739131 178.23276832685224 221.48950135618063 226.73389436109574 167.2985038110514 severe-corrosion 0
517.4715287927393 299.9999928927538 446.37039645203913 300.95562857834307 445.30078963100095 221.34079828014745 516.4008108125563 220.385170125199 corroded-part 0
196.7369999999937 639.9999999999887 196.74953857364017 299.9927482386027 313.0055353795615 300.0000003604262 312.99999999995634 640.0000009373211 corroded-part 0
503 300 559 300 559 640 503 640 severe-corrosion 0
368 300 420 300 420 590 368 590 severe-corrosion 0
425 550 482 550 482 640 425 640 severe-corrosion 0
320 580 351 580 351 628 320 628 mild-corrosion 0
314 479 348 479 348 525 314 525 moderate-corrosion 0
320 377 346 377 346 451 320 451 mild-corrosion 0
318 328 342 328 342 368 318 368 moderate-corrosion 0
423 300 497 300 497 547 423 547 severe-corrosion 0