0 177.741 101.344 177.741 101.344 294 0 294 severe-corrosion 0
639.9530235657585 68.90820364760054 646.4757413047482 137.60977131650523 313.8622868723178 169.185637276961 307.3406529580825 100.48497891456067 moderate-corrosion 0
43 398 85 398 85 428 43 428 mild-corrosion 0
130 431 142 431 142 450 130 450 mild-corrosion 0
95 452 111 452 111 474 95 474 mild-corrosion 0
193 495 229 495 229 517 193 517 mild-corrosion 0
181 407 236 407 236 488 181 488 mild-corrosion 0
313 294 364 294 364 319 313 319 moderate-corrosion 0
476 378 512 378 512 411 476 411 moderate-corrosion 0
425 328 451 328 451 350 425 350 moderate-corrosion 0
515 447 555 447 555 474 515 474 moderate-corrosion 0
592 466 628 466 628 492 592 492 moderate-corrosion 0
319 519 365 519 365 547 319 547 moderate-corrosion 0
457 560 501 560 501 586 457 586 moderate-corrosion 0
421 545 442 545 442 561 421 561 mild-corrosion 0
571 370 597 370 597 385 571 385 mild-corrosion 0
313 578 327 578 327 593 313 593 mild-corrosion 0
313 321 324 321 324 332 313 332 mild-corrosion 0
331 336 357 336 357 350 331 350 mild-corrosion 0
401 380 410 380 410 390 401 390 mild-corrosion 0