0 0 281 0 281 339 0 339 severe-corrosion 0
403.8709999691491 -3.2916040016172663e-7 403.87100072221074 10.947000585479934 323.35699921990454 10.94699974735022 323.3570000001055 1.345573414926659e-11 severe-corrosion 0
324.04452537346515 14.059789186739138 344.8642623877822 21.263620263840167 295.0059083794622 165.35816058351375 274.18618927280477 158.15436410294515 severe-corrosion 0
301 53 311 53 311 69 301 69 mild-corrosion 0
281 43 287 43 287 56 281 56 mild-corrosion 0
0 339 281 339 281 640 0 640 severe-corrosion 0
601 548 617 548 617 586 601 586 mild-corrosion 0
528 406 538 406 538 422 528 422 mild-corrosion 0
334 365 346 365 346 391 334 391 mild-corrosion 0
291 629 310 629 310 640 291 640 moderate-corrosion 0
348 529 383 529 383 581 348 581 moderate-corrosion 0
339 469 357 469 357 510 339 510 moderate-corrosion 0
418 408 440 408 440 450 418 450 moderate-corrosion 0
490 391 518 391 518 443 490 443 moderate-corrosion 0
506 339 531 339 531 364 506 364 moderate-corrosion 0
581 430 594 430 594 455 581 455 mild-corrosion 0
421 521 446 521 446 575 421 575 moderate-corrosion 0
451 460 492 460 492 520 451 520 moderate-corrosion 0
415 591 463 591 463 640 415 640 moderate-corrosion 0
458 530 527 530 527 615 458 615 moderate-corrosion 0
547 567 577 567 577 611 547 611 mild-corrosion 0
328 594 354 594 354 626 328 626 mild-corrosion 0