183 272 482 272 482 367 183 367 severe-corrosion 0
66 364 103 364 103 636 66 636 severe-corrosion 0
604 328 629 328 629 388 604 388 severe-corrosion 0
169 38 480 38 480 288 169 288 severe-corrosion 0
478 63 536 63 536 174 478 174 severe-corrosion 0
603 428 630 428 630 457 603 457 severe-corrosion 0
606 472 621 472 621 564 606 564 severe-corrosion 0
104 496 167 496 167 619 104 619 severe-corrosion 0
527 548 576 548 576 600 527 600 severe-corrosion 0
369 343 572 343 572 476 369 476 severe-corrosion 0
113 368 256 368 256 490 113 490 severe-corrosion 0
421.67937460115354 356.90149478650363 425.3430108844623 420.979797183565 258.60085759777576 430.509266957346 254.9388645678846 366.43252696885867 severe-corrosion 0