303 219 318 219 318 354 303 354 severe-corrosion 0
220 225 236 225 236 366 220 366 severe-corrosion 0
2 250 18 250 18 322 2 322 severe-corrosion 0
100 240 108 240 108 332 100 332 severe-corrosion 0
170 233 182 233 182 348 170 348 severe-corrosion 0
129 236 139 236 139 322 129 322 severe-corrosion 0
36 247 42 247 42 312 36 312 severe-corrosion 0
50 244 63 244 63 313 50 313 severe-corrosion 0
379.9022242116189 92.8238390196054 534.4626676341431 23.46293910278501 684.2155373335117 357.15803838580763 529.6567526803119 426.5167257940923 severe-corrosion 0
81 443 125 443 125 527 81 527 severe-corrosion 0
90 391 106 391 106 408 90 408 moderate-corrosion 0
332 477 607.926 477 607.926 640 332 640 corroded-part 0