200 27 434 27 434 514 200 514 moderate-corrosion 0
56 8 119 8 119 96 56 96 mild-corrosion 0
25 216 83 216 83 302 25 302 mild-corrosion 0
116 177 134 177 134 202 116 202 mild-corrosion 0
137 132 166 132 166 165 137 165 mild-corrosion 0
155 75 173 75 173 105 155 105 mild-corrosion 0
130 18 188 18 188 49 130 49 mild-corrosion 0
29 524 640 524 640 640 29 640 moderate-corrosion 0
606 82 640 82 640 121 606 121 mild-corrosion 0
420 57 474 57 474 85 420 85 mild-corrosion 0
575 78 592 78 592 110 575 110 mild-corrosion 0
26 422 37 422 37 443 26 443 mild-corrosion 0
153 433 176 433 176 462 153 462 mild-corrosion 0