52 268 72 268 72 288 52 288 mild-corrosion 0
105 254 128 254 128 294 105 294 mild-corrosion 0
139 265 163 265 163 285 139 285 mild-corrosion 0
204 265 223 265 223 293 204 293 mild-corrosion 0
243 265 254 265 254 279 243 279 mild-corrosion 0
285 264 305 264 305 290 285 290 mild-corrosion 0
16 0 45 0 45 48 16 48 moderate-corrosion 0
97 46 137 46 137 103 97 103 moderate-corrosion 0
5.249133620527573 180.46736405026303 -11.375127967985463 96.54932922815418 380.7312587789784 18.869932891068192 397.35649501890293 102.78688539705583 severe-corrosion 0
304 8 351 8 351 45 304 45 mild-corrosion 0
250 0 280 0 280 17 250 17 mild-corrosion 0
171.2539999999717 293.9999999999999 382.0682545919408 289.5055091262118 389.4638632523129 636.351441336058 178.64963151601842 640.8456659583283 severe-corrosion 0
640.0000405454193 640.0000000000001 523.9566817677405 640.0000000000001 523.9579540962586 579.3159999999999 639.998127304134 579.3159999999999 severe-corrosion 0
513.1126310145919 637.6239990592283 420.22252898786974 650.2501695951088 411.4114697391051 585.4359764373163 504.29883237637114 572.8099952755888 severe-corrosion 0
384 578.919 413.783 578.919 413.783 625.306 384 625.306 severe-corrosion 0