240 95 294 95 294 188 240 188 mild-corrosion 0
203 0 247 0 247 18 203 18 moderate-corrosion 0
0 0 116 0 116 103 0 103 moderate-corrosion 0
399 0 608 0 608 217 399 217 severe-corrosion 0
230 288 264 288 264 342 230 342 moderate-corrosion 0
168 290 193 290 193 315 168 315 moderate-corrosion 0
623 383 640 383 640 419 623 419 moderate-corrosion 0
444 217 488 217 488 234 444 234 moderate-corrosion 0
364 223 406 223 406 253 364 253 moderate-corrosion 0
429 256 470 256 470 284 429 284 moderate-corrosion 0
520 288 538 288 538 303 520 303 moderate-corrosion 0
321 322 369 322 369 360 321 360 moderate-corrosion 0
451 340 487 340 487 390 451 390 moderate-corrosion 0
328 584 353 584 353 599 328 599 mild-corrosion 0
597 469 621 469 621 486 597 486 mild-corrosion 0
454 578 475 578 475 592 454 592 mild-corrosion 0
407 603 431 603 431 620 407 620 mild-corrosion 0
461 600 479 600 479 612 461 612 mild-corrosion 0