53.364133107534144 198.96706615901664 52.5567667195719 121.11100487804586 447.72183024055266 117.01072807322154 448.5309641622007 194.86464682851252 severe-corrosion 0
448 0 640 0 640 236 448 236 severe-corrosion 0
428 268 448 268 448 307 428 307 moderate-corrosion 0
0 532 13 532 13 565 0 565 moderate-corrosion 0
138 579 156 579 156 608 138 608 moderate-corrosion 0
146 358 163 358 163 392 146 392 moderate-corrosion 0
300 439 341 439 341 504 300 504 moderate-corrosion 0
264 439 285 439 285 482 264 482 moderate-corrosion 0
435 574 448 574 448 619 435 619 moderate-corrosion 0
104 462 112 462 112 480 104 480 mild-corrosion 0
119 256 131 256 131 275 119 275 mild-corrosion 0
84 287 94 287 94 303 84 303 mild-corrosion 0
133 488 146 488 146 504 133 504 mild-corrosion 0
230 452 251 452 251 481 230 481 mild-corrosion 0
232 339 248 339 248 363 232 363 mild-corrosion 0
259 353 277 353 277 375 259 375 mild-corrosion 0
298 407 306 407 306 421 298 421 mild-corrosion 0
160 445 175 445 175 461 160 461 mild-corrosion 0
213 480 228 480 228 498 213 498 mild-corrosion 0
235 579 248 579 248 606 235 606 mild-corrosion 0
413 595 427 595 427 618 413 618 mild-corrosion 0
422 372 432 372 432 394 422 394 mild-corrosion 0
398 334 418 334 418 352 398 352 mild-corrosion 0
428 468 436 468 436 481 428 481 mild-corrosion 0
435 405 441 405 441 413 435 413 mild-corrosion 0
81 568 89 568 89 579 81 579 mild-corrosion 0
166 578 178 578 178 589 166 589 mild-corrosion 0
173 257 180 257 180 267 173 267 mild-corrosion 0
106 608 124 608 124 624 106 624 mild-corrosion 0
265 620 273 620 273 631 265 631 mild-corrosion 0
340 580 350 580 350 586 340 586 mild-corrosion 0
344 496 352 496 352 507 344 507 mild-corrosion 0
345 411 351 411 351 427 345 427 mild-corrosion 0
123 528 135 528 135 544 123 544 mild-corrosion 0
62 546 69 546 69 554 62 554 mild-corrosion 0
57 331 65 331 65 339 57 339 mild-corrosion 0
479 261 498 261 498 277 479 277 mild-corrosion 0
600 312 615 312 615 324 600 324 mild-corrosion 0
453 597 487 597 487 623 453 623 moderate-corrosion 0