421 146 458 146 458 212 421 212 severe-corrosion 0
182 213 236 213 236 277 182 277 severe-corrosion 0
249 253 310 253 310 308 249 308 severe-corrosion 0
185 339 224 339 224 440 185 440 severe-corrosion 0
232 410 335 410 335 472 232 472 severe-corrosion 0
502 115 544 115 544 148 502 148 severe-corrosion 0
567 106 588 106 588 141 567 141 moderate-corrosion 0
373 287 409 287 409 343 373 343 moderate-corrosion 0
34.200557459844276 270.2569704584896 43.46209108523908 190.689993473465 151.43462455860572 203.25744483863193 142.17392497579567 282.8236445927429 severe-corrosion 0
540 433 573 433 573 477 540 477 moderate-corrosion 0
424.1747399021551 424.58168941228917 469.46552523222636 402.883376637099 506.61587453585526 480.4160700602077 461.3252890462172 502.1140691865864 severe-corrosion 0
570 402 640 402 640 633 570 633 severe-corrosion 0
524 157 550 157 550 198 524 198 severe-corrosion 0