0 0 640 0 640 50 0 50 severe-corrosion 0
0 615 80 615 80 640 0 640 mild-corrosion 0
522 445 591 445 591 581 522 581 severe-corrosion 0
619.076 396.661 640 396.661 640 516.359 619.076 516.359 corroded-part 0
586.799 6.266 640 6.266 640 143.706 586.799 143.706 severe-corrosion 0
326 414 392 414 392 530 326 530 moderate-corrosion 0
389 251 503 251 503 356 389 356 mild-corrosion 0
464 78 634 78 634 144 464 144 moderate-corrosion 0
325.6689943467791 22.113939943039618 329.7018102458969 64.95649466480856 266.19376428992837 70.93450631243024 262.16099999997823 28.092000000014252 severe-corrosion 0
176.23900673403114 39.05184978544081 174.29040993054514 82.51890668326371 85.37932383755106 78.53297198269074 87.32799999997951 35.06600000001383 severe-corrosion 0
174 209 235 209 235 299 174 299 mild-corrosion 0