74.07604833388177 639.9999506017523 15.459609186000307 640.5735158869412 9.210492324345978 1.5625215954575555 67.81800000004296 0.988999999999763 moderate-corrosion 0
97.37699999997858 6.361109362927034e-14 155.22139666027215 -0.4364041633774508 160.0501501371764 639.5636309442812 102.20575390339945 640.0000018565219 moderate-corrosion 0
245.24556806856708 639.4410927337522 188.17699999999604 640.0000000000002 181.91812584504078 0.5588646570272079 238.97799999998824 6.361109362927034e-14 moderate-corrosion 0
268.98199999995995 1.90833280887811e-13 326.50725419247465 -0.46419376349021646 331.6719905259379 639.5358436799357 274.1467367781297 640.0000021238783 severe-corrosion 0
353.86500000000524 6.361109362927034e-14 410.9300289276871 -0.6968270822492257 418.74562969947874 639.3032307899358 361.6806017439376 640.0000048627764 severe-corrosion 0
441.39900000001944 -6.361109362927034e-14 499.2432169734093 -0.4237508670949597 503.9319775625336 639.5762831353051 446.08776107546873 640.0000017501623 severe-corrosion 0
524.6810000000551 -2.5444437451708134e-13 580.9828053104138 -0.5114962886980382 586.7975084546924 639.48854529859 530.4957037259737 640.0000026914151 severe-corrosion 0
640.0020320890326 640 610.2114952456031 640 610.2140038764628 0 640 0 severe-corrosion 0
22 607 30 607 30 635 22 635 mild-corrosion 0
296 50 308 50 308 106 296 106 mild-corrosion 0
297 574 307 574 307 602 297 602 mild-corrosion 0