226 49 263 49 263 96 226 96 severe-corrosion 0
0 0 288 0 288 307 0 307 severe-corrosion 0
272 157 288 157 288 204 272 204 severe-corrosion 0
139 35 166 35 166 82 139 82 severe-corrosion 0
173 0 278 0 278 37 173 37 severe-corrosion 0
288 0 640 0 640 307 288 307 severe-corrosion 0
0 307 285.267 307 285.267 640 0 640 severe-corrosion 0
601.0676518847322 643.1253487719387 559.6831272736017 639.9758851924478 563.2405215240578 593.2517241325827 604.6241547483078 596.4011535470537 severe-corrosion 0
479.2780849552946 533.0864276155388 467.15252919573686 516.6582667332414 496.4165048384166 495.06297811185095 508.5420176829939 511.49102395742807 severe-corrosion 0
568.831851595387 567.119481405181 558.7949280905013 566.9844312058538 559.4167471760738 520.7872629270312 569.453480977827 520.9223118403977 severe-corrosion 0
288 575.284 312.837 575.284 312.837 640 288 640 severe-corrosion 0