146 0 352 0 352 285.308 146 285.308 severe-corrosion 0
113 0 126 0 126 23 113 23 mild-corrosion 0
382 125 558 125 558 277 382 277 severe-corrosion 0
445 55 558 55 558 119 445 119 severe-corrosion 0
0 315 163 315 163 640 0 640 moderate-corrosion 0
296 482 350 482 350 560 296 560 mild-corrosion 0
239 588 256 588 256 611 239 611 mild-corrosion 0
204 630 232 630 232 640 204 640 mild-corrosion 0
349 333 352 333 352 352 349 352 mild-corrosion 0
210 333 232 333 232 359 210 359 mild-corrosion 0
543 474 569 474 569 501 543 501 moderate-corrosion 0
530 523 538 523 538 534 530 534 mild-corrosion 0
500 515 508 515 508 529 500 529 mild-corrosion 0