251.96400000000722 -0.000003023175051190875 251.96404506532417 40.38199204510078 6.633971239280072 40.38198888355424 6.634000000049127 2.220027167661535e-11 severe-corrosion 0
344.9953087173344 25.44840826343367 387.8772682754061 350.75778899193034 8.658280253002886 400.7328449200794 -34.21281790135254 75.43293378149153 moderate-corrosion 0
370 338 405 338 405 396 370 396 severe-corrosion 0
408 338 448 338 448 396 408 396 severe-corrosion 0
456 353 488 353 488 396 456 396 severe-corrosion 0
500 293 529 293 529 396 500 396 severe-corrosion 0
583 304 618 304 618 396 583 396 severe-corrosion 0
377 0 411 0 411 160 377 160 severe-corrosion 0
462 59 490 59 490 233 462 233 severe-corrosion 0
507 59 531 59 531 182 507 182 severe-corrosion 0
544 65 576 65 576 207 544 207 severe-corrosion 0
583 0 630 0 630 227 583 227 severe-corrosion 0
345 1 375 1 375 133 345 133 severe-corrosion 0
539 293 573 293 573 396 539 396 severe-corrosion 0
416 17 448 17 448 172 416 172 severe-corrosion 0
414 222 448 222 448 330 414 330 moderate-corrosion 0
367 252 400 252 400 329 367 329 moderate-corrosion 0
345 261 353 261 353 350 345 350 moderate-corrosion 0
345 180 358 180 358 221 345 221 moderate-corrosion 0
510 0 530 0 530 37 510 37 moderate-corrosion 0
630 282 640 282 640 342 630 342 moderate-corrosion 0
0 618.751 36.271 618.751 36.271 640 0 640 moderate-corrosion 0
367 396 539 396 539 495 367 495 moderate-corrosion 0