242.99999964969174 18.932328631105985 243.03621910054062 88.22440824683721 0.0028995519824093208 88.35069001890125 -0.032965483114821836 19.05901722741755 moderate-corrosion 0
639.9999999935244 -0.0024223358267696665 640.0023161213903 288.0022121183212 331.5865599300014 287.9997897860558 331.58900000002177 -2.5030965343117876e-11 severe-corrosion 0
-0.00532260412001051 639.9996720716871 0.0029379266925388947 523.9736262156339 233.5223859425605 523.989405296758 233.51999982893176 640.0093134548729 severe-corrosion 0
258 517 287 517 287 569 258 569 moderate-corrosion 0
338 566 378 566 378 623 338 623 moderate-corrosion 0
243 288 393.312 288 393.312 479.374 243 479.374 moderate-corrosion 0
384.5426492743718 673.0693365878175 367.9165087716683 589.1486074394915 621.7307915903802 538.8703479311438 638.3606305941794 622.7864022405084 severe-corrosion 0
545 528 592 528 592 565 545 565 mild-corrosion 0
491 492 521 492 521 538 491 538 mild-corrosion 0
417 442 489 442 489 500 417 500 mild-corrosion 0
554 324 575 324 575 354 554 354 mild-corrosion 0