0 0 243 0 243 435 0 435 severe-corrosion 0
244 0 321 0 321 435 244 435 severe-corrosion 0
458 278 521 278 521 435 458 435 severe-corrosion 0
339 0 388 0 388 63 339 63 severe-corrosion 0
346 111 432 111 432 435 346 435 severe-corrosion 0
126 580 152 580 152 611 126 611 moderate-corrosion 0
164 602 188 602 188 638 164 638 moderate-corrosion 0
200 591 224 591 224 636 200 636 moderate-corrosion 0
115 435 191 435 191 537 115 537 severe-corrosion 0
196.2263240671018 434.3474843135161 241.15057995266397 435.12802627723767 239.61095568382007 523.7269618677896 194.68669985959423 522.9464322207757 severe-corrosion 0
109.71625966012652 519.4394996050984 143.01843829249265 531.3140258369767 111.81666243493964 618.7990027190093 78.51460071738984 606.9247093959827 severe-corrosion 0
85.86210589521215 531.2951633894749 100.34131421612983 522.0377066335582 110.01245649509656 537.1607849117642 95.53327416833781 546.4182086223822 mild-corrosion 0
243.00001838972094 554.831 238.09798427952046 554.831 238.0980076596461 533.791 242.99999999995634 533.791 mild-corrosion 0
475.1530000000639 434.999999999999 597.4625701961486 430.9078527007084 604.2564511157252 633.9291911583487 481.9468886376126 638.0211712088001 severe-corrosion 0