61.898995196970645 219.15699997165402 332.26559755530616 220.75263497163928 331.9006003263348 282.59562569343495 61.534000000028755 280.99999999999983 severe-corrosion 0
56.567628380362294 120.3367029816849 67.01900000000023 64.53400000001265 284.6084320257796 105.28571606502666 274.1576416025782 161.08791367220016 severe-corrosion 0
260.5019999999786 -0.000011930381477211086 260.5020323854842 44.117999999946846 50.77396884524205 44.117969097851166 50.77400130438036 1.808298599390722e-7 severe-corrosion 0
292 10 332 10 332 53 292 53 mild-corrosion 0
313 108 332 108 332 171 313 171 mild-corrosion 0
343.27169231102744 156.89772778138806 340.9351141576917 47.00442197780302 478.25588977342704 44.084708973073205 480.59300870438165 153.9774092612335 moderate-corrosion 0
0 600.0849999999671 -2.9430794459040044 540.8113511220715 271.55341577330546 527.1771106035096 274.4997201995284 586.4474877198107 moderate-corrosion 0
77.07083350163884 437.45163752623387 88.06514591320592 461.3866036919171 36.757999999972526 484.9499999999784 25.763959918767796 461.01526519156516 mild-corrosion 0
239.00900000000547 339.8920000000016 232.74027213810768 326.87157708586574 288.1714117122465 300.1860047516921 294.4401600470155 313.20633242067976 mild-corrosion 0
216.02993952248653 354.23888499513424 217.4394892530836 380.2261483569522 129.47922081650177 384.9959500467173 128.07000000000698 359.0089999999777 mild-corrosion 0
27.24499999996624 514.0929999999732 24.64775652246317 508.8323103469488 230.48333814971556 407.22194740363227 233.0806270424364 412.4824414590811 mild-corrosion 0
169.39511513897742 509.40902948723283 169.26250203803647 505.75884196395515 290.11833280019346 501.36760263996996 290.25102570609306 505.01770712215995 mild-corrosion 0
457 425 640 425 640 640 457 640 severe-corrosion 0