34 0 326.789 0 326.789 227.25 34 227.25 severe-corrosion 0
591.4812163920578 -38.26140580738056 725.6819477683166 67.56765240298655 503.1628664666641 349.73489188589986 368.9638872190699 243.90794452708076 severe-corrosion 0
296.44501521310303 452.3238761406187 291.04254907913855 496.3084532409919 254.63596701723873 491.8372247516876 260.0386747682933 447.8529274585259 severe-corrosion 0
151.2170856735611 451.7856333573051 162.3555531482998 447.0759027004897 177.85713729230338 483.7311430884312 166.71868863901182 488.4408410529819 severe-corrosion 0
284.75906153180404 422.952001670781 263.8528973737266 422.3843337508461 264.5219927092694 397.74933420853495 285.4279999999562 398.3169999999991 severe-corrosion 0
205.65950596967014 400.5054326223297 192.58881260167982 401.32690159465767 187.5955865256401 321.88346012574135 200.6659999999829 321.0620000000023 severe-corrosion 0
33.86056752628065 377.0113119136423 56.67299999993702 376.244000000001 58.039427658804925 416.8636928501479 35.22699541717884 417.6310001541464 severe-corrosion 0
14.80199999998149 497.64500000001533 -13.658717159705702 447.98766705541925 132.20601933222497 364.3978436074791 160.66672026769083 414.05379505481085 severe-corrosion 0
273.21227878841455 346.618350538161 284.40699999999197 347.272999999999 282.5537209671893 378.961646661557 271.3590000000113 378.3070000000003 severe-corrosion 0
285.42802483316336 301.7479990329682 274.45561471446126 302.1752767397311 273.63100000002305 281.0000000000001 284.60335986885184 280.57272327169454 severe-corrosion 0
30.056000000040513 280.99999999999443 83.01581326551968 271.73433390974446 95.33569629340491 342.1464276790371 42.37590293894755 351.4120169813179 moderate-corrosion 0
78.11900000000605 377.6240000000031 91.94355096740765 376.0248598413679 95.79153128623147 409.28686979630254 81.96698167361319 410.8860021198766 moderate-corrosion 0
639.9973551805306 339.9981144522793 640.0036663757055 617.5230000773856 415.99761363802827 617.5173378594751 416.00228063623945 340.0030160477745 corroded-part 0