183.3065862092917 598.0319855281704 185.64800000000105 531.1729999999743 459.5742926811363 540.7569504931369 457.23690030601574 607.612093813486 severe-corrosion 0
182.8917934517085 432.09856267171006 195.26700000002165 376.72900000000686 411.9685466932424 425.152705051848 399.5955823404802 480.5203438262158 severe-corrosion 0
175.70861494416022 316.092159481832 186.50000000001455 267.02899999998334 400.1318587192509 314.01201014894343 389.3419204401289 363.07390874801064 severe-corrosion 0
207.8853469742171 229.40328994054144 219.16379964299267 189.98313909691052 402.97989933838835 242.57125458683322 391.7022094186541 281.9907633540349 severe-corrosion 0
244.98045160893525 176.23181341090805 255.05675722837623 141.4883842233309 420.0623374159477 189.34168480214484 409.986503249238 224.08471287072376 severe-corrosion 0
294.54600000004575 130.9049999999802 303.50450313642796 103.38611796952156 440.8609482301108 148.1002823582797 431.9026886262145 175.61895650118691 severe-corrosion 0
470.23227533682075 121.15553747637561 461.04299999999057 147.36400000003167 351.20766208172427 108.8533333532761 360.39700000001176 82.64499999999727 severe-corrosion 0
381.3649128625548 75.57981395391698 390.11500000000524 50.69700000001123 502.95084869976563 90.3756479272746 494.20086997008184 115.25836977195615 severe-corrosion 0
430.4882764584909 59.20711327676479 437.792673313088 39.774763442193716 544.9292340142711 80.04595922279277 537.624905882767 99.47825038751833 severe-corrosion 0
584.2086985628703 68.05873793479743 576.9529999999941 90.20700000001206 479.95006768258463 58.42909255854479 487.2057969528396 36.28087544491524 severe-corrosion 0
547.0139999999083 45.25400000002292 562.5806942992494 13.091676850248092 639.6135805096128 50.37584283242061 624.0469434415718 82.53811685554327 severe-corrosion 0
495 572 531 572 531 602 495 602 moderate-corrosion 0
54 572 93 572 93 584 54 584 mild-corrosion 0
111 363 130 363 130 386 111 386 mild-corrosion 0
96 527 111 527 111 547 96 547 mild-corrosion 0
421 331 473 331 473 375 421 375 mild-corrosion 0
438 429 491 429 491 494 438 494 mild-corrosion 0
419 251 459 251 459 291 419 291 mild-corrosion 0
432 204 471 204 471 231 432 231 mild-corrosion 0
454 160 487 160 487 190 454 190 mild-corrosion 0
485 131 508 131 508 154 485 154 mild-corrosion 0
509 104 537 104 537 123 509 123 mild-corrosion 0
551 83 570 83 570 110 551 110 mild-corrosion 0