49.242975018933066 28.862489318777058 124.83133094647201 34.46956709004909 102.07095553487306 341.29349482032467 26.482622264520614 335.68652954835454 severe-corrosion 0
401 26 581 26 581 63 401 63 mild-corrosion 0
402 196 562 196 562 260 402 260 mild-corrosion 0
288 339 640 339 640 516.454 288 516.454 severe-corrosion 0
626 488 640 488 640 570 626 570 moderate-corrosion 0
334 510 387 510 387 552 334 552 moderate-corrosion 0
500 535 511 535 511 563 500 563 moderate-corrosion 0
504 583 534 583 534 601 504 601 moderate-corrosion 0
582 509 599 509 599 539 582 539 moderate-corrosion 0
596 543 622 543 622 574 596 574 moderate-corrosion 0
415 561 426 561 426 571 415 571 mild-corrosion 0