200 534 222 534 222 555 200 555 mild-corrosion 0
252 521 280 521 280 567 252 567 mild-corrosion 0
288 532 315 532 315 553 288 553 mild-corrosion 0
351 533 373 533 373 561 351 561 mild-corrosion 0
392 533 404 533 404 548 392 548 mild-corrosion 0
433 533 456 533 456 559 433 559 mild-corrosion 0
9 162 59 162 59 245 9 245 moderate-corrosion 0
59 188 96 188 96 253 59 253 moderate-corrosion 0
100 222 134 222 134 272 100 272 moderate-corrosion 0
189 263 223 263 223 315 189 315 moderate-corrosion 0
264 312 310 312 310 369 264 369 moderate-corrosion 0
-11.581801138818264 40.77085075593541 89.9287581450335 -98.85415890383416 389.88019026182883 119.21739529156206 288.3712369768182 258.8409097409632 moderate-corrosion 0
7.416059539464186 474.57250615590783 -7.734743901746697 391.7108579090029 554.9454120114387 288.811553146083 570.1016365362739 371.66759047956697 severe-corrosion 0
476 276 527 276 527 314 476 314 mild-corrosion 0
425 240 460 240 460 286 425 286 mild-corrosion 0
354 189 432 189 432 247 354 247 mild-corrosion 0
506 73 530 73 530 104 506 104 mild-corrosion 0
595 183 622 183 622 257 595 257 moderate-corrosion 0
20 340 49 340 49 372 20 372 moderate-corrosion 0
100 493 113 493 113 524 100 524 mild-corrosion 0