639.9996888665919 -0.016010951655875964 640.0147998049943 640.0004444418621 -0.02895871628425084 639.9715155871072 0 -1.587096786050295e-11 severe-corrosion 0
361 215 493 215 493 297 361 297 severe-corrosion 0
119 219 273 219 273 293 119 293 severe-corrosion 0
0 213 72 213 72 320 0 320 severe-corrosion 0
0 479 72 479 72 568 0 568 severe-corrosion 0
447 471 526 471 526 566 447 566 severe-corrosion 0
358 96 394 96 394 132 358 132 mild-corrosion 0
262 96 274 96 274 110 262 110 mild-corrosion 0
285 122 300 122 300 135 285 135 mild-corrosion 0
334 100 348 100 348 117 334 117 mild-corrosion 0
406 105 446 105 446 156 406 156 mild-corrosion 0
107 73 121 73 121 97 107 97 mild-corrosion 0
109 148 121 148 121 166 109 166 mild-corrosion 0
80 231 106 231 106 279 80 279 mild-corrosion 0
33 63 43 63 43 86 33 86 mild-corrosion 0
53 55 89 55 89 102 53 102 mild-corrosion 0
300 283 319 283 319 312 300 312 mild-corrosion 0
127 419 243 419 243 497 127 497 mild-corrosion 0
56 399 76 399 76 428 56 428 mild-corrosion 0
390 627 432 627 432 640 390 640 mild-corrosion 0
546 224 573 224 573 277 546 277 mild-corrosion 0
521 238 549 238 549 278 521 278 mild-corrosion 0
494 283 528 283 528 379 494 379 mild-corrosion 0
579 562 596 562 596 640 579 640 mild-corrosion 0
617 126 637 126 637 152 617 152 mild-corrosion 0
572 420 588 420 588 444 572 444 mild-corrosion 0
545 299 561 299 561 329 545 329 mild-corrosion 0