0 30.563 233 30.563 233 119 0 119 severe-corrosion 0
416.0000619299535 46 270.3649266897264 45.99999999999998 270.3650000000198 -4.373262687012336e-14 415.99999999998545 2.782985346280577e-14 severe-corrosion 0
362.834699430241 380.15893053905677 0.31798924872418866 392.99355533418435 -9.399263894883916 118.15641024263961 353.0977961028839 105.32214622511277 moderate-corrosion 0
416 149 640 149 640 173 416 173 severe-corrosion 0
416 86 469 86 469 132 416 132 mild-corrosion 0
416 250 640 250 640 384 416 384 severe-corrosion 0
517 83 541 83 541 99 517 99 mild-corrosion 0
416 178 603 178 603 248 416 248 mild-corrosion 0
60 631 83 631 83 640 60 640 mild-corrosion 0
614 517 636 517 636 582 614 582 severe-corrosion 0
601 384 612 384 612 597 601 597 severe-corrosion 0
431 470 457 470 457 510 431 510 mild-corrosion 0
461 441 483 441 483 476 461 476 mild-corrosion 0
432 550 448 550 448 604 432 604 mild-corrosion 0
462 598 484 598 484 629 462 629 mild-corrosion 0
543 478 565 478 565 514 543 514 mild-corrosion 0
627 384 637 384 637 518 627 518 severe-corrosion 0
416 608 424 608 424 640 416 640 mild-corrosion 0
618 589 640 589 640 640 618 640 severe-corrosion 0