35 10 49 10 49 62 35 62 corrosion 0
56 64 76 64 76 110 56 110 corrosion 0
37 107 99 107 99 171 37 171 corrosion 0
60 250 78 250 78 290 60 290 corrosion 0
19 168 43 168 43 192 19 192 corrosion 0
36 172 87 172 87 234 36 234 corrosion 0
96 11 112 11 112 50 96 50 corrosion 0
85 57 103 57 103 74 85 74 corrosion 0
124 95 136 95 136 119 124 119 corrosion 0
100 75 108 75 108 92 100 92 corrosion 0
111 87 122 87 122 103 111 103 corrosion 0
176 73 191 73 191 117 176 117 corrosion 0
118 117 168 117 168 201 118 201 corrosion 0
183 143 209 143 209 197 183 197 corrosion 0
219 149 243 149 243 187 219 187 corrosion 0
252 142 266 142 266 170 252 170 corrosion 0
277 180 291 180 291 206 277 206 corrosion 0
303 200 316 200 316 222 303 222 corrosion 0
90 250 100 250 100 268 90 268 corrosion 0
103 249 117 249 117 265 103 265 corrosion 0
133 239 141 239 141 261 133 261 corrosion 0
153 231 189 231 189 277 153 277 corrosion 0
140 323 162 323 162 408 140 408 corrosion 0
172 307 196 307 196 342 172 342 corrosion 0
180 271 202 271 202 295 180 295 corrosion 0
237 258 261 258 261 285 237 285 corrosion 0
242 235 280 235 280 261 242 261 corrosion 0
228 216 260 216 260 242 228 242 corrosion 0
208 201 224 201 224 219 208 219 corrosion 0
233 295 271 295 271 325 233 325 corrosion 0
246 368 284 368 284 438 246 438 corrosion 0
209 406 253 406 253 466 209 466 corrosion 0
221 472 297 472 297 640 221 640 corrosion 0
623 2 640 2 640 512 623 512 corrosion 0
365 543 459 543 459 640 365 640 corrosion 0
298 588 359 588 359 640 298 640 corrosion 0
296 477 346 477 346 536 296 536 corrosion 0
290 355 336 355 336 463 290 463 corrosion 0
321 298 386 298 386 371 321 371 corrosion 0
370 241 406 241 406 292 370 292 corrosion 0
348 233 371 233 371 261 348 261 corrosion 0
328 253 354 253 354 281 328 281 corrosion 0
293 296 304 296 304 329 293 329 corrosion 0
270 325 294 325 294 347 270 347 corrosion 0
343 185 361 185 361 209 343 209 corrosion 0
315 152 330 152 330 174 315 174 corrosion 0
321 164 333 164 333 198 321 198 corrosion 0
432 142 563 142 563 387 432 387 corrosion 0
396 411 578 411 578 534 396 534 corrosion 0
341 394 411 394 411 540 341 540 corrosion 0
464 535 638 535 638 640 464 640 corrosion 0
535 48 625 48 625 530 535 530 corrosion 0