-10.425185645217425 376.54367384966326 0 320.8829999999864 122.52333856646146 343.82899043941194 112.09921329187637 399.4887237723468 severe-corrosion 0
-9.000820284200017 263.5445511378237 0 214.5810000000077 123.99996162792377 237.37414677594097 114.99979367523338 286.3371224507719 severe-corrosion 0
124.34195002977503 162.95248446385582 115 202.54100000002225 -9.342165932466742 173.19920025427126 0 133.6110000000011 severe-corrosion 0
4.256758093251847 111.16496050024267 13.136045176870539 76.06144421882506 123.87898214103188 104.07310872889518 114.99988418087014 139.1764578885182 severe-corrosion 0
51.6359999999986 64.6039999999739 59.65038693728275 36.76462655974307 123.01431364780001 55.00575645628718 114.99997446189809 82.8450887113145 severe-corrosion 0
115 0 640 0 640 384 115 384 severe-corrosion 0
115.00077809920185 451.642 43.50449524143187 451.64199999999994 43.50521013853722 384 115 384 moderate-corrosion 0
0 421 15 421 15 522 0 522 mild-corrosion 0
61 625 75 625 75 640 61 640 mild-corrosion 0
70 519 96 519 96 538 70 538 mild-corrosion 0
115 405.273 323 405.273 323 640 115 640 severe-corrosion 0