3.5379974082025 297.5649999846764 277.20931953415857 299.18305731996213 276.96432155127695 340.61804933519045 3.293000000048778 339.0000000000001 severe-corrosion 0
-1.2922324168903288 198.0764293138049 9.159999999974389 142.27500000002044 226.66161993751302 183.01272993876367 216.21036429089145 238.81335598648704 severe-corrosion 0
-9.081652321547153 83.52480404213152 0 34.115000000007406 209.8790906756767 72.69069949561542 200.7977841328102 122.10021590872438 severe-corrosion 0
204.99999779189238 -0.00004190762279887404 205.00001176078513 39.999999771864324 37.37096667595324 39.9999425151 37.37099999998463 2.725337792679051e-11 severe-corrosion 0
315 327 350 327 350 339 315 339 moderate-corrosion 0
235 89 285 89 285 131 235 131 mild-corrosion 0
255 187 306 187 306 249 255 249 mild-corrosion 0
230 9 269 9 269 48 230 48 mild-corrosion 0
377 37.514 511 37.514 511 339 377 339 severe-corrosion 0
184.1341882805864 521.5112853868645 123.17798739793943 584.7129672617375 -58.15496763418196 409.8481483121872 2.7985048419213854 346.6493801713745 corroded-part 0
377 339 640 339 640 640 377 640 severe-corrosion 0