94.76 0 352 0 352 170.567 94.76 170.567 severe-corrosion 0
576 180 640 180 640 295 576 295 moderate-corrosion 0
363 5 394 5 394 35 363 35 mild-corrosion 0
352 30 364 30 364 46 352 46 mild-corrosion 0
380 157 400 157 400 177 380 177 mild-corrosion 0
413 79 416 79 416 85 413 85 mild-corrosion 0
13 350 72 350 72 419 13 419 mild-corrosion 0
192 330 222 330 222 512 192 512 mild-corrosion 0
152 399 184 399 184 532 152 532 mild-corrosion 0
352 320 640 320 640 533.213 352 533.213 severe-corrosion 0
640.001440530541 579.8950000000001 425.0023194816458 579.8949999999999 425.0038004408998 547.3190000000001 640 547.3189999999998 severe-corrosion 0