180 42.714 320 42.714 320 262 180 262 severe-corrosion 0
130.7836709064577 262.25159067116726 100.30234295190894 261.92874298015914 102.09031927690376 93.15115562157486 132.57100000002538 93.47400000000029 severe-corrosion 0
90.84989253955428 262.25024357632253 78.61057679794612 261.8031109857909 84.1579428192199 109.96487215511061 96.3969999999972 110.41200000000055 severe-corrosion 0
53 112.74100000000001 76.58 112.74100000000001 76.58 262 53 262 severe-corrosion 0
42.2941205072857 230.9999987075943 27.168777047700132 231.16221362968318 26.112874050668324 132.7002136980425 41.23800000001211 132.53800000000015 severe-corrosion 0
320 0 640 0 640 262 320 262 severe-corrosion 0
82.37955790253181 459.51643291309034 162.72941772804188 443.0108219839082 202.5381044716778 636.7614120429228 122.18845128671092 653.2663536242894 severe-corrosion 0
154.7682758235169 431.9999326360955 128.13837645036983 438.5037001412936 115.92050467537774 388.48271567270206 142.55000000004657 381.9789999999929 moderate-corrosion 0
1 443 19 443 19 477 1 477 moderate-corrosion 0
46 293 56 293 56 317 46 317 moderate-corrosion 0
194 326 212 326 212 346 194 346 mild-corrosion 0
251 384 263 384 263 399 251 399 mild-corrosion 0
184 379 198 379 198 391 184 391 mild-corrosion 0
154 369 167 369 167 383 154 383 mild-corrosion 0
69 448 83 448 83 471 69 471 mild-corrosion 0
300 550 320 550 320 593 300 593 mild-corrosion 0
219 631 255 631 255 640 219 640 mild-corrosion 0
400 432 406 432 406 443 400 443 mild-corrosion 0
416 423 422 423 422 429 416 429 mild-corrosion 0
391 427 401 427 401 433 391 433 mild-corrosion 0
531.9040360646613 408.1729557734119 525.8758392514574 415.5654083668385 510.63396082005056 403.13787749486403 516.6621454848064 395.74544681876597 mild-corrosion 0
420 387 426 387 426 391 420 391 mild-corrosion 0
428 389 436 389 436 397 428 397 mild-corrosion 0
454 403 462 403 462 409 454 409 mild-corrosion 0