268.0085048505134 460 17.458353180991253 460 17.470594990154495 13.585999999999839 267.99999999995634 13.585999999999903 severe-corrosion 0
0 0 80 0 80 207 0 207 moderate-corrosion 0
84 61 103 61 103 89 84 89 mild-corrosion 0
114 73 130 73 130 111 114 111 mild-corrosion 0
129 33 145 33 145 74 129 74 mild-corrosion 0
148 63 168 63 168 97 148 97 mild-corrosion 0
562.3653531906166 387.15121161767235 547.3663349280832 399.6584755395123 513.6211877858295 359.1944961515062 528.6200723363436 346.6873223670382 severe-corrosion 0
343.83993543051474 398.2517220863227 342.4948986292293 416.7697571931066 290.54384099108574 412.9965626405117 291.8890112668305 394.47867361796676 severe-corrosion 0
625.948024887839 443.0196406433995 615.826655197452 441.42779720866224 618.1117671185348 426.90065070576514 628.2330894663028 428.49249034452237 mild-corrosion 0
339.5592858327291 518.5189480390978 311.4361569668836 523.6313850210008 303.07534609979484 477.6463927520856 331.19800000000396 472.5340000000037 severe-corrosion 0
292.18695356677927 553.2120641656156 290.3229999999894 530.0900000000014 336.45987399570004 526.3714376729952 338.3240231196396 549.4932867618556 severe-corrosion 0
404.0255066678219 555.5148057786389 403.01995713431097 533.2451575307095 526.4059919096326 527.6736571391862 527.4120688974654 549.9427559194407 severe-corrosion 0
375.0359999999637 574.1049999999759 369.46150828298414 534.3780856219113 413.90123615310586 528.1436760856849 419.4760314726591 567.8702242751442 severe-corrosion 0
374.2771865798568 531.2149941087605 354.49295078622526 531.8396792463187 352.23956584726693 460.4754430947682 372.0232867968298 459.850766030645 severe-corrosion 0
634.2557351457071 510.89551741986224 634.8055383163592 526.6990136004624 478.22093513554137 532.1431115057284 477.6716289661272 516.3401010328404 severe-corrosion 0
636.2130603036348 538.4377239012746 635.1388724455319 561.1688401852565 549.0090343398333 557.0984673251983 550.0836007071484 534.3677447072985 severe-corrosion 0
373.4899395915272 571.0457301685507 368.07517558736436 586.6365565440002 326.2871653333423 572.1266799076956 331.7020000000048 556.5360000000065 severe-corrosion 0