251.26079100737115 79.50968241101697 236.90421957733633 184.52067857815672 -14.357487203888013 150.16788391564756 0 45.15800000002309 severe-corrosion 0
243 0 256 0 256 10 243 10 mild-corrosion 0
541 209 561 209 561 224 541 224 mild-corrosion 0
624 188 638 188 638 206 624 206 mild-corrosion 0
508 209 530 209 530 224 508 224 mild-corrosion 0
427 204 466 204 466 224 427 224 severe-corrosion 0
250 71 300 71 300 119 250 119 moderate-corrosion 0
426 73 546 73 546 111 426 111 severe-corrosion 0
525 128 558 128 558 158 525 158 moderate-corrosion 0
293 137 330 137 330 181 293 181 moderate-corrosion 0
330 161 376 161 376 193 330 193 mild-corrosion 0
537 169 584 169 584 188 537 188 mild-corrosion 0
0 224 243 224 243 640 0 640 severe-corrosion 0
345 224 431 224 431 247 345 247 severe-corrosion 0