212 48 236 48 236 152 212 152 severe-corrosion 0
0 233.9490000000089 -20.439713771193055 169.47645703755288 199.83280071246554 99.64364309013284 220.273050598189 164.1153137272464 severe-corrosion 0
588 168 640 168 640 243 588 243 severe-corrosion 0
492 162 574 162 574 243 492 243 severe-corrosion 0
329 44 409 44 409 243 329 243 severe-corrosion 0
275 161 330 161 330 243 275 243 severe-corrosion 0
543 0 623 0 623 30 543 30 severe-corrosion 0
275 24 329 24 329 155 275 155 moderate-corrosion 0
409 3 489 3 489 243 409 243 severe-corrosion 0
593 84 640 84 640 169 593 169 moderate-corrosion 0
275 0 400.274 0 400.274 38.692 275 38.692 mild-corrosion 0
160.7993228048872 638.9847163071734 56.023107627697755 640.438749979196 50.51889315756853 243.384266800965 155.2820221120055 241.93032133976857 moderate-corrosion 0
333 562 390 562 390 640 333 640 severe-corrosion 0
309 517 333 517 333 583 309 583 severe-corrosion 0
343 503 361 503 361 517 343 517 mild-corrosion 0