3.4714345944667 0.41006280593332606 35.642238577929675 -8.220284549241315 52.829791380499955 55.84866079169154 20.658991080199485 64.47900239288364 severe-corrosion 0
0 265 18 265 18 331 0 331 severe-corrosion 0
230 201 275 201 275 265 230 265 severe-corrosion 0
166 169 220 169 220 223 166 223 severe-corrosion 0
255 38 281 38 281 139 255 139 severe-corrosion 0
149 7 243 7 243 67 149 67 severe-corrosion 0
69 137 98 137 98 193 69 193 moderate-corrosion 0
271 295 279 295 279 324 271 324 mild-corrosion 0
177 362 187 362 187 377 177 377 mild-corrosion 0
40 315 50 315 50 331 40 331 mild-corrosion 0
453 98 589 98 589 202 453 202 severe-corrosion 0
300 0 397 0 397 377 300 377 severe-corrosion 0
502 0 558 0 558 58 502 58 severe-corrosion 0
525 296 553 296 553 354 525 354 severe-corrosion 0
635 321 640 321 640 361 635 361 moderate-corrosion 0
450 122 505 122 505 377 450 377 severe-corrosion 0
53.000000000029104 386.3319999999683 52.83967200513871 377.1513204881041 115.27360134401533 376.06092846955966 115.43400918802945 385.24152585158873 moderate-corrosion 0
597 389 640 389 640 447.757 597 447.757 severe-corrosion 0
468.0000000000291 578.6170000000031 467.9086798746721 564.2278088066693 621.5112444455008 563.2511411648692 621.6030310003407 577.6398596090542 severe-corrosion 0
301.78797641689016 589.2310658828085 292.8047722726478 445.2909310870779 429.6330226686405 436.75275094340316 438.6197285007074 580.6892230822948 severe-corrosion 0
490.2549221592926 379.03053881123725 498.2136619769153 411.5869055853835 463.6346209950716 420.0389205914719 455.67608053519507 387.4827261092039 moderate-corrosion 0