361.6025495464419 267.75409086286595 329.4310937674891 276.38410547533744 308.00197886354 196.50195327529886 340.1729999999952 187.87199999999262 severe-corrosion 0
85 0 131 0 131 51 85 51 severe-corrosion 0
142 29 196 29 196 83 142 83 severe-corrosion 0
80 113 106 113 106 214 80 214 severe-corrosion 0
118 185 212 185 212 246 118 246 severe-corrosion 0
263 59 291 59 291 115 263 115 moderate-corrosion 0
2.1070000000327127 -1.270234025909492e-11 14.16493619508401 -7.172162997302508 50.17277688617469 53.36468007080121 38.11484532227041 60.53683805197079 severe-corrosion 0
384.00000000001455 404.36499999999745 381.0546778015123 345.10426267342547 540.5525969556766 337.1764662201388 543.4991459531739 396.43593527681094 moderate-corrosion 0
508.00899999994726 149.89199999997774 501.7406041413051 136.87160247818707 557.1716641519015 110.18578353477159 563.4400685574656 123.20614240347732 mild-corrosion 0
485.0299717292364 164.23947865545543 486.43916267348686 190.2263751363701 398.47903183508606 194.99574489638147 397.07000000002154 169.0089999999659 mild-corrosion 0
384.00000000001455 280.7689999999995 381.40506307870965 275.5127932002937 499.48303129698616 217.22098624144778 502.0779812707042 222.4771308213816 mild-corrosion 0
438.3951381908264 319.4092815051422 438.2625196095614 315.75938777521753 559.1183476708829 311.36759980622907 559.2510160542588 315.0174416847246 mild-corrosion 0
338.92565864029166 526.868390459791 351.8452407734003 629.7522173975343 4.189413781568874 673.3822755506494 -8.721254398769815 570.5067439975295 severe-corrosion 0
506 409 640 409 640 640 506 640 severe-corrosion 0
384 409 491 409 491 640 384 640 severe-corrosion 0