377.00728980875283 320.00000000000006 15.104997062808252 320 15.110832209102227 3.180554681463517e-14 376.9999999999709 0 severe-corrosion 0
408.47099999999045 85.56799999999751 426.9460549561336 82.5004547204812 430.20505222339125 102.12845722106239 411.7299978331721 105.19600035976909 mild-corrosion 0
383.4232424088259 552.7210695537166 376.3497749748785 640.0926152727749 -6.111554354793043 609.1183576448915 0.9684634273435222 521.7541248468824 severe-corrosion 0
0 367 35 367 35 434 0 434 severe-corrosion 0
0 447 11 447 11 481 0 481 severe-corrosion 0
120 494 158 494 158 527 120 527 severe-corrosion 0
147 354 261 354 261 470 147 470 severe-corrosion 0
278 320 377 320 377 487 278 487 severe-corrosion 0
190 481 220 481 220 500 190 500 severe-corrosion 0
311 534 327 534 327 554 311 554 moderate-corrosion 0
129 320 148 320 148 359 129 359 moderate-corrosion 0
52.22839143694728 452.33785956456313 65.97081222076667 448.8262345827383 72.36040071991738 473.82739424203066 58.617985780365416 477.339003633545 mild-corrosion 0
89.468734330585 390.80379373253425 77.7006991012604 380.9190661574946 88.34517101793608 368.2479241414609 100.11317251708533 378.1326286103822 mild-corrosion 0
251.48518004360085 459.6812837722669 272.0212538439955 446.83727017696174 287.91097117551544 472.2390848852271 267.3749492417119 485.0830317459378 moderate-corrosion 0
62 491 71 491 71 514 62 514 mild-corrosion 0
216 321 231 321 231 342 216 342 mild-corrosion 0
237 334 259 334 259 360 237 360 mild-corrosion 0
284 493 296 493 296 503 284 503 mild-corrosion 0