275 0 294 0 294 26 275 26 severe-corrosion 0
136 37 170 37 170 79 136 79 severe-corrosion 0
175 96 191 96 191 120 175 120 severe-corrosion 0
101 223 125 223 125 307 101 307 severe-corrosion 0
431 0 640 0 640 345 431 345 moderate-corrosion 0
339 83 356 83 356 106 339 106 mild-corrosion 0
362 35 390 35 390 64 362 64 mild-corrosion 0
362 335 384 335 384 345 362 345 mild-corrosion 0
0 345 294 345 294 640 0 640 severe-corrosion 0
588 571 612 571 612 593 588 593 mild-corrosion 0
300 544 484 544 484 580 300 580 mild-corrosion 0
611 375 640 375 640 394 611 394 mild-corrosion 0
512 406 546 406 546 437 512 437 mild-corrosion 0
350 407 406 407 406 427 350 427 mild-corrosion 0