289.5299999999406 192.52400000000506 350.8695228739816 180.33716526631355 361.45146314884187 233.59722626602735 300.11195612096344 245.78400871777094 mild-corrosion 0
42.28619395464193 193.7355801734412 76.9977526263392 149.01848759761614 208.80143253023562 251.3274090838506 174.09057178861985 296.0438601840052 mild-corrosion 0
96.48231323124492 170.40897363335344 13.114507652207976 87.00264441690695 162.98980442436005 -62.80222279485379 246.3570388579683 20.60353411162552 moderate-corrosion 0
410 313 462 313 462 350 410 350 moderate-corrosion 0
457 149 546 149 546 213 457 213 moderate-corrosion 0
590 280 640 280 640 326 590 326 moderate-corrosion 0
574 246 614 246 614 278 574 278 moderate-corrosion 0
441 252 565 252 565 298 441 298 moderate-corrosion 0
352 201 385 201 385 295 352 295 moderate-corrosion 0
455 0 530 0 530 59 455 59 moderate-corrosion 0
365 74 411 74 411 102 365 102 moderate-corrosion 0
352 310 379 310 379 332 352 332 moderate-corrosion 0
596 12 640 12 640 41 596 41 mild-corrosion 0
447 76 499 76 499 105 447 105 mild-corrosion 0
382 113 407 113 407 133 382 133 mild-corrosion 0
581 358 625 358 625 396 581 396 moderate-corrosion 0
38.90099999996892 598.5169999999781 30.65880462192581 564.7523984440273 98.37465264608909 548.226201836927 106.61718507210026 581.9903034597086 moderate-corrosion 0
417.6744699783012 403.5221730628608 453.63603471414535 393.1505192235195 524.2971199323074 638.1095195926187 488.33577201061416 648.4806641463631 severe-corrosion 0
482.8115387557773 636.5056762486187 429.5712048740097 663.4343794907309 313.21498898614664 433.43491948701603 366.45074666470464 406.5076063651726 severe-corrosion 0
639.9999997171108 402.99264868844386 640.0097376228223 639.9999751387863 448.7208344790997 640.000050842166 448.71987712067494 403.00155775850675 moderate-corrosion 0