0 21.563 220 21.563 220 110 0 110 severe-corrosion 0
417 65 428 65 428 74 417 74 mild-corrosion 0
121 507 183 507 183 631 121 631 moderate-corrosion 0
0 305 27 305 27 366 0 366 mild-corrosion 0
0 179 12 179 12 212 0 212 severe-corrosion 0
263 494 295 494 295 640 263 640 moderate-corrosion 0
203 512 255 512 255 640 203 640 mild-corrosion 0
290 448 313 448 313 489 290 489 mild-corrosion 0
293 376 313 376 313 420 293 420 mild-corrosion 0
236 179 261 179 261 203 236 203 mild-corrosion 0
338 179 610 179 610 203 338 203 severe-corrosion 0
470 566 595 566 595 640 470 640 severe-corrosion 0
474 310 580 310 580 377 474 377 severe-corrosion 0
447 386 558 386 558 417 447 417 severe-corrosion 0
597 179 640 179 640 640 597 640 severe-corrosion 0
485 424 550 424 550 448 485 448 moderate-corrosion 0
536 449 576 449 576 473 536 473 moderate-corrosion 0
402 250 474 250 474 272 402 272 mild-corrosion 0