178.7343558196153 263.2938519295359 55.157805509807076 230.49164044835726 125.04955992793839 -32.80174532018346 248.62300000000687 7.887775610029521e-12 severe-corrosion 0
19.93938133782649 264.6546004633222 -17.734279552532826 248.30250432982498 97.14065041356662 -16.351267271149187 134.81327093024447 0.0005516476926621551 severe-corrosion 0
639.9999832906906 -0.0010768743979806341 640.0006724075502 256.00048141120277 436.4643501423416 255.99896147308095 436.46600000000035 1.6634300984054193e-11 severe-corrosion 0
524 210 563 210 563 244 524 244 severe-corrosion 0
452 202 470 202 470 234 452 234 severe-corrosion 0
444 66 463 66 463 78 444 78 severe-corrosion 0
411 71 418 71 418 93 411 93 severe-corrosion 0
606 158 640 158 640 183 606 183 severe-corrosion 0
364 396 377 396 377 410 364 410 mild-corrosion 0
0 557 403 557 403 640 0 640 severe-corrosion 0
438 485 452 485 452 613 438 613 moderate-corrosion 0
523.3246592575597 639.999877337218 523.3279994759505 546.3014175106723 640.0009201174544 546.3058688839908 639.9999999834108 640.0018505923993 moderate-corrosion 0