14 1 45 1 45 66 14 66 moderate-corrosion 0
56 35 86 35 86 85 56 85 moderate-corrosion 0
150 74 178 74 178 126 150 126 moderate-corrosion 0
230 122 271 122 271 180 230 180 moderate-corrosion 0
0 245.14400000002328 -6.000125082937302 187.09612573897778 341.58799066026404 151.1646313398755 347.5894433275971 209.21101592313985 severe-corrosion 0
308 0 345 0 345 56 308 56 mild-corrosion 0
0 153 13 153 13 185 0 185 moderate-corrosion 0
81 305 91 305 91 320 81 320 mild-corrosion 0
0 478.605 131 478.605 131 640 0 640 corroded-part 0
193.58303880231688 639.9995933791781 193.5902409379196 476.4535464735708 345.0020293865964 476.4610530127908 344.9999999805732 640.0018145349288 moderate-corrosion 0
332.25602334663563 347.9553555990318 331.7343028650066 368.62997712209057 306.7700000000332 367.9999999999837 307.2917873868573 347.3254475039419 mild-corrosion 0
269.36004559654975 386.99995475607096 263.4391368105571 392.8750659476296 248.35610941911 377.67609333040974 254.27700000000186 371.80100000000414 mild-corrosion 0
345 320 610.623 320 610.623 461 345 461 severe-corrosion 0