0 0 255.88 0 255.88 219.117 0 219.117 severe-corrosion 0
244 51 256 51 256 64 244 64 severe-corrosion 0
639.9999629287049 104.37742310061672 641.6033999969659 345.3439181690802 256.1608616081503 347.897771282863 254.5650727325119 106.93769307766354 severe-corrosion 0
255.99622527210158 376.99999985052165 255.99999999998545 315.5150000000334 561.6326404998836 315.52930693632624 561.6313021398673 377.0118287932416 moderate-corrosion 0
321 52 489 52 489 116 321 116 mild-corrosion 0
242.9199690153473 100.4070927352948 256.6089140708209 -4.674294574952667 426.8114131290349 17.497816667016075 413.1228894506785 122.57884864497083 mild-corrosion 0
73 574 233 574 233 600 73 600 moderate-corrosion 0
99 514 121 514 121 530 99 530 mild-corrosion 0
354.13074047850387 619.6448060271645 375.76249999801803 520.5738821282164 456.6970566496457 538.241822117565 435.0673397033097 637.3109550829485 severe-corrosion 0
579.9244552533492 639.9999559894646 579.9254860440124 584.4679660289446 640.0002711584239 584.4691128652637 639.9999999983993 640.0003396100717 severe-corrosion 0
321.6619999999966 559.2719999999975 330.71943468254176 556.8457493078159 333.2214281870256 566.1837554471572 324.1639954016864 568.6100012317734 mild-corrosion 0