0.6156667043978814 29.04299082318619 263.4739065091708 33.04114582636193 261.795440762362 143.39167240359888 -1.0627995141840074 139.3935314095255 severe-corrosion 0
310.52726637848536 263.41706747057793 280.37099836335983 258.27295899475155 322.0948185718589 13.684014276787916 352.25034174349275 18.828058295895637 moderate-corrosion 0
622.3330701496161 56.86649055410514 681.0013352101669 80.89714306426954 597.3644891745062 285.08349660488653 538.6964078757592 261.0531749238248 severe-corrosion 0
633 30 640 30 640 56 633 56 mild-corrosion 0
500 188 516 188 516 213 500 213 mild-corrosion 0
576 37 620 37 620 69 576 69 mild-corrosion 0
535 0 548 0 548 26 535 26 mild-corrosion 0
276.39531340028043 435.8036508291886 258.3460326250497 525.7136065007429 -16.246781429363182 470.5891188654118 1.8056379585323157 380.68326891480814 severe-corrosion 0
0 268 75 268 75 320 0 320 mild-corrosion 0
509 605 523 605 523 640 509 640 moderate-corrosion 0
483 598 494 598 494 624 483 624 moderate-corrosion 0
430 410 464 410 464 469 430 469 moderate-corrosion 0
387 455 399 455 399 478 387 478 moderate-corrosion 0
441 324 495 324 495 395 441 395 moderate-corrosion 0
436 271 470 271 470 319 436 319 moderate-corrosion 0
523.8690088916337 482.41401005658213 506.0080785217724 462.21300623704633 533.7993108633236 437.6450402938758 551.6601493886265 457.8459164375329 moderate-corrosion 0
616.8105740375177 308.4899670317624 638.2467770056246 311.05372979902563 635.2324281840265 336.25545979980416 613.7962266019895 333.6917048462867 moderate-corrosion 0
558.2900372977747 275.58396519604565 570.5934137758595 275.19846707870903 571.1904839119234 294.25314741579325 558.8871074710914 294.63864475509814 moderate-corrosion 0
608 563 632 563 632 599 608 599 moderate-corrosion 0
574 552 598 552 598 597 574 597 moderate-corrosion 0
605 374 640 374 640 498 605 498 severe-corrosion 0
602.2091178568371 484.324230870726 546.9452015338175 482.1924055094087 552.5962919802987 335.74920093312465 607.8578312226455 337.8809815471604 severe-corrosion 0
530.3487796817353 568.2111872538114 541.3547720687347 563.7261541860308 549.8345185224025 584.5298437880492 538.8285382266622 589.0148552410745 moderate-corrosion 0
521.6320105805789 305.6610050225277 503.65089251543395 297.1254626106879 511.06993944296846 281.4974736548033 529.0509999999631 290.0329999999855 mild-corrosion 0
472.2774443043454 451.3923954509272 459.59873543062713 446.41159032362515 471.92171219779993 415.04784333754185 484.60029848974955 420.02862157994025 mild-corrosion 0
582.2143221213628 307.72205356354755 580.1939731796301 268.49010815570716 638.0667484179867 265.50995850030256 640.0873264989059 304.7416577385667 moderate-corrosion 0
561.5573374786618 514.4517416497731 548.8873561211221 517.0861882566284 544.5020430799923 495.99947656855875 557.1719255372591 493.3650405545076 mild-corrosion 0