0 0 44.149 0 44.149 250.704 0 250.704 severe-corrosion 0
142.47199999947043 -0.000756215500937336 142.47255333750218 288.00026412501495 55.898197730857646 287.9995745774856 55.89899999999034 2.3854160110976375e-12 severe-corrosion 0
189.22299999998359 25.139000000000248 220.6199850574194 24.80647849045336 223.40611317944422 287.8713428411503 192.0091283342481 288.20385923542193 severe-corrosion 0
225.8980000000156 42.05599999999962 239.4284124843398 41.561733397666 246.30136177307577 229.7047399403383 232.7709496056923 230.19900184088883 severe-corrosion 0
247.2539702958602 44.92299968228795 271.8431572384725 45.18600307929529 269.24318688536005 288.2629994100115 244.6539999999368 287.9999999999997 severe-corrosion 0
280.3789962135488 64.21299995940049 295.7268182723783 64.37756341625611 294.6688220484066 163.0495627683286 279.3209999999817 162.8850000000001 severe-corrosion 0
300 0 539 0 539 241 300 241 severe-corrosion 0
220 385 253 385 253 409 220 409 moderate-corrosion 0
406 615 484 615 484 640 406 640 moderate-corrosion 0
530 540 546 540 546 578 530 578 mild-corrosion 0
457 398 467 398 467 414 457 414 mild-corrosion 0
578 430 591 430 591 461 578 461 mild-corrosion 0
300 521 312 521 312 572 300 572 moderate-corrosion 0
347 400 369 400 369 442 347 442 moderate-corrosion 0
419 383 447 383 447 435 419 435 moderate-corrosion 0
435 322 460 322 460 356 435 356 moderate-corrosion 0
381 288 414 288 414 318 381 318 moderate-corrosion 0
624 513 640 513 640 563 624 563 moderate-corrosion 0
567 473 592 473 592 501 567 501 moderate-corrosion 0
510 422 523 422 523 447 510 447 mild-corrosion 0
598 288 619 288 619 322 598 322 moderate-corrosion 0
350 513 375 513 375 567 350 567 moderate-corrosion 0
380 452 421 452 421 512 380 512 moderate-corrosion 0
344 583 392 583 392 640 344 640 moderate-corrosion 0
387 522 456 522 456 607 387 607 moderate-corrosion 0
476 559 506 559 506 603 476 603 mild-corrosion 0