0 45 93 45 93 211 0 211 corrosion 0
384 17 416 17 416 113 384 113 corrosion 0
243 90 279 90 279 140 243 140 corrosion 0
283 150 299 150 299 171 283 171 corrosion 0
207 271 231 271 231 321 207 321 corrosion 0
220 338 230 338 230 363 220 363 corrosion 0
302 302 336 302 336 366 302 366 corrosion 0
570 255 597 255 597 306 570 306 corrosion 0
617 375 640 375 640 427 617 427 corrosion 0
469 488 511 488 511 536 469 536 corrosion 0
583 571 615 571 615 639 583 639 corrosion 0
436 604 465 604 465 640 436 640 corrosion 0
484 549 528 549 528 633 484 633 corrosion 0
228 195 455 195 455 640 228 640 corrosion 0
0 287 130 287 130 469 0 469 corrosion 0
0 404 293 404 293 639 0 639 corrosion 0
39 152 123 152 123 292 39 292 corrosion 0