169.7440149711474 184.79766130695288 162.7082753875584 287.49591521596005 -6.039009278538288 275.933843763809 0.9980766067019431 173.237081392884 severe-corrosion 0
0.8796624199749203 289.9173096316864 -6.324581655135262 249.8338775823993 86.03221671655774 233.23513778122032 93.23674386731 273.318195944358 severe-corrosion 0
280 0 357 0 357 414 280 414 severe-corrosion 0
494 0 557 0 557 86 494 86 severe-corrosion 0
386 0 460 0 460 454 386 454 severe-corrosion 0
294 417 363 417 363 454 294 454 moderate-corrosion 0
512 365 559 365 559 399 512 399 mild-corrosion 0
275.0036301909131 640 112.84399999996822 640 112.85165862893336 453.99999999999983 274.99935106512567 453.99999999999983 severe-corrosion 0
283 484 294 484 294 520 283 520 moderate-corrosion 0
342 534 375 534 375 554 342 554 mild-corrosion 0
552 558 573 558 573 568 552 568 mild-corrosion 0
484 505 552 505 552 535 484 535 mild-corrosion 0
404 600 412 600 412 613 404 613 mild-corrosion 0
295 481 308 481 308 491 295 491 mild-corrosion 0
359 497 367 497 367 507 359 507 mild-corrosion 0