345.0000409619679 239.58100000000002 329.39794026235177 239.581 329.39802218614204 189.29200000000003 345 189.29200000000003 severe-corrosion 0
102 0 148 0 148 42 102 42 severe-corrosion 0
159 20 213 20 213 74 159 74 severe-corrosion 0
97 104 123 104 123 205 97 205 severe-corrosion 0
135 176 229 176 229 236 135 236 severe-corrosion 0
280 50 309 50 309 106 280 106 moderate-corrosion 0
452.55 18.046 528 18.046 528 345 452.55 345 severe-corrosion 0
115 548 169 548 169 621 115 621 moderate-corrosion 0
125 628 168 628 168 640 125 640 mild-corrosion 0
348.2560943140561 380.732516391196 344.1562295277254 543.6014135560504 -4.077925349411089 534.8208748513789 0.031348455959232524 371.96140337451243 severe-corrosion 0
131 488 166 488 166 524 131 524 moderate-corrosion 0
345 400 479 400 479 461 345 461 severe-corrosion 0