0 0 460 0 460 320 0 320 severe-corrosion 0
460 0 640 0 640 166.02100000000002 460 166.02100000000002 severe-corrosion 0
386 381 410 381 410 429 386 429 severe-corrosion 0
447 330 460 330 460 355 447 355 moderate-corrosion 0
406 461 458 461 458 541 406 541 moderate-corrosion 0
204 331 232 331 232 365 204 365 moderate-corrosion 0
313 320 336 320 336 327 313 327 mild-corrosion 0
388.4817019856564 629.5865514372942 380.4003432241734 585.4290499478852 459.732914592023 570.9137346877574 467.81488320855715 615.0704437722139 mild-corrosion 0
336.0450000000128 615.6730000000199 322.44854395212315 595.918405550626 361.19185637900955 569.2596650036776 374.78825979509566 589.0140537889132 mild-corrosion 0
-1.7702926384663442 629.1153605607572 1.2512013909872621 542.4409915071979 258.2240359253774 551.3933370553233 255.2076158453565 638.062691637203 mild-corrosion 0
271 385 287 385 287 407 271 407 moderate-corrosion 0
247 425 265 425 265 447 247 447 moderate-corrosion 0
270 481 283 481 283 495 270 495 moderate-corrosion 0
22 369 30 369 30 385 22 385 moderate-corrosion 0
0 390 3 390 3 402 0 402 moderate-corrosion 0