0 0 101 0 101 226 0 226 severe-corrosion 0
122 0 131 0 131 10 122 10 moderate-corrosion 0
385 268 401 268 401 287 385 287 moderate-corrosion 0
511 26 528 26 528 56 511 56 mild-corrosion 0
274 71 284 71 284 85 274 85 mild-corrosion 0
301 28 309 28 309 44 301 44 mild-corrosion 0
381 58 392 58 392 68 381 68 mild-corrosion 0
387 130 401 130 401 145 387 145 mild-corrosion 0
361 113 370 113 370 125 361 125 mild-corrosion 0
581 0 591 0 591 26 581 26 mild-corrosion 0
443 267 471 267 471 292 443 292 mild-corrosion 0
441 201 467 201 467 229 441 229 mild-corrosion 0
509 300 531 300 531 336 509 336 mild-corrosion 0
221 248 231 248 231 264 221 264 mild-corrosion 0
342 261 350 261 350 275 342 275 mild-corrosion 0
485 70 495 70 495 80 485 80 mild-corrosion 0
377 191 383 191 383 199 377 199 mild-corrosion 0
55.226000000038766 357.9999999999998 75.6512313336134 356.9853317744071 89.7111055845744 639.9623414420796 69.2858778288064 640.9769553293161 severe-corrosion 0