317.5208755937638 296.3475772957111 12.99129472252389 401.59212943003854 -61.69228047467186 185.47983503871433 242.82620991383737 80.23727365080221 severe-corrosion 0
71 11 210 11 210 88 71 88 severe-corrosion 0
25 0 103 0 103 23 25 23 severe-corrosion 0
294 168.304 502.81999999999994 168.304 502.81999999999994 364 294 364 severe-corrosion 0
0 519 294 519 294 543 0 543 severe-corrosion 0
88 456 164 456 164 502 88 502 mild-corrosion 0
212 453 236 453 236 468 212 468 mild-corrosion 0
0 548 294 548 294 618 0 618 mild-corrosion 0
537 460 640 460 640 528 537 528 severe-corrosion 0
510 537 621 537 621 568 510 568 severe-corrosion 0
548 575 613 575 613 599 548 599 moderate-corrosion 0
599 600 639 600 639 624 599 624 moderate-corrosion 0
465 401 537 401 537 423 465 423 mild-corrosion 0