92.99999999981083 -0.00046254571749963503 93.00042327362462 398.00021733727397 62.56152253328764 397.9997678560702 62.56200000003446 9.54166404439055e-12 severe-corrosion 0
98.6030000000028 4.411999999999148 110.84206863000873 3.9648850192593637 117.69613459662651 191.58295129598426 105.45706622222497 192.03006301765896 severe-corrosion 0
119.96889286718215 6.740998770222564 145.4435362802178 7.03342206838764 140.67664314345166 422.2924134829586 115.20199999999022 422.0000000000001 severe-corrosion 0
153.76199768776132 26.537999975201313 168.8872060401627 26.70021609985416 167.8312083434139 125.16221564533984 152.7060000000347 125.00000000000034 severe-corrosion 0
275.31999999999243 180.96900000000068 307.0650616241619 177.57412914935347 315.71452399148257 258.4515569411369 283.9694663476257 261.84640465672976 severe-corrosion 0
639.9997691846511 167.9645518486459 647.2311777622235 369.96424850340975 395.99999999998545 378.95200000003143 388.7739750929177 176.95769351639169 severe-corrosion 0
418 5 434 5 434 41 418 41 mild-corrosion 0
46 592 74 592 74 640 46 640 mild-corrosion 0
563 422 640 422 640 640 563 640 severe-corrosion 0
529 579 547 579 547 605 529 605 mild-corrosion 0
518 620 547 620 547 640 518 640 mild-corrosion 0