443.04330608443706 316.62737857635426 398.4888390096603 354.26597036926137 314.252000514025 254.556282975975 358.805750929605 216.91818396638382 severe-corrosion 0
226.9372224975814 598.0371094343606 204.30951765403734 657.1698595326326 3.0392587291134987 580.166359525459 25.6681103536539 521.0363876991105 severe-corrosion 0
196 537 200 537 200 545 196 545 mild-corrosion 0
200 532 205 532 205 539 200 539 mild-corrosion 0
213 521 216 521 216 527 213 527 mild-corrosion 0
191 558 196 558 196 569 191 569 mild-corrosion 0
183 557 187 557 187 563 183 563 mild-corrosion 0
170 557 178 557 178 569 170 569 mild-corrosion 0
208 469 214 469 214 477 208 477 mild-corrosion 0
217 475 221 475 221 481 217 481 mild-corrosion 0
212 484 216 484 216 493 212 493 mild-corrosion 0
173 528 177 528 177 537 173 537 mild-corrosion 0
177 520 182 520 182 526 177 526 mild-corrosion 0
173 499 177 499 177 505 173 505 mild-corrosion 0
162 506 166 506 166 511 162 511 mild-corrosion 0
149 520 153 520 153 528 149 528 mild-corrosion 0
195 509 199 509 199 515 195 515 mild-corrosion 0
175 506 187 506 187 517 175 517 mild-corrosion 0
104 434 107 434 107 440 104 440 mild-corrosion 0
49 509 53 509 53 514 49 514 mild-corrosion 0
90 552 95 552 95 559 90 559 mild-corrosion 0
81 556 84 556 84 562 81 562 mild-corrosion 0
76 323 79 323 79 329 76 329 mild-corrosion 0
81 320 84 320 84 321 81 321 mild-corrosion 0
101 335 103 335 103 340 101 340 mild-corrosion 0
110 404 114 404 114 416 110 416 mild-corrosion 0
80 408 84 408 84 417 80 417 mild-corrosion 0
224 320 640 320 640 640 224 640 severe-corrosion 0