187 48 224 48 224 95 187 95 severe-corrosion 0
351.9999999999709 -0.000008676274299998003 352.00319248469896 345.0043671738592 -0.0022694964718539268 344.99999995594067 0.0025032211851794273 0.0049912311162995035 severe-corrosion 0
138 156 177 156 177 204 138 204 severe-corrosion 0
284 34 311 34 311 81 284 81 severe-corrosion 0
57 91 105 91 105 158 57 158 severe-corrosion 0
5 30 55 30 55 98 5 98 severe-corrosion 0
171 0 276 0 276 36 171 36 severe-corrosion 0
352 94 534 94 534 345 352 345 severe-corrosion 0
554 137 635 137 635 215 554 215 severe-corrosion 0
471 13 537 13 537 59 471 59 severe-corrosion 0
149.45847292634426 640.0008635677682 149.46322158764815 344.9948501614221 351.9999999999709 344.9999999999661 352.00590678403387 639.9952804368986 severe-corrosion 0
103 420 145 420 145 482 103 482 mild-corrosion 0
432 550 566 550 566 640 432 640 moderate-corrosion 0
367 602 422 602 422 640 367 640 mild-corrosion 0
595 558 618 558 618 593 595 593 mild-corrosion 0
613 613 631 613 631 637 613 637 mild-corrosion 0
506 362 518 362 518 378 506 378 mild-corrosion 0
385 566 402 566 402 588 385 588 mild-corrosion 0
548 441 565 441 565 463 548 463 mild-corrosion 0