312.2610645941313 433.5011285084331 280.08937890037487 442.13075386250534 259.17006382231193 364.1505178889411 291.34100000002945 355.5209999999932 severe-corrosion 0
294 89 322 89 322 155 294 155 severe-corrosion 0
37 156 82 156 82 220 37 220 severe-corrosion 0
93 197 147 197 147 251 93 251 severe-corrosion 0
31 281 57 281 57 382 31 382 severe-corrosion 0
69 353 163 353 163 413 69 413 severe-corrosion 0
340 9 352 9 352 30 340 30 moderate-corrosion 0
214 227 243 227 243 283 214 283 moderate-corrosion 0
33 96 41 96 41 125 33 125 mild-corrosion 0
125 34 134 34 134 58 125 58 mild-corrosion 0
263 89 273 89 273 105 263 105 mild-corrosion 0
352.00000000004366 287.70800000002276 349.053791449478 228.44918085821683 490.0715803213825 221.43768563316564 493.01853725679393 280.6957458073283 moderate-corrosion 0
639.9999817452772 261.1958222387013 641.1716181734664 272.6049917334107 600.4843975231779 276.7829256318283 599.3128118588356 265.37380271744354 mild-corrosion 0
461.0831480410707 32.7480753378195 454.8143669014826 19.726983617136092 506.30850443209056 -5.063987168443973 512.5772865671752 7.957100221689878 mild-corrosion 0
435.9999920689006 48.34785374662417 437.3767255243001 73.73536939446313 353.2126396343665 78.29936278623846 351.8359579033131 52.911895678210456 mild-corrosion 0
351.9999999999709 156.07099999998866 349.40555217945075 150.81578486346294 449.2409025816596 101.52841226089879 451.8353572893102 106.78360203510093 mild-corrosion 0
389.5797345855681 203.18069997096234 389.4555307982955 199.56571154229147 508.99999999986903 195.45799999997965 509.12423468696943 199.07295645706253 mild-corrosion 0
352 441 451 441 451 640 352 640 severe-corrosion 0