0 0 230 0 230 281 0 281 severe-corrosion 0
314 156 351 156 351 203 314 203 severe-corrosion 0
640.0030088033236 281 363.1330000000162 281.00000000000006 363.1381204506033 -7.951386703658792e-14 640 -9.54166404439055e-14 severe-corrosion 0
264 264 304 264 304 281 264 281 severe-corrosion 0
411 142 438 142 438 189 411 189 severe-corrosion 0
299 88 404 88 404 144 299 144 severe-corrosion 0
0 578 1 578 1 584 0 584 mild-corrosion 0
13 614 18 614 18 621 13 621 mild-corrosion 0
13 631 15 631 15 637 13 637 mild-corrosion 0
13 427 15 427 15 433 13 433 mild-corrosion 0
0 405 1 405 1 410 0 410 mild-corrosion 0
125 379 130 379 130 389 125 389 mild-corrosion 0
114 410 124 410 124 430 114 430 mild-corrosion 0
34 620 40 620 40 633 34 633 mild-corrosion 0
46 610 52 610 52 620 46 620 mild-corrosion 0
79 623 83 623 83 631 79 631 mild-corrosion 0
154 623 157 623 157 631 154 631 mild-corrosion 0
130 600 134 600 134 608 130 608 mild-corrosion 0
122 607 124 607 124 612 122 612 mild-corrosion 0
125 623 127 623 127 629 125 629 mild-corrosion 0
123 625 125 625 125 629 123 629 mild-corrosion 0
136 621 138 621 138 625 136 625 mild-corrosion 0
138 622 141 622 141 626 138 626 mild-corrosion 0
90 636 93 636 93 640 90 640 mild-corrosion 0
97 636 99 636 99 639 97 639 mild-corrosion 0
107 631 109 631 109 635 107 635 mild-corrosion 0
190 631 192 631 192 634 190 634 mild-corrosion 0
192 637 194 637 194 639 192 639 mild-corrosion 0
111 573 115 573 115 581 111 581 mild-corrosion 0
105 601 107 601 107 605 105 605 mild-corrosion 0
101 602 103 602 103 606 101 606 mild-corrosion 0
100 598 102 598 102 602 100 602 mild-corrosion 0
97 594 99 594 99 598 97 598 mild-corrosion 0
92 575 94 575 94 579 92 579 mild-corrosion 0
88 624 91 624 91 628 88 628 mild-corrosion 0
86 617 88 617 88 621 86 621 mild-corrosion 0
124 545 127 545 127 551 124 551 mild-corrosion 0
58 357 74 357 74 376 58 376 mild-corrosion 0
21 312 26 312 26 320 21 320 mild-corrosion 0
387.15408999043575 280.5485364662589 411.2770000000455 281.00000000000034 404.548909306468 640.4514357408208 380.42600000000675 640 severe-corrosion 0
230 442.7669999999813 229.64204620875535 428.37113050214714 260.72497867608035 427.59832488970585 261.08300302941643 441.9941218090174 moderate-corrosion 0