0 0 224 0 224 221.858 0 221.858 severe-corrosion 0
359 23 401 23 401 62 359 62 moderate-corrosion 0
570 5 640 5 640 73 570 73 moderate-corrosion 0
631 79 640 79 640 107 631 107 moderate-corrosion 0
319 226 362 226 362 272 319 272 moderate-corrosion 0
390 122 440 122 440 178 390 178 moderate-corrosion 0
482 142 502 142 502 178 482 178 moderate-corrosion 0
537 125 568 125 568 161 537 161 moderate-corrosion 0
640.0007875540905 288.21899999999994 574.7735136283882 288.21900000000005 574.7742156629101 135.429 639.9999795285112 135.429 severe-corrosion 0
361.03601180162514 197.30584524008262 358.99424666917184 224.0804476040231 314.17013396719994 220.6622663818166 316.21198480053863 193.8877582050154 moderate-corrosion 0
141.30320536889485 646.2310095448321 105.71965224859014 635.8697996793665 186.26133290345024 359.33079057974 221.84144316524907 369.69148003154515 severe-corrosion 0
-0.005143135713296942 640.0002476129978 0 357.20199999996515 171.27883471752284 357.2084450504416 171.2828525256191 639.9970711715459 moderate-corrosion 0
589 598 613 598 613 616 589 616 mild-corrosion 0
601 498 640 498 640 531 601 531 mild-corrosion 0
224 386 640 386 640 448 224 448 mild-corrosion 0
240 482 274 482 274 502 240 502 mild-corrosion 0
339 513 373 513 373 544 339 544 mild-corrosion 0
480 514 536 514 536 534 480 534 mild-corrosion 0
563 307 588 307 588 316 563 316 mild-corrosion 0