131 115 159 115 159 148 131 148 corrosion 0
479 562 543 562 543 640 479 640 corrosion 0
216 534 274 534 274 586 216 586 corrosion 0
87 519 143 519 143 558 87 558 corrosion 0
27 534 63 534 63 579 27 579 corrosion 0
113 164 123 164 123 188 113 188 corrosion 0
60 0 109 0 109 76 60 76 corrosion 0
127 0 233 0 233 24 127 24 corrosion 0
154 53 168 53 168 73 154 73 corrosion 0
25 232 69 232 69 282 25 282 corrosion 0
0 425 14 425 14 442 0 442 corrosion 0
220 163 246 163 246 220 220 220 corrosion 0
244 235 273 235 273 271 244 271 corrosion 0
234 282 264 282 264 346 234 346 corrosion 0
254 0 377 0 377 456 254 456 corrosion 0
125 27 144 27 144 69 125 69 corrosion 0
407 556 467 556 467 616 407 616 corrosion 0
207 221 238 221 238 253 207 253 corrosion 0
132 413 152 413 152 455 132 455 corrosion 0
565 0 589 0 589 39 565 39 corrosion 0
604 0 640 0 640 27 604 27 corrosion 0
416 0 438 0 438 17 416 17 corrosion 0
219 256 233 256 233 288 219 288 corrosion 0
304 513 333 513 333 565 304 565 corrosion 0