25.429 0 428 0 428 307 25.429 307 severe-corrosion 0
428 0 640 0 640 219.474 428 219.474 corroded-part 0
57 442 91 442 91 501 57 501 moderate-corrosion 0
14 433 26 433 26 456 14 456 moderate-corrosion 0
68 517 122 517 122 588 68 588 moderate-corrosion 0
62 592 96 592 96 640 62 640 moderate-corrosion 0
428.0003776459489 585.3870000000002 401.6565521073062 585.387 401.65730236432864 474.916 427.9999999418942 474.916 severe-corrosion 0
398.7898382167623 569.5755706957499 364.88650796643924 576.1372637288365 355.66147474353784 528.4820738393418 389.5641480770428 521.9204463876043 severe-corrosion 0
178.6602434712404 453.1537496362845 160.79937490074371 473.3549745856244 133.0082224826765 448.7870987856416 150.86899999994785 428.5860000000212 moderate-corrosion 0
240.79619693380664 577.3080175372239 262.232457704813 574.7447087866702 265.2468120280537 599.9465423220591 243.8105537930096 602.5098368442167 moderate-corrosion 0
185.88710416384856 616.3614302309601 198.19048377728905 616.7468395827318 197.59341558994493 635.8014616547954 185.29003605617618 635.4160540143155 moderate-corrosion 0
272 339 298 339 298 370 272 370 moderate-corrosion 0
235 313 259 313 259 349 235 349 moderate-corrosion 0
201 315 225 315 225 360 201 360 moderate-corrosion 0
233 413 309 413 309 537 233 537 severe-corrosion 0
234.8596196978906 573.119053287908 179.5959917322034 575.2507405336275 173.9476759480749 428.80743884595853 229.2081998118374 426.67581268807896 severe-corrosion 0
165.8285835159768 321.9850313930483 176.83430455501366 326.47070553898436 168.35469856545387 347.2739221926664 157.34898451504705 342.7882605673657 moderate-corrosion 0
314.28327618094045 430.5613666474335 280.98140218768094 418.6854561955031 312.1838324235432 331.2002609873712 345.4848973285698 343.07601202305983 severe-corrosion 0
338.137718321741 418.70444196969464 323.6588560096425 427.96251905842905 313.9878398790461 412.839740191297 328.46664200806117 403.58168877418893 mild-corrosion 0
318.06319978983083 519.0409383058084 331.31228515885596 524.1441710519636 319.5480523635342 554.6801306699355 306.29898467137536 549.5769312349298 mild-corrosion 0
156.0510758437158 620.9669640050641 138.06920644972706 629.5010235609429 130.65025223171688 613.873025605178 148.6319999999978 605.339000000013 mild-corrosion 0
111.6004878111562 490.9714120844368 98.9216741794371 495.95212236369343 86.598746160671 464.58835263252445 99.27742371815839 459.6076723270021 mild-corrosion 0
208.74570197913272 639.9999896031479 208.7460931433452 603.6479265237086 266.19196560553974 603.6484850354282 266.19205778340984 640.0000617666583 moderate-corrosion 0
184.17192807573883 417.6350389068495 171.50203484969097 415.0004469497508 175.88741266270517 393.9137411020588 188.55722575011896 396.548324429578 mild-corrosion 0
600.576101764309 540.6624818080775 538.1669999999576 532.9729999999988 566.9634352564026 299.3108008931213 629.3679999999586 306.99999999999744 severe-corrosion 0