0 0 339 0 339 216 0 216 severe-corrosion 0
339 54 351 54 351 119 339 119 severe-corrosion 0
388 39 454 39 454 101 388 101 severe-corrosion 0
476 23 521 23 521 83 476 83 severe-corrosion 0
342 329 369 329 369 345 342 345 severe-corrosion 0
431 319 477 319 477 345 431 345 severe-corrosion 0
567 317 586 317 586 345 567 345 mild-corrosion 0
379 324 422 324 422 345 379 345 mild-corrosion 0
514 94 640 94 640 255 514 255 moderate-corrosion 0
525 0 640 0 640 67 525 67 moderate-corrosion 0
381 181 473 181 473 313 381 313 moderate-corrosion 0
496 286 522 286 522 316 496 316 mild-corrosion 0
526 315 561 315 561 345 526 345 mild-corrosion 0
175.08095303688606 371.1827046753188 230.04189975610643 300.1562242373583 393.9560947343125 426.9818232818991 338.99761381668213 498.0060836934921 severe-corrosion 0
70.19800000001851 495.15700000000635 55.48425517248688 466.0615895617073 101.21668012237933 442.938132096687 115.93046663205314 472.0332837238394 moderate-corrosion 0
0 379.742 8.386 379.742 8.386 398.76300000000003 0 398.76300000000003 mild-corrosion 0
115.27571204045671 490.65973375036106 132.62229570646014 479.85941480554806 148.89449029586103 505.98977108074286 131.54795442911563 516.7900283731793 moderate-corrosion 0
228.73482630908256 574.1361246364197 239.29345660952094 560.7127229895486 263.3870357541309 579.659697033754 252.82850121009687 593.0830104752274 moderate-corrosion 0
108.28598636442621 563.3729982013058 122.2814786148956 565.2191714754954 119.40093585544673 587.0506842197964 105.40544531373598 585.2045196488195 mild-corrosion 0
165.83200520646642 500.9640628763948 170.59324885063688 498.41100954518055 178.56021703344595 513.2659660245188 173.79897903141682 515.8190112436415 mild-corrosion 0
203.73030546026712 516.8949731016197 213.9140000000043 512.555000000009 218.915679762722 524.2890412576053 208.73199146029947 528.6290036393335 mild-corrosion 0
270.68600964215875 622.110006646773 259.64525517185393 614.4990778147721 270.1050000000396 599.3300000000194 281.14568818673433 606.940896904374 mild-corrosion 0
656.8851577590976 496.03875362673415 633.1264171557996 618.206887561972 315.2353246964776 556.3843758872587 339.00000000001455 434.22400000001835 severe-corrosion 0