435.00680402547005 428 198.31200583081227 427.99999999999983 198.3213959056593 121.56099999999992 435 121.56100000000004 severe-corrosion 0
22 4 261 4 261 312 22 312 moderate-corrosion 0
265 166 284 166 284 194 265 194 mild-corrosion 0
128 316 151 316 151 394 128 394 mild-corrosion 0
295 178 311 178 311 216 295 216 mild-corrosion 0
310 138 326 138 326 178 310 178 mild-corrosion 0
329 168 349 168 349 202 329 202 mild-corrosion 0
0 512 17 512 17 534 0 534 mild-corrosion 0
270 478 299 478 299 497 270 497 mild-corrosion 0
73.3848544540524 564.9968913791282 60.73701596491446 553.523638874502 115.357772013449 493.3238137767898 128.00538546522148 504.79688532418334 mild-corrosion 0
10 457 28 457 28 472 10 472 mild-corrosion 0
435 428 480 428 480 517.589 435 517.589 severe-corrosion 0