52 129 101 129 101 172 52 172 moderate-corrosion 0
22 71 42 71 42 102 22 102 moderate-corrosion 0
0 432.12699999999995 243 432.12699999999995 243 621.943 0 621.943 severe-corrosion 0
0 211 243 211 243 536.069 0 536.069 severe-corrosion 0
81 435 161 435 161 524 81 524 moderate-corrosion 0
0 326 33 326 33 408 0 408 moderate-corrosion 0
37 400 73 400 73 420 37 420 moderate-corrosion 0
638.8975486984418 383.15689020534654 691.420642449375 554.332970819096 258.1110948649439 687.234741895632 205.60598605741689 516.0739359375292 severe-corrosion 0
509.2011357269803 451.39931863986794 499.27582525917387 435.39708429488917 522.6304127843468 420.91359542250194 532.5557159756863 436.91575782250885 moderate-corrosion 0
628 272 640 272 640 302 628 302 mild-corrosion 0
617.6738792764809 257.6107413506499 606.9218173931586 271.49344011872097 533.7492740020389 214.82406503712917 544.5012746095745 200.94148880008942 mild-corrosion 0
602.4100523737434 231.99993625567078 596.9704397297755 238.6205100522753 571.1387623679184 217.39738178399094 576.5783646846103 210.77682619896294 severe-corrosion 0
461.14269037920167 261.3010448269431 469.43464406554995 269.78511949217864 449.97392992045206 288.8040510883321 441.6820000000007 280.32000000000767 severe-corrosion 0