346.22329750680365 305.4315610922353 335.58276085401303 361.1550907853913 130.51842965738615 321.9972063590286 141.16000000001804 266.2749999999754 severe-corrosion 0
119.63586905127158 206.9215357901962 128.72400000000198 157.48200000001793 341.88464699116594 196.66334315394752 332.79742668077233 246.1020927662342 severe-corrosion 0
344.45019736398535 125.18131560887807 335.0090189564071 165.19072797876663 150.10461397665495 121.55796169533252 159.545999999973 81.54899999998244 severe-corrosion 0
185.2567189464753 64.16493936702113 194.13607591966866 29.06144211421704 360.2547067937121 71.08040892929216 351.37551456980873 106.18377742521703 severe-corrosion 0
232.63599999998405 17.604000000031267 240.45517531223595 -9.557680555721067 378.7033627474739 30.24051486210842 370.88422846311005 57.40216044105764 severe-corrosion 0
402.9999999978463 -0.00000985352119191396 403.0000021189335 28.00000002472919 314.61099037347594 27.999983080286878 314.6110000000044 3.518488616369015e-13 severe-corrosion 0
57 256 76 256 76 278 57 278 mild-corrosion 0
367 213 417 213 417 255 367 255 mild-corrosion 0
387 310 438 310 438 332 387 332 mild-corrosion 0
362 133 401 133 401 172 362 172 mild-corrosion 0
373 85 412 85 412 111 373 111 mild-corrosion 0
394 41 426 41 426 69 394 69 mild-corrosion 0
424 11 446 11 446 33 424 33 mild-corrosion 0
499.00635076694016 219.84291253004614 522.3943510965182 208.1198558608204 583.600032809627 330.2215902980113 560.2121400713804 341.9444829197307 severe-corrosion 0
43.759988912788685 332.821841222427 97.51866761980637 273.99254677046275 236.07654054438171 400.59583259149866 182.3193950206769 459.42361746002376 corroded-part 0