543.3419230044092 249.70685804416067 600.4758511971158 564.7917171228113 6.56779528108018 672.4220312041529 -50.529800707663526 357.36909167033787 severe-corrosion 0
0 0 287 0 287 16 0 16 severe-corrosion 0
531 536 613 536 613 614 531 614 severe-corrosion 0
253 544 453 544 453 627 253 627 mild-corrosion 0
0 204 17 204 17 261 0 261 mild-corrosion 0
0 261 29 261 29 307 0 307 mild-corrosion 0
170 242 212 242 212 300 170 300 severe-corrosion 0
165 139 190 139 190 186 165 186 severe-corrosion 0
405.9126218255551 73.4029706144738 462.522701791022 306.72518017183626 224.92111178122286 364.3667779796169 168.31670794039383 131.04979076625315 severe-corrosion 0
398.637000000017 78.28799999999849 424.7198045771802 77.07360306171124 431.3155834830104 218.7357893713508 405.2327797572798 219.9501769347334 severe-corrosion 0
197.43600000001607 -9.438296017242986e-12 221.44547838564904 -8.349372814814194 256.13842780665436 91.41365659094109 232.1289572671958 99.7630148604408 severe-corrosion 0
100 132 124 132 124 172 100 172 moderate-corrosion 0
124 76 164 76 164 113 124 113 mild-corrosion 0
153 16 211 16 211 41 153 41 moderate-corrosion 0
108.21299983967037 2.314998855438268 110.17986896906223 16.353115265380744 88.91786777086963 19.332115196539647 86.95099999997183 5.294000000011637 severe-corrosion 0
58.13999999198131 10.280995422245152 58.165528216413804 24.79847978705817 28.590525455147144 24.850481621342407 28.56500000001688 10.33300000002937 severe-corrosion 0
53 66 75 66 75 97 53 97 mild-corrosion 0