0 0 307 0 307 275 0 275 severe-corrosion 0
280 16 296 16 296 54 280 54 mild-corrosion 0
264 0 279 0 279 16 264 16 mild-corrosion 0
241 6 261 6 261 40 241 40 mild-corrosion 0
307 175 506 175 506 246 307 246 severe-corrosion 0
307 0 507 0 507 167 307 167 severe-corrosion 0
443 252 580 252 580 275 443 275 severe-corrosion 0
220.48990609750035 639.9975237558574 190.3647217273101 648.3734906198066 86.86576673579111 276.19125121795577 116.9872100448265 267.8158345725283 severe-corrosion 0
227.04799999999523 275.00000000000097 264.81692294968525 258.60836854195935 344.7668517741113 442.8105864501674 306.998192667088 459.2017843613677 severe-corrosion 0
218.36028882593382 417.12750179712685 253.40230052082916 406.37399715062236 323.55071208192385 634.9212057878374 288.5089304806752 645.6742036824238 severe-corrosion 0
407.0423774099618 622.3482170383937 384.8436844581738 621.9808648615607 390.5939977181697 274.6326707474677 412.78999999994994 274.9999999999997 severe-corrosion 0
519.802 314.859 640 314.859 640 640 519.802 640 moderate-corrosion 0
307 454.315 443.644 454.315 443.644 636 307 636 severe-corrosion 0