269.5621018358361 207.78992001387513 63.907655422226526 196.1335382125477 74.25317276349233 13.653646349553465 279.90360753909044 25.309896291631418 severe-corrosion 0
413.55499999997846 56.676000000026434 418.9569342390314 12.691467515512631 455.3633684761735 17.162703440623705 449.9614597787149 61.14721148261747 severe-corrosion 0
558.849960447842 57.38544165682672 547.7541710635705 62.07905786880228 532.2612435562041 25.453552565075626 543.357021016127 20.759939222525574 severe-corrosion 0
425.24099940746964 86.0479999839084 446.14708186556527 86.61573132406747 445.47808245064516 111.25073082589027 424.5720000000438 110.68300000000036 severe-corrosion 0
504.3406731450523 108.49459793217358 517.4111253896262 107.67308387715907 522.4044345640868 187.11649061543693 509.3339826911688 187.93800108790117 severe-corrosion 0
639.9999282496719 56.577821690306266 651.2584241799777 84.55673873579184 562.251737620827 120.37195532977631 550.9933439228917 92.39312403305135 severe-corrosion 0
436.78772584687977 162.3817051603463 425.59300000000803 161.72700000000117 427.44631301138725 130.03829598504305 438.6409999999887 130.69300000000072 severe-corrosion 0
424.5720000000438 207.25199999999947 435.2358399439254 206.836871124649 435.90400000000955 224.00000000000094 425.2401600903977 224.4151283032052 severe-corrosion 0
640.0000790260674 223.99999999999994 617.5839048738999 223.99999999999994 617.58401414947 166.72699999999998 640 166.72699999999998 moderate-corrosion 0
631.8810248611408 131.37599712389857 618.0564764754672 132.97531096133451 614.2084909763071 99.71331153864134 628.0329999999958 98.11400000000103 moderate-corrosion 0
0 224 294 224 294 640 0 640 severe-corrosion 0
496.99996845396527 535.3781010631003 497.092644720542 549.7699021185044 343.4892271640274 550.7563524124606 343.39700000004086 536.3649999999653 severe-corrosion 0
529.9984677350585 639.999846335073 530.0017811488942 531.6512072404497 640.0007168442971 531.6550687198005 639.9999999941065 640.0010514583569 severe-corrosion 0