182.33800000001793 228.87999999997052 187.7397334502166 184.8956042346859 224.46357629865815 189.40554160386793 219.0619825352769 233.38981017116495 severe-corrosion 0
327.7829964614648 229.21418864941117 316.6447372746188 233.9244721177168 301.1430101930455 197.26920676098587 312.28120882442454 192.55893773366222 severe-corrosion 0
514.2409255689563 639.999658113991 502.520587220788 641.3693125698888 465.75492712705454 326.8185818733127 477.474000000002 325.44900000000126 severe-corrosion 0
540.7905164925614 532.3830495546259 496.26453095952456 528.1110222967591 511.2291928626655 372.1797643203502 555.7528436675784 376.45167860356145 severe-corrosion 0
461.3878409381141 156.96363275802267 601.4499669186625 127.34130864117716 635.9176258192019 290.30914872595287 495.85560496088874 319.93108354719266 severe-corrosion 0
194.2409983483958 258.04799995515 215.1470822490228 258.61570406074156 214.47808385673852 283.2507026965199 193.57199999998556 282.68300000000005 severe-corrosion 0
165.98151963669807 444.2214634119657 154.7649999999703 444.0910000000001 155.3306505135697 395.4735375772158 166.54699999999139 395.60399999999987 severe-corrosion 0
273.3406748942798 280.494562246771 286.4111515437253 279.6730978642637 291.40443724354554 359.1165458106033 278.333961359167 359.9380024285088 severe-corrosion 0
445.1395374569256 303.9886362552081 422.3270000000048 304.7560000000007 420.96065709243703 264.1363604828443 443.77300000000105 263.36899999999923 severe-corrosion 0
464.1971235955134 183.3534708579241 492.6581353592337 233.01173192087612 346.79526956606423 316.6060007536425 318.33512739081925 266.94848814183047 severe-corrosion 0
205.78774651687127 334.38166806833226 194.59300000002258 333.727 196.44633768184576 302.03833440614676 207.64100000000326 302.6929999999984 severe-corrosion 0
195.61400292448525 431.67502815200214 190.20453271041333 379.60176752674437 203.48043761536246 378.2228440765328 208.89000000002852 430.2959999999794 severe-corrosion 0
449.9006907102739 405.463879158072 396.8603179111233 414.7434461721917 383.5847290322272 338.8674686096001 436.6240000000107 329.5879999999945 moderate-corrosion 0
400.88106161594624 303.3759928722267 387.0564481371548 304.97523371576085 383.208484507486 271.7132351198899 397.03300000001036 270.1140000000021 moderate-corrosion 0
488.7069999999949 372.3540000000071 505.892557244224 367.5839778409611 527.3382912999659 444.8401032539629 510.15275756079063 449.6100672906396 moderate-corrosion 0