71 0 146.45 0 146.45 224.954 71 224.954 severe-corrosion 0
640.0014822286175 243 440.86300000002666 242.99999999999994 440.8654036850203 0.036000000000046106 640 0.03600000000009381 severe-corrosion 0
298 0 488.13699999999994 0 488.13699999999994 143.194 298 143.194 severe-corrosion 0
605 609 640 609 640 640 605 640 severe-corrosion 0
298 515 430 515 430 621 298 621 severe-corrosion 0
519 335 573 335 573 388 519 388 severe-corrosion 0
285 510 303 510 303 530 285 530 severe-corrosion 0
270 418 288 418 288 444 270 444 severe-corrosion 0
456 342 488 342 488 382 456 382 moderate-corrosion 0
588 449 609 449 609 465 588 465 moderate-corrosion 0
559 550 584 550 584 588 559 588 moderate-corrosion 0
631 375 640 375 640 398 631 398 mild-corrosion 0
467 506 486 506 486 530 467 530 mild-corrosion 0
631.0071814495313 206.86626251437627 645.6693098174583 265.779406403793 238.0918300497433 367.20146141684745 223.43281059926085 308.29105256844616 severe-corrosion 0
236 489 249 489 249 516 236 516 severe-corrosion 0
346 468 372 468 372 503 346 503 severe-corrosion 0
300 400 318 400 318 428 300 428 mild-corrosion 0
236 455 244 455 244 476 236 476 mild-corrosion 0
579 599 595 599 595 622 579 622 moderate-corrosion 0