101 45 135 45 135 87 101 87 severe-corrosion 0
80 104 96 104 96 128 80 128 severe-corrosion 0
146 231 170 231 170 315 146 315 severe-corrosion 0
288 0 320 0 320 168 288 168 severe-corrosion 0
628 0 640 0 640 42 628 42 severe-corrosion 0
362 0 469 0 469 220 362 220 severe-corrosion 0
501 0 595 0 595 213 501 213 moderate-corrosion 0
244.99986625909514 485.9999880732015 245.00004404239007 459.68794173615686 280.5580082970846 459.68818038551484 280.5579951571417 486.00006109951914 corroded-part 0
188.92115300091973 348.61157473461134 207.8870917823224 387.546369188851 127.7267778757232 426.58895086959916 108.76142163615441 387.6546520588282 severe-corrosion 0
559 358 640 358 640 437 559 437 severe-corrosion 0
458.6877705347433 444.8918327789889 456.0050229890476 384.7323583194404 530.8446031611675 381.3955172171212 533.5280122570839 441.5542747839605 severe-corrosion 0
563.3682645783847 445.53420990611835 531.6964880540763 449.2424276617261 527.4426634152042 412.9142548199821 559.1140731247287 409.2060587924735 moderate-corrosion 0