313 0 331 0 331 288 313 288 severe-corrosion 0
341 0 435 0 435 288 341 288 severe-corrosion 0
458 0 541 0 541 288 458 288 severe-corrosion 0
557 0 638 0 638 288 557 288 severe-corrosion 0
216 288 313 288 313 546 216 546 severe-corrosion 0
625 288 640 288 640 352 625 352 mild-corrosion 0
641.9217679735448 536.4469124750863 639.9965924572462 620.1231094276186 471.5128620304313 616.2431626876145 473.4410000000207 532.5700000000053 moderate-corrosion 0
443.6000000000058 288.00000000000074 542.2648599003151 279.3395017948185 568.869821927874 582.3992711244625 470.20503144514805 591.0593313797409 mild-corrosion 0
384.41483519549365 535.6898514448205 468.36502360391023 577.2618125361198 424.9877164886857 664.8340730415042 341.03812208704767 623.2630138022895 moderate-corrosion 0
359.12221437691187 417.97503044905574 319.1125080751226 426.14938100619753 303.15901705704164 348.07044729170957 343.1678278689651 339.8961919334004 moderate-corrosion 0
313 502.73 328.365 502.73 328.365 536.499 313 536.499 moderate-corrosion 0
496 289 506 289 506 303 496 303 mild-corrosion 0
551 397 571 397 571 408 551 408 mild-corrosion 0
616 505 640 505 640 516 616 516 mild-corrosion 0
616 376 625 376 625 386 616 386 mild-corrosion 0