230.55708314852382 41.63159881156737 229.5624757411133 237.58324341570426 -0.9967408439842984 236.41062255205958 0 40.461000000006734 severe-corrosion 0
130.719 205.781 230 205.781 230 300 130.719 300 severe-corrosion 0
104.07435337139759 299.99997880719656 48.756957007790334 303.3175375607373 45.170275420023245 243.51053848083052 100.48699999999371 240.19300000000155 severe-corrosion 0
639.999994905811 -0.00034405394354531093 640.0009435835091 256.0222141548472 488.9823105627147 256.0214350774848 488.9830261402676 0.0000873871466007402 severe-corrosion 0
8.363 300 230 300 230 640 8.363 640 moderate-corrosion 0
411.3379999999597 353.88000000003194 416.74010455753887 309.8955957008056 453.4638041626022 314.40560902940666 448.0619225333794 358.3898104897505 severe-corrosion 0
556.7830523090379 354.2142170950572 545.6446774524375 358.92431418994227 530.1429617012764 322.26908727727596 541.2812398121605 317.55901333616185 severe-corrosion 0
423.2409975786868 383.0479999342531 444.147082953059 383.6156685854684 443.47808530394104 408.25066659192737 422.5720000000001 407.68300000000056 severe-corrosion 0
394.9815433261392 569.2214521358599 383.76499999998487 569.0909999999998 384.33067752455827 520.4735491480974 395.5469999999332 520.6039999999996 severe-corrosion 0
502.3406751796574 405.4945206226583 515.4111709858989 404.67311492898034 520.404440610655 484.1166085124231 507.33394585528004 484.93800340263823 severe-corrosion 0
639.9996008765447 352.7720082623653 651.3553796801716 380.98860451706435 560.3479221478483 417.6097412834807 548.9926090696827 389.39353877911486 severe-corrosion 0
434.7877625930414 459.3816230994735 423.5929999999644 458.72699999999986 425.4463545586623 427.0383803407898 436.6410000000178 427.69300000000186 severe-corrosion 0
424.6140038748854 556.6750372973595 419.2041035915463 504.60180698063283 432.4799791116675 503.2229066882008 437.8899999999703 555.2959999999683 severe-corrosion 0
640.0002462477278 528.518 615.5836974020349 528.518 615.5840426032228 463.065 640 463.065 moderate-corrosion 0
629.8810883289843 428.3759897826926 616.0564225012058 429.9751340088332 612.2084747661575 396.7131360137793 626.0330000000249 395.1139999999969 moderate-corrosion 0