5.927000000010594 403.00000000003547 5.932536429390893 308.3674079084044 276.2701899919921 308.3795792457856 276.26799980753276 403.0089156544958 severe-corrosion 0
230.78097797413648 0.6267527975706333 240.47617851530958 109.43719265791108 77.55675818807504 123.95303601192062 67.86200000002282 15.143000000013258 moderate-corrosion 0
357.99927516447497 402.9999999865549 358.0074786661862 204.33330103575375 640.0015763260308 204.34439785620626 639.9997951432306 403.0043987726041 severe-corrosion 0
406 51 426 51 426 79 406 79 severe-corrosion 0
601 0 615 0 615 14 601 14 severe-corrosion 0
543 0 557 0 557 14 543 14 severe-corrosion 0
533 55 572 55 572 83 533 83 severe-corrosion 0
400 19 414 19 414 39 400 39 severe-corrosion 0
358.00988159375265 549.552 35.816605200016056 549.5519999999999 35.822802292968845 402.9999999999999 358.0000000000291 402.9999999999998 severe-corrosion 0
571 403 619 403 619 424 571 424 severe-corrosion 0
539 598 562 598 562 640 539 640 severe-corrosion 0
419 438 450 438 450 462 419 462 moderate-corrosion 0
510 417 548 417 548 449 510 449 severe-corrosion 0
556 494 572 494 572 521 556 521 moderate-corrosion 0
603 510 617 510 617 526 603 526 moderate-corrosion 0
600 548 614 548 614 573 600 573 moderate-corrosion 0
358 547 385 547 385 581 358 581 moderate-corrosion 0
466 519 489 519 489 545 466 545 mild-corrosion 0
424 602 440 602 440 624 424 624 moderate-corrosion 0
385 426 402 426 402 448 385 448 mild-corrosion 0
412 489 422 489 422 505 412 505 mild-corrosion 0