458 0 503 0 503 49 458 49 severe-corrosion 0
565 0 640 0 640 51 565 51 severe-corrosion 0
607 69 640 69 640 106 607 106 severe-corrosion 0
575 280 599 280 599 328 575 328 severe-corrosion 0
358 199 366 199 366 212 358 212 severe-corrosion 0
455 120 486 120 486 144 455 144 moderate-corrosion 0
546 99 584 99 584 131 546 131 severe-corrosion 0
592 176 608 176 608 203 592 203 moderate-corrosion 0
636 229 640 229 640 254 636 254 moderate-corrosion 0
595 360 640 360 640 403 595 403 moderate-corrosion 0
393 230 421 230 421 264 393 264 moderate-corrosion 0
363 153 388 153 388 177 363 177 moderate-corrosion 0
502 201 525 201 525 227 502 227 mild-corrosion 0
460 284 476 284 476 306 460 306 moderate-corrosion 0
436 324 454 324 454 346 436 346 moderate-corrosion 0
459 380 472 380 472 394 459 394 moderate-corrosion 0
421 108 438 108 438 130 421 130 mild-corrosion 0
448 171 458 171 458 187 448 187 mild-corrosion 0
0 403 358 403 358 640 0 640 severe-corrosion 0