0 0 236 0 236 141.316 0 141.316 severe-corrosion 0
236 118 613 118 613 142 236 142 severe-corrosion 0
352 160 429 160 429 206 352 206 moderate-corrosion 0
236 0 640 0 640 69 236 69 severe-corrosion 0
236 295 417 295 417 320 236 320 moderate-corrosion 0
475 189 503 189 503 221 475 221 mild-corrosion 0
131 320 155 320 155 640 131 640 severe-corrosion 0
173 434 219 434 219 511 173 511 mild-corrosion 0
0 320 82 320 82 640 0 640 severe-corrosion 0
204 365 228 365 228 389 204 389 mild-corrosion 0
400 320 640 320 640 422 400 422 severe-corrosion 0
274 535 388 535 388 581 274 581 moderate-corrosion 0
274 586 417 586 417 640 274 640 severe-corrosion 0