344.99960994035064 199.56347240686102 381.87319586948433 249.43831445411308 307.5101200991048 304.41341684989305 270.63699999991513 254.5389999999908 severe-corrosion 0
172.2261928554508 164.407871875412 95.86099999993166 71.85099999998654 279.36523732998467 -79.55111911162024 355.7302939980582 13.005392859601042 moderate-corrosion 0
12.260314020095393 68.08198648447305 118.0573192074371 69.32042428210872 115.8208584626118 260.3733805522558 10.023854603641666 259.1349567858827 moderate-corrosion 0
-7.7508852026221575 46.65365709648696 16.362999999983003 18.080999999991086 76.30677658125933 68.67045644918048 52.192946744689834 97.24306310245044 moderate-corrosion 0
418.7265680002747 121.9909940016528 412.516864312056 149.697850664325 352.3680005472852 136.2172199299813 358.57776286306034 108.51044068065706 moderate-corrosion 0
640.0014742375788 299.99999999999994 490.6023879361601 299.99999999999994 490.6036311896605 197.13299999999998 639.9999062900315 197.13300000000004 severe-corrosion 0
66 558 203 558 203 640 66 640 severe-corrosion 0
256 301 345 301 345 640 256 640 severe-corrosion 0
12 578 66 578 66 640 12 640 severe-corrosion 0
0 400 22 400 22 432 0 432 mild-corrosion 0
108 422 128 422 128 456 108 456 mild-corrosion 0
143 300 180 300 180 557 143 557 moderate-corrosion 0
47 300 79 300 79 543 47 543 mild-corrosion 0
345 300 640 300 640 560.264 345 560.264 severe-corrosion 0