-32.6905970532971 208.91172310362677 94.48428697527561 57.36623202975785 302.442680389795 231.87747896838562 175.2712799696019 383.4195212732794 severe-corrosion 0
148.474 349.259 305.939 349.259 305.939 435 148.474 435 severe-corrosion 0
344.9995413781289 100.34937964807818 390.077372694941 161.3233888516565 284.6033024993085 239.2975188513455 239.52600000004168 178.3240000000011 severe-corrosion 0
319.61799310440256 137.0790663379577 300.52042524301214 129.6736035688565 325.6939964545745 64.75546743720403 344.79147652411484 72.16091136959069 moderate-corrosion 0
345 -5.986942081946334e-7 345.00000019048457 13.000000062854646 322.8049994765024 12.999999544050201 322.80500000000757 2.156217289364673e-11 moderate-corrosion 0
68.392 0 248.034 0 248.034 83 68.392 83 moderate-corrosion 0
0 0 83 0 83 181 0 181 moderate-corrosion 0
120.73744643457758 434.9999732356833 65.72671417510719 438.29793436184303 62.69112226043944 387.66293537969324 117.70100000001548 384.3650000000003 severe-corrosion 0
438 0 545 0 545 195 438 195 severe-corrosion 0
345 0 406 0 406 188 345 188 moderate-corrosion 0
539 209 640 209 640 435 539 435 severe-corrosion 0
129 607 151 607 151 626 129 626 mild-corrosion 0
241 610 261 610 261 627 241 627 mild-corrosion 0
163 556 179 556 179 572 163 572 mild-corrosion 0
181 490 193 490 193 506 181 506 mild-corrosion 0
196 516 229 516 229 553 196 553 mild-corrosion 0
201 576 218 576 218 594 201 594 mild-corrosion 0
156 620 177 620 177 640 156 640 mild-corrosion 0
259 542 286 542 286 572 259 572 mild-corrosion 0
247 571 263 571 263 588 247 588 mild-corrosion 0
100 527 125 527 125 549 100 549 mild-corrosion 0
528.1919999999809 435 639.1768338233669 434.2023901050376 640.6560859898309 639.9952851282089 529.6712529890647 640.7928622340371 severe-corrosion 0