524 51 567 51 567 97 524 97 moderate-corrosion 0
640.0036968617496 288.0000000000002 189.8649999999907 288.0000000000002 189.87034840065462 120.12900000000016 639.9970948133705 120.12900000000016 moderate-corrosion 0
311.22599710637587 -0.00007148321817499003 311.2261268954171 113.21903399769107 213.45891369848687 113.21893385241108 213.45900485452148 0.000001740574635086211 severe-corrosion 0
242.12520527624292 88.2632672692295 226.59692692599492 148.41522240546564 127.28857555091963 122.77857380958812 142.81701681567938 62.626836018666566 severe-corrosion 0
569.7880253941548 18.887710300855915 571.8298590659106 45.662218598056114 527.0058172438439 49.080492711324844 524.9640000000363 22.30599999996532 moderate-corrosion 0
72.45060840825317 305.5615372766051 89.80278087110491 351.1233102086003 16.24412094897707 379.1350400352909 -1.1075109394732863 333.5737262085596 severe-corrosion 0
139.99953220212774 403.72368648466977 153.36354019513237 526.9479751864951 0 543.5740000000251 -13.360355697441264 420.3530609745567 severe-corrosion 0
489.5177463721484 336.48050073091724 527.0118593841471 410.28724549928063 440.1130293380993 454.4258145417451 402.6201629589923 380.6201387976217 severe-corrosion 0
139.71275117291952 359.0895399728779 161.2525859111338 356.6619711054622 170.20486506837187 436.08672910703297 148.6650352342258 438.5142692687598 severe-corrosion 0
278.1044136422861 555.0035023921788 268.92847438422905 525.6636590603979 372.4618697784899 493.289772821688 381.63815149229777 522.6289998965167 severe-corrosion 0
429.50664340874937 466.39939835777943 452.7119352987211 459.1749285100793 460.96525782537356 485.6805713515264 437.75998176293797 492.9050056776819 moderate-corrosion 0
210.3252530458849 429.27597687945195 199.64763689502433 430.25157980408784 190.2386855718214 327.2835892654206 200.91599999999744 326.3080000000007 moderate-corrosion 0