-38.151609123524395 215.8313599176093 1.8959847594669554 82.62865919902337 216.76864410561393 147.228375953388 176.72331675370515 280.4292250054855 severe-corrosion 0
377.99433705840784 308.13551515273184 295.8263310675102 301.559731748432 300.9207854133274 237.91453773063472 383.0877415632858 244.49027911069572 severe-corrosion 0
510.0405517133913 115.93486177672091 506.1334390326374 135.60334523185853 443.0928451650834 123.08043089969948 446.9999999999709 103.41199999999807 severe-corrosion 0
639.9566115607013 124.55704217915213 669.2640944066079 263.67266745798133 520.7557847257704 294.9560092647105 491.4502192634245 155.8420767226723 severe-corrosion 0
293.00185371685075 640 85.55937368480954 640.0000000000001 85.56726750874077 483.7890000000001 292.9961612491752 483.7890000000001 severe-corrosion 0
198.92952031332243 404.07929110296953 220.71556277725904 397.7737276905583 240.51296364974405 466.16552341911165 218.72695154859684 472.47101402320226 severe-corrosion 0
156 377 190 377 190 446 156 446 mild-corrosion 0
0 377 151.046 377 151.046 640 0 640 moderate-corrosion 0
322 596 338 596 338 616 322 616 moderate-corrosion 0
356 602 405 602 405 620 356 620 mild-corrosion 0
306 462 360 462 360 574 306 574 moderate-corrosion 0
371 509 431 509 431 543 371 543 moderate-corrosion 0
368 476 440 476 440 501 368 501 mild-corrosion 0
448.5118264762423 467.1018836554016 414.09340720776527 459.0480670046758 435.05444967107906 369.48471494989326 469.47192267878563 377.53841615658746 severe-corrosion 0