0 0 300 0 300 326 0 326 severe-corrosion 0
355 0 437 0 437 103 355 103 severe-corrosion 0
534 0 595 0 595 29 534 29 moderate-corrosion 0
391 169 440 169 440 231 391 231 mild-corrosion 0
314 88 341 88 341 141 314 141 mild-corrosion 0
304 0 340 0 340 41 304 41 mild-corrosion 0
300.001876642782 435.211 172.56270746758673 435.2110000000002 172.564890479116 326.0000000000001 300 326 severe-corrosion 0
4 585 46 585 46 640 4 640 moderate-corrosion 0
243 472 277 472 277 590 243 590 mild-corrosion 0
165 612 215 612 215 640 165 640 moderate-corrosion 0
111 560 133 560 133 590 111 590 moderate-corrosion 0
107 634 123 634 123 640 107 640 moderate-corrosion 0
0 326 238.046 326 238.046 568.118 0 568.118 moderate-corrosion 0
309.30200000002515 325.9999999999975 444.62621192804363 314.20308310783525 447.3891940417525 345.89513125650734 312.0649858026445 357.69200123765165 mild-corrosion 0