52 102 84 102 84 176 52 176 corrosion 0
279 32 307 32 307 61 279 61 corrosion 0
237 135 276 135 276 236 237 236 corrosion 0
222 247 248 247 248 283 222 283 corrosion 0
116 224 132 224 132 244 116 244 corrosion 0
105 253 141 253 141 309 105 309 corrosion 0
60 255 134 255 134 401 60 401 corrosion 0
117 367 164 367 164 433 117 433 corrosion 0
110 456 138 456 138 506 110 506 corrosion 0
79 482 131 482 131 570 79 570 corrosion 0
29 378 51 378 51 424 29 424 corrosion 0
56 523 74 523 74 573 56 573 corrosion 0
33 269 51 269 51 311 33 311 corrosion 0
0 247 31 247 31 313 0 313 corrosion 0
130 165 160 165 160 191 130 191 corrosion 0
173 31 179 31 179 56 173 56 corrosion 0
261 66 295 66 295 124 261 124 corrosion 0
285 192 303 192 303 223 285 223 corrosion 0
152 270 166 270 166 301 152 301 corrosion 0
198 234 210 234 210 258 198 258 corrosion 0
387 132 536 132 536 344 387 344 corrosion 0
550 230 626 230 626 348 550 348 corrosion 0
616 150 640 150 640 228 616 228 corrosion 0
614 11 632 11 632 53 614 53 corrosion 0
569 349 640 349 640 485 569 485 corrosion 0
149 353 521 353 521 589 149 589 corrosion 0
173 219 206 219 206 280 173 280 corrosion 0
150 233 344 233 344 592 150 592 corrosion 0
314 175 344 175 344 213 314 213 corrosion 0
44 424 94 424 94 484 44 484 corrosion 0
336 197 380 197 380 265 336 265 corrosion 0
552 388 568 388 568 448 552 448 corrosion 0
296 78 322 78 322 153 296 153 corrosion 0