238 82 438 82 438 202 238 202 corrosion 0
463 379 499 379 499 465 463 465 corrosion 0
439 45 528 45 528 107 439 107 corrosion 0
308 295 402 295 402 516 308 516 corrosion 0
409 334 434 334 434 383 409 383 corrosion 0
236 480 288 480 288 530 236 530 corrosion 0
307 533 429 533 429 582 307 582 corrosion 0
165 475 183 475 183 503 165 503 corrosion 0
455 188 469 188 469 242 455 242 corrosion 0
510 189 528 189 528 219 510 219 corrosion 0
535 167 568 167 568 193 535 193 corrosion 0
627 602 640 602 640 633 627 633 corrosion 0
544 578 567 578 567 597 544 597 corrosion 0