90 139 122 139 122 191 90 191 corrosion 0
157 94 179 94 179 124 157 124 corrosion 0
151 126 171 126 171 161 151 161 corrosion 0
0 77 14 77 14 104 0 104 corrosion 0
35 215 89 215 89 357 35 357 corrosion 0
6 172 28 172 28 204 6 204 corrosion 0
33 115 78 115 78 211 33 211 corrosion 0
198 427 216 427 216 466 198 466 corrosion 0
151 436 173 436 173 472 151 472 corrosion 0
93 299 155 299 155 363 93 363 corrosion 0
24 442 52 442 52 488 24 488 corrosion 0
34 507 64 507 64 566 34 566 corrosion 0
71 490 129 490 129 558 71 558 corrosion 0
117 441 137 441 137 477 117 477 corrosion 0
115 542 140 542 140 594 115 594 corrosion 0
36 568 70 568 70 602 36 602 corrosion 0
0 598 33 598 33 640 0 640 corrosion 0
0 562 4 562 4 596 0 596 corrosion 0
139 164 623 164 623 414 139 414 corrosion 0
233 419 483 419 483 487 233 487 corrosion 0
154 493 210 493 210 640 154 640 corrosion 0
214 488 258 488 258 618 214 618 corrosion 0
262 486 302 486 302 598 262 598 corrosion 0
304 489 352 489 352 569 304 569 corrosion 0
357 493 403 493 403 551 357 551 corrosion 0
406 490 450 490 450 524 406 524 corrosion 0
489 417 593 417 593 465 489 465 corrosion 0
562 553 570 553 570 640 562 640 corrosion 0
502 476 512 476 512 510 502 510 corrosion 0
230 123 464 123 464 166 230 166 corrosion 0
338 70 379 70 379 127 338 127 corrosion 0
227 90 266 90 266 137 227 137 corrosion 0
387 78 453 78 453 130 387 130 corrosion 0
475 68 597 68 597 166 475 166 corrosion 0
494 525 541 525 541 593 494 593 corrosion 0
468 591 483 591 483 640 468 640 corrosion 0
196 82 219 82 219 118 196 118 corrosion 0
201 61 227 61 227 82 201 82 corrosion 0
95 61 117 61 117 71 95 71 corrosion 0
299 65 335 65 335 125 299 125 corrosion 0
0 341 20 341 20 395 0 395 corrosion 0
60 614 90 614 90 640 60 640 corrosion 0
32 361 100 361 100 437 32 437 corrosion 0