126 170 240 170 240 296 126 296 corrosion 0
243 82 343 82 343 234 243 234 corrosion 0
339 228 445 228 445 346 339 346 corrosion 0
344 96 362 96 362 226 344 226 corrosion 0
364 113 376 113 376 222 364 222 corrosion 0
377 122 390 122 390 228 377 228 corrosion 0
390 142 401 142 401 228 390 228 corrosion 0
403 176 425 176 425 226 403 226 corrosion 0
425 197 433 197 433 225 425 225 corrosion 0
206 91 238 91 238 173 206 173 corrosion 0
163 158 208 158 208 170 163 170 corrosion 0
317 237 339 237 339 265 317 265 corrosion 0
241 227 259 227 259 263 241 263 corrosion 0