0 381.9859999999739 -5.097125015454367 176.86024521282928 311.830825326324 168.98313722286127 316.93448912585154 374.10233026456814 severe-corrosion 0
283 140 311 140 311 193 283 193 moderate-corrosion 0
290 50 306 50 306 82 290 82 mild-corrosion 0
558 0 586 0 586 50 558 50 mild-corrosion 0
553 73 567 73 567 90 553 90 mild-corrosion 0
534 319 561 319 561 391 534 391 mild-corrosion 0
543 277 561 277 561 299 543 299 mild-corrosion 0
0 435 254 435 254 640 0 640 severe-corrosion 0
425 618 462 618 462 640 425 640 moderate-corrosion 0
375 569 401 569 401 591 375 591 moderate-corrosion 0
554 497 588 497 588 533 554 533 moderate-corrosion 0
521 611 547 611 547 626 521 626 mild-corrosion 0
351 621 360 621 360 631 351 631 mild-corrosion 0