252.71474520879565 195.79142340172066 196.2677741344669 265.8905693696534 79.45111617678776 171.82613514066847 135.8977880171733 101.72762656055153 severe-corrosion 0
36.84202547374298 101.32300142875181 11.481937297648983 99.9006229930226 14.228000000002794 50.9409999999987 39.5880169623706 52.363376415702376 moderate-corrosion 0
639.9999999994907 -0.0004416206848651926 640.0007463450311 224.00030249008236 512.5976861775416 223.99977843822404 512.5981032401614 0.00001992452230412871 severe-corrosion 0
0 405 73 405 73 520 0 520 moderate-corrosion 0
131 399 155 399 155 417 131 417 mild-corrosion 0
52 323 100 323 100 349 52 349 mild-corrosion 0
92 237 125 237 125 272 92 272 mild-corrosion 0
230 408 261 408 261 448 230 448 mild-corrosion 0
470 417 617 417 617 481 470 481 mild-corrosion 0
386 468 400 468 400 486 386 486 mild-corrosion 0
350 490 399 490 399 514 350 514 mild-corrosion 0
376 418 433 418 433 435 376 435 mild-corrosion 0