35 360 91 360 91 640 35 640 severe-corrosion 0
93 217 114 217 114 611 93 611 severe-corrosion 0
118 340 190 340 190 565 118 565 severe-corrosion 0
302 306 330 306 330 402 302 402 moderate-corrosion 0
298 423 328 423 328 544 298 544 moderate-corrosion 0
258 84 294 84 294 149 258 149 moderate-corrosion 0
248 148 303 148 303 330 248 330 moderate-corrosion 0
295 182 335 182 335 270 295 270 moderate-corrosion 0
300 113 340 113 340 182 300 182 moderate-corrosion 0
424 220 459 220 459 294 424 294 mild-corrosion 0
237 562 255 562 255 598 237 598 mild-corrosion 0
304 545 342 545 342 630 304 630 mild-corrosion 0
419 536 456 536 456 639 419 639 mild-corrosion 0
509 484 532 484 532 542 509 542 mild-corrosion 0
619 1 640 1 640 320 619 320 mild-corrosion 0
622 337 640 337 640 631 622 631 mild-corrosion 0