252 0 316 0 316 307 252 307 severe-corrosion 0
162 0 197 0 197 307 162 307 moderate-corrosion 0
364 228 408 228 408 246 364 246 mild-corrosion 0
374 136 434 136 434 170 374 170 moderate-corrosion 0
371 103 443 103 443 128 371 128 mild-corrosion 0
451.5115967521706 94.10241256874707 417.09366629002034 86.04760437457946 438.9694448624505 -7.42636199859743 473.38726996604237 0.6284330359683256 severe-corrosion 0
0 543.5300000000201 -2.8329664911871077 514.0639429553105 233.26384265732486 491.366708444271 236.09799360085162 520.8313296254004 severe-corrosion 0
0 307 364 307 364 597.894 0 597.894 severe-corrosion 0
322 307 335 307 335 322 322 322 mild-corrosion 0
306 469 324 469 324 483 306 483 mild-corrosion 0
306 579 314 579 314 593 306 593 mild-corrosion 0
269 593 276 593 276 607 269 607 mild-corrosion 0
364 539.549 640 539.549 640 640 364 640 severe-corrosion 0