351 281 380 281 380 437 351 437 Rust 0
124 268 159 268 159 565 124 565 Rust 0
80 8 129 8 129 482 80 482 Rust 0
288 41 326 41 326 338 288 338 Rust 0
267 43 294 43 294 197 267 197 Rust 0
175 8 195 8 195 113 175 113 Rust 0
153 8 174 8 174 144 153 144 Rust 0
198 10 216 10 216 90 198 90 Rust 0
53 250 84 250 84 460 53 460 Rust 0
162 522 187 522 187 639 162 639 Rust 0
295 417 318 417 318 509 295 509 Rust 0
363 16 435 16 435 229 363 229 Rust 0
424 17 529 17 529 640 424 640 Rust 0
510 334 615 334 615 640 510 640 Rust 0
532 21 640 21 640 291 532 291 Rust 0
317 369 330 369 330 406 317 406 Rust 0
189 526 204 526 204 579 189 579 Rust 0
195 600 206 600 206 635 195 635 Rust 0
114 533 133 533 133 561 114 561 Rust 0
103 6 134 6 134 175 103 175 Rust 0
57 4 107 4 107 466 57 466 Rust 0
0 2 69 2 69 198 0 198 Rust 0
33 274 54 274 54 429 33 429 Rust 0
215 8 274 8 274 196 215 196 rust 0