310 0 396 0 396 422 310 422 severe-corrosion 0
396 0 640 0 640 422 396 422 severe-corrosion 0
265.4668056660739 560.475469205019 265.2308296029514 582.9690289588957 146.8135616935615 581.7249477548272 147.0500981483201 559.2319456772819 moderate-corrosion 0
321 537.266 338.511 537.266 338.511 551 321 551 mild-corrosion 0
457.9391096744075 591.375678276486 447.031245672988 507.31941782630486 639.2978605085227 482.37373628014694 650.2084527370607 566.4265832893002 severe-corrosion 0
531 615 558 615 558 640 531 640 moderate-corrosion 0
608 625 623 625 623 640 608 640 moderate-corrosion 0
587 422 640 422 640 469 587 469 severe-corrosion 0
590 557 609 557 609 585 590 585 mild-corrosion 0
586 606 595 606 595 618 586 618 mild-corrosion 0
402 466 424 466 424 481 402 481 mild-corrosion 0