0 81 110 81 110 121 0 121 severe-corrosion 0
0 18 108 18 108 61 0 61 severe-corrosion 0
384 0 586.144 0 586.144 224 384 224 severe-corrosion 0
429.29628586418403 622.5194723761942 241.98171921823814 694.8062028570628 80.90913672713214 277.4646270447284 268.2015203669289 205.18234743995498 corroded-part 0
384 224 599 224 599 272 384 272 severe-corrosion 0
463 379 569 379 569 447 463 447 severe-corrosion 0
436 455 547 455 547 486 436 486 severe-corrosion 0
586 224 629 224 629 640 586 640 severe-corrosion 0
474 493 539 493 539 517 474 517 moderate-corrosion 0
525 518 565 518 565 542 525 542 moderate-corrosion 0
391 319 463 319 463 341 391 341 mild-corrosion 0