235 501 516 501 516 629 235 629 rust 0
627 0 640 0 640 254 627 254 rust 0
593 0 624 0 624 244 593 244 rust 0
550 0 589 0 589 242 550 242 rust 0
535 0 554 0 554 281 535 281 rust 0
281 329 311 329 311 475 281 475 rust 0
319 141 347 141 347 464 319 464 rust 0
113 183 141 183 141 497 113 497 rust 0
10 10 36 10 36 190 10 190 rust 0
203 0 217 0 217 43 203 43 rust 0
391 36 422 36 422 128 391 128 rust 0
607 403 632 403 632 485 607 485 rust 0
538 303 563 303 563 497 538 497 rust 0
157 31 183 31 183 421 157 421 rust 0
54 0 73 0 73 38 54 38 rust 0
1 82 8 82 8 169 1 169 rust 0