249 245 473 245 473 332 249 332 severe-corrosion 0
0 89 97 89 97 129 0 129 moderate-corrosion 0
123 88 237 88 237 134 123 134 moderate-corrosion 0
0 0 116 0 116 82 0 82 severe-corrosion 0
123 0 266 0 266 81 123 81 severe-corrosion 0
240.00199999543838 640.0005509680755 240.00409009378927 377.99962940358455 264.7138851037744 378.00024414515633 264.7129999999743 640.0000000000148 severe-corrosion 0
279.4099999999162 640.0000427266754 279.41015224714647 583.999979927068 287.00005577280535 584.0000331160613 286.9999999999709 639.9999999999749 severe-corrosion 0
318.8087361295038 639.993986600698 293.21524780891195 640.1842882985453 290.92499999998836 331.99999999999994 316.5155841460364 331.80970923209816 severe-corrosion 0
459.889092264566 514.9043158640561 480.32362265621487 517.0891886763637 471.75452479066735 597.2158364443878 451.3199999999779 595.0309999999998 severe-corrosion 0
569 603 621 603 621 640 569 640 severe-corrosion 0
516 465 558 465 558 528 516 528 moderate-corrosion 0
550 629 572 629 572 640 550 640 moderate-corrosion 0
622 440 640 440 640 470 622 470 moderate-corrosion 0
619 515 635 515 635 541 619 541 moderate-corrosion 0