12 513 44 513 44 636 12 636 severe-corrosion 0
56 518 93 518 93 636 56 636 severe-corrosion 0
99 525 133 525 133 636 99 636 severe-corrosion 0
143 506 179 506 179 637 143 637 severe-corrosion 0
182 506 222 506 222 637 182 637 severe-corrosion 0
229 521 261 521 261 637 229 637 severe-corrosion 0
273 461 302 461 302 638 273 638 severe-corrosion 0
356 471 392 471 392 637 356 637 severe-corrosion 0
402 529 433 529 433 640 402 640 severe-corrosion 0
441 517 470 517 470 639 441 639 severe-corrosion 0
482 465 513 465 513 637 482 637 severe-corrosion 0
515 431 547 431 547 633 515 633 severe-corrosion 0
569 435 600 435 600 639 569 639 severe-corrosion 0
610 466 639 466 639 640 610 640 severe-corrosion 0
150 4 184 4 184 327 150 327 severe-corrosion 0
25 260 53 260 53 363 25 363 severe-corrosion 0
10 423 46 423 46 446 10 446 severe-corrosion 0
56 421 93 421 93 455 56 455 severe-corrosion 0
235 226 263 226 263 400 235 400 severe-corrosion 0
280 226 304 226 304 349 280 349 severe-corrosion 0
317 232 349 232 349 374 317 374 severe-corrosion 0
356 109 404 109 404 395 356 395 severe-corrosion 0
112 12 136 12 136 163 112 163 severe-corrosion 0
109 168 149 168 149 300 109 300 severe-corrosion 0
68 186 94 186 94 262 68 262 severe-corrosion 0
574 172 602 172 602 356 574 356 severe-corrosion 0
312 461 346 461 346 639 312 639 severe-corrosion 0
407 229 450 229 450 446 407 446 severe-corrosion 0
486 8 514 8 514 400 486 400 severe-corrosion 0
530 162 556 162 556 404 530 404 severe-corrosion 0
189 184 221 184 221 339 189 339 severe-corrosion 0
187 389 221 389 221 497 187 497 moderate-corrosion 0
140 419 173 419 173 496 140 496 moderate-corrosion 0
102 428 126 428 126 518 102 518 moderate-corrosion 0
19 464 39 464 39 490 19 490 severe-corrosion 0
114 348 131 348 131 389 114 389 moderate-corrosion 0
408 1 476 1 476 215 408 215 severe-corrosion 0
620 211 640 211 640 356 620 356 moderate-corrosion 0
278 26 304 26 304 74 278 74 moderate-corrosion 0
284 135 304 135 304 204 284 204 moderate-corrosion 0
236 41 260 41 260 85 236 85 moderate-corrosion 0
455 227 481 227 481 417 455 417 severe-corrosion 0
574 54 597 54 597 166 574 166 moderate-corrosion 0
622 68 637 68 637 98 622 98 moderate-corrosion 0
515 49 553 49 553 159 515 159 moderate-corrosion 0
68 62 92 62 92 114 68 114 moderate-corrosion 0
26 37 44 37 44 59 26 59 moderate-corrosion 0
71 269 90 269 90 295 71 295 moderate-corrosion 0
74 310 89 310 89 336 74 336 moderate-corrosion 0
404 449 434 449 434 509 404 509 moderate-corrosion 0
441 463 467 463 467 507 441 507 moderate-corrosion 0
476 425 508 425 508 456 476 456 moderate-corrosion 0