72 301 143 301 143 633 72 633 severe-corrosion 0
163 417 225 417 225 639 163 639 severe-corrosion 0
242 394 300 394 300 637 242 637 severe-corrosion 0
325 291 387 291 387 635 325 635 severe-corrosion 0
389 222 453 222 453 625 389 625 severe-corrosion 0
497 230 559 230 559 639 497 639 severe-corrosion 0
578 291 636 291 636 639 578 639 severe-corrosion 0
0 0 58 0 58 107 0 107 severe-corrosion 0
71 0 167 0 167 148 71 148 severe-corrosion 0
508 0 564 0 564 74 508 74 severe-corrosion 0
0 280 52 280 52 637 0 637 severe-corrosion 0
173 0 259 0 259 249 173 249 severe-corrosion 0
332 0 388 0 388 160 332 160 severe-corrosion 0
418 0 470 0 470 166 418 166 severe-corrosion 0
597 0 640 0 640 71 597 71 moderate-corrosion 0
268 0 324 0 324 191 268 191 severe-corrosion 0
167 258 227 258 227 378 167 378 moderate-corrosion 0
241 287 292 287 292 376 241 376 moderate-corrosion 0
313 209 377 209 377 271 313 271 moderate-corrosion 0