299 6 367 6 367 640 299 640 severe-corrosion 0
49 517 105 517 105 640 49 640 severe-corrosion 0
471 449 527 449 527 640 471 640 severe-corrosion 0
560 449 609 449 609 640 560 640 severe-corrosion 0
634 464 640 464 640 640 634 640 severe-corrosion 0
223 25 272 25 272 327 223 327 severe-corrosion 0
217 337 297 337 297 601 217 601 severe-corrosion 0
135 372 187 372 187 523 135 523 severe-corrosion 0
375 366 439 366 439 640 375 640 severe-corrosion 0
556 53 608 53 608 149 556 149 moderate-corrosion 0
567 270 607 270 607 408 567 408 moderate-corrosion 0
472 81 520 81 520 169 472 169 moderate-corrosion 0
135 125 183 125 183 227 135 227 moderate-corrosion 0
52 75 88 75 88 118 52 118 moderate-corrosion 0
141 537 179 537 179 591 141 591 moderate-corrosion 0
145 618 176 618 176 640 145 640 moderate-corrosion 0