43 44 326 44 326 101 43 101 severe-corrosion 0
0 47 51 47 51 207 0 207 severe-corrosion 0
0 149 206 149 206 263 0 263 severe-corrosion 0
556.756332570003 276.3637009720791 449.8456145943055 278.73895432507476 443.66895929742896 0.6309343988497083 550.5752332590782 -1.7442593451820905 corroded-part 0
34 303 148 303 148 349 34 349 moderate-corrosion 0
0 353 27 353 27 554 0 554 severe-corrosion 0
35 355 178 355 178 551 35 551 severe-corrosion 0
342 318 374 318 374 354 342 354 severe-corrosion 0
326 341 344 341 344 395 326 395 severe-corrosion 0
329 411 391 411 391 455 329 455 severe-corrosion 0
411 367 424 367 424 383 411 383 severe-corrosion 0
467 370 533 370 533 440 467 440 severe-corrosion 0
377 532 393 532 393 557 377 557 severe-corrosion 0
529 585 550 585 550 601 529 601 moderate-corrosion 0
555 463 580 463 580 501 555 501 moderate-corrosion 0
379 577 396 577 396 603 379 603 mild-corrosion 0
326 527 345 527 345 551 326 551 mild-corrosion 0
432 300 442 300 442 304 432 304 mild-corrosion 0
481 569 499 569 499 581 481 581 mild-corrosion 0
542 428 558 428 558 451 542 451 moderate-corrosion 0