0 4 384 4 384 124 0 124 severe-corrosion 0
0 283 169 283 169 313 0 313 severe-corrosion 0
160 177 372 177 372 313 160 313 severe-corrosion 0
6 121 384 121 384 235 6 235 severe-corrosion 0
327 423 345 423 345 452 327 452 moderate-corrosion 0
142 527 183 527 183 593 142 593 moderate-corrosion 0
199 549 219 549 219 592 199 592 moderate-corrosion 0
23 411 47 411 47 457 23 457 moderate-corrosion 0
370 550 378 550 378 568 370 568 mild-corrosion 0
338 526 351 526 351 542 338 542 mild-corrosion 0
232 551 253 551 253 580 232 580 mild-corrosion 0
176 611 184 611 184 625 176 625 mild-corrosion 0
0 521 8 521 8 549 0 549 mild-corrosion 0
17 552 26 552 26 569 17 569 mild-corrosion 0
308 569 323 569 323 585 308 585 mild-corrosion 0
256 532 271 532 271 550 256 550 mild-corrosion 0
236 426 249 426 249 453 236 453 mild-corrosion 0
55 413 69 413 69 436 55 436 mild-corrosion 0
28 335 53 335 53 368 28 368 mild-corrosion 0
24 319 34 319 34 335 24 335 mild-corrosion 0
0 320 14 320 14 345 0 345 mild-corrosion 0
265 366 275 366 275 378 265 378 mild-corrosion 0
6 399 14 399 14 411 6 411 mild-corrosion 0
46 551 54 551 54 564 46 564 mild-corrosion 0
41 619 47 619 47 627 41 627 mild-corrosion 0
306 443 318 443 318 454 306 454 mild-corrosion 0
358 408 376 408 376 424 358 424 mild-corrosion 0
211 400 219 400 219 411 211 411 mild-corrosion 0
133 445 143 445 143 451 133 451 mild-corrosion 0
130 525 138 525 138 536 130 536 mild-corrosion 0
131 605 137 605 137 621 131 621 mild-corrosion 0
334 317 342 317 342 325 334 325 mild-corrosion 0
348 486 360 486 360 502 348 502 mild-corrosion 0
277 313 283 313 283 323 277 323 mild-corrosion 0
83 353 95 353 95 371 83 371 mild-corrosion 0
0 585 3 585 3 597 0 597 mild-corrosion 0
606 606 630 606 630 625 606 625 mild-corrosion 0