205 25 339 25 339 82 205 82 severe-corrosion 0
1 29 213 29 213 189 1 189 severe-corrosion 0
0 130 339 130 339 244 0 244 severe-corrosion 0
0 0 235 0 235 22 0 22 severe-corrosion 0
339 225 351 225 351 249 339 249 moderate-corrosion 0
477 127 493 127 493 146 477 146 moderate-corrosion 0
478 0 493 0 493 3 478 3 mild-corrosion 0
535 126 563 126 563 151 535 151 mild-corrosion 0
533 60 559 60 559 88 533 88 mild-corrosion 0
601 159 623 159 623 195 601 195 mild-corrosion 0
434 120 442 120 442 134 434 134 mild-corrosion 0
469 50 475 50 475 58 469 58 mild-corrosion 0
0 342 65 342 65 640 0 640 severe-corrosion 0
162 417 224 417 224 541 162 541 moderate-corrosion 0
19 249 68 249 68 276 19 276 mild-corrosion 0
304 404 336 404 336 640 304 640 moderate-corrosion 0
244 422 296 422 296 640 244 640 mild-corrosion 0
334 286 339 286 339 330 334 330 mild-corrosion 0
339 390.408 640 390.408 640 640 339 640 severe-corrosion 0
432 415 444 415 444 429 432 429 moderate-corrosion 0
462.72043355311325 442.89375726976255 467.8712543695292 465.38379712335484 396.2096982298681 481.7930513337724 391.059205325364 459.303296478015 moderate-corrosion 0
387.2559388420632 272.404235221469 414.85475564513763 297.01727136832767 370.9906408014649 346.1988509342348 343.39200000002165 321.5859999999896 mild-corrosion 0