10 369 138 369 138 458 10 458 severe-corrosion 0
255 104 326 104 326 168 255 168 severe-corrosion 0
47 62 236 62 236 173 47 173 severe-corrosion 0
0 117 144 117 144 262 0 262 severe-corrosion 0
0 247 110 247 110 398 0 398 severe-corrosion 0
351.2361661804607 417.19894579033905 333.12887740270526 423.1057131010436 320.33091482677264 383.8777316272347 338.437999999951 377.9710000000111 mild-corrosion 0
326 239.973 460.607 239.973 460.607 385.985 326 385.985 moderate-corrosion 0
362.87636709341314 91.99878820841681 376.3199999999779 33.76500000003086 447.4307425398001 50.18130756196339 433.9872400656168 108.41498195894765 moderate-corrosion 0
640.000283016052 299.11300000000006 596.470907503608 299.11300000000006 596.4712981899356 219.87399999999997 640 219.87399999999997 moderate-corrosion 0
425.84651222066896 209.1664718392083 428.0779154490301 180.88429383534202 472.4095293987921 184.38183382566598 470.17822458961746 212.66392031624233 moderate-corrosion 0
367.2060479290667 189.82000350836142 335.82237870075915 187.5227473594996 338.50342187965 150.89782222717915 369.8869465138705 153.19507308330213 moderate-corrosion 0
504.20899999997346 640.0000000000238 504.2098032514332 604.7811835108761 567.3400331487937 604.7823876794495 567.339744632045 640.0006906776782 severe-corrosion 0