173 0 281 0 281 63 173 63 severe-corrosion 0
0 8 270 8 270 153 0 153 severe-corrosion 0
0 138 236 138 236 204 0 204 severe-corrosion 0
41 610 64 610 64 640 41 640 moderate-corrosion 0
538 508 626 508 626 573 538 573 moderate-corrosion 0
521 610 640 610 640 640 521 640 moderate-corrosion 0
360 560 466 560 466 640 360 640 moderate-corrosion 0
295 508 370 508 370 543 295 543 moderate-corrosion 0
302 633 324 633 324 640 302 640 moderate-corrosion 0
281 292 306 292 306 348 281 348 moderate-corrosion 0
438 294 558 294 558 332 438 332 moderate-corrosion 0
537 358 611 358 611 418 537 418 moderate-corrosion 0
446 433 492 433 492 461 446 461 moderate-corrosion 0
389 204 445 204 445 219 389 219 moderate-corrosion 0
299 362 395 362 395 418 299 418 moderate-corrosion 0
554.1208930348512 192.081772422287 563.5235413990449 205.22989906254 422.7417186435923 305.90204197020336 413.3393000086653 292.7541243492183 moderate-corrosion 0
528 435 580 435 580 464 528 464 mild-corrosion 0
463 472 488 472 488 492 463 492 mild-corrosion 0