117 325 245 325 245 384 117 384 severe-corrosion 0
19 19 208 19 208 129 19 129 severe-corrosion 0
110 74 294 74 294 219 110 219 severe-corrosion 0
145 204 294 204 294 355 145 355 severe-corrosion 0
294 278 412 278 412 341 294 341 severe-corrosion 0
294 50 640 50 640 151 294 151 severe-corrosion 0
294 0 640 0 640 49 294 49 severe-corrosion 0
125 516 166 516 166 582 125 582 moderate-corrosion 0
182 517 202 517 202 560 182 560 moderate-corrosion 0
215 530 236 530 236 559 215 559 mild-corrosion 0
217 417 233 417 233 441 217 441 mild-corrosion 0
189 431 207 431 207 453 189 453 mild-corrosion 0
159 485 167 485 167 499 159 499 mild-corrosion 0
0 540 8 540 8 557 0 557 mild-corrosion 0
239 558 254 558 254 576 239 576 mild-corrosion 0
34 450 44 450 44 472 34 472 mild-corrosion 0
49 412 69 412 69 430 49 430 mild-corrosion 0
10 431 20 431 20 445 10 445 mild-corrosion 0
29 546 37 546 37 559 29 559 mild-corrosion 0
24 483 30 483 30 491 24 491 mild-corrosion 0
113 574 121 574 121 585 113 585 mild-corrosion 0
114 489 120 489 120 505 114 505 mild-corrosion 0
504.4988706398726 448.8914819572605 452.49361193476943 418.2270720359019 474.4072748009057 381.0681359863974 526.4119933268375 411.7323413833186 severe-corrosion 0
442.5058314915077 467.9087458731138 552.7242917637341 474.403059082031 542.7042355921003 644.4217302510015 432.4857925451215 637.9276476129111 severe-corrosion 0