546 69 640 69 640 640 546 640 severe-corrosion 0
415 52 511 52 511 640 415 640 severe-corrosion 0
279 37 356 37 356 428 279 428 severe-corrosion 0
263 612 300 612 300 640 263 640 mild-corrosion 0
186 544 246 544 246 640 186 640 severe-corrosion 0
187 450 234 450 234 544 187 544 severe-corrosion 0
158 104 220 104 220 252 158 252 severe-corrosion 0
7 3 110 3 110 588 7 588 severe-corrosion 0
163 324 223 324 223 447 163 447 severe-corrosion 0
229 30 264 30 264 147 229 147 severe-corrosion 0
358 388 434 388 434 640 358 640 severe-corrosion 0
329 562 381 562 381 640 329 640 severe-corrosion 0
261 491 300 491 300 578 261 578 moderate-corrosion 0
255 405 289 405 289 456 255 456 mild-corrosion 0
242 302 279 302 279 352 242 352 moderate-corrosion 0
242 201 273 201 273 278 242 278 mild-corrosion 0
237 152 264 152 264 195 237 195 moderate-corrosion 0
187 268 211 268 211 314 187 314 mild-corrosion 0
82 165 188 165 188 560 82 560 moderate-corrosion 0
116 602 174 602 174 640 116 640 mild-corrosion 0
159 21 200 21 200 43 159 43 moderate-corrosion 0
334 43 430 43 430 394 334 394 severe-corrosion 0