191 0 247 0 247 307 191 307 severe-corrosion 0
56 0 108 0 108 257 56 257 severe-corrosion 0
113 217 170 217 170 307 113 307 severe-corrosion 0
7 247 39 247 39 295 7 295 mild-corrosion 0
2 146 36 146 36 192 2 192 moderate-corrosion 0
8 44 34 44 34 118 8 118 mild-corrosion 0
6 0 30 0 30 35 6 35 moderate-corrosion 0
111 0 185 0 185 214 111 214 severe-corrosion 0
639.9999313373701 189.9997681832275 640.000440046424 300.62000000198475 562.0967508394824 300.61959704218765 562.0970160586876 190.00010105525038 severe-corrosion 0
275 47.394 317 47.394 317 130.377 275 130.377 severe-corrosion 0
9.760615980776493 640.0010346842491 9.77515638449404 306.984527585902 275 306.9999999999871 275.0011072187044 639.9999999899123 severe-corrosion 0
275 307 455 307 455 559 275 559 severe-corrosion 0