70 0 126 0 126 236 70 236 severe-corrosion 0
209 40 261 40 261 236 209 236 severe-corrosion 0
336 200 388 200 388 236 336 236 severe-corrosion 0
345 4 397 4 397 121 345 121 severe-corrosion 0
148 0 205 0 205 80 148 80 moderate-corrosion 0
280 3 311 3 311 51 280 51 mild-corrosion 0
283 107 317 107 317 153 283 153 mild-corrosion 0
284 180 310 180 310 236 284 236 mild-corrosion 0
349 137 371 137 371 180 349 180 mild-corrosion 0
133 83 207 83 207 236 133 236 severe-corrosion 0
446.86300000000006 17.442 640 17.442 640 175.212 446.86300000000006 175.212 moderate-corrosion 0
644.8444360046415 211.2894040065715 633.7873280874919 267.689737570386 397.94203656434547 221.45136032615437 409.00000000001455 165.051999999972 severe-corrosion 0
6.672714305386762 584.5404957786063 42.17631371378957 376.2096661407606 401.3032398474752 437.39524467934996 365.81621032113617 645.7113830076096 severe-corrosion 0
388.7629559775087 601.1735275414226 411.8212863922963 535.4765837406808 544.5342662357143 582.0432520813113 521.4783022485062 647.7382044639533 severe-corrosion 0
448 316 500 316 500 504 448 504 moderate-corrosion 0
426 326 440 326 440 348 426 348 mild-corrosion 0
566 515 588 515 588 530 566 530 mild-corrosion 0
529 343 547 343 547 364 529 364 moderate-corrosion 0
630 293 640 293 640 310 630 310 moderate-corrosion 0
409 451 420 451 420 463 409 463 mild-corrosion 0