291 0 326 0 326 300 291 300 severe-corrosion 0
159 0 215 0 215 300 159 300 severe-corrosion 0
24 0 76 0 76 300 24 300 severe-corrosion 0
79 0 153 0 153 300 79 300 severe-corrosion 0
306.65608913914184 188.65011337974298 340.348491806144 -9.203826802290207 573.9995886290853 30.5840936783107 540.3094312715257 228.4360366163527 severe-corrosion 0
91.03162949999387 510.8698243231808 42.011643431396806 413.4771529610004 302.00708274394856 282.6302329039653 351.02750643738545 380.01835370575895 severe-corrosion 0
0 300 36.915 300 36.915 595 0 595 severe-corrosion 0
565 430 618 430 618 502 565 502 severe-corrosion 0
513 430 541 430 541 464 513 464 mild-corrosion 0
459 349 493 349 493 451 459 451 moderate-corrosion 0
398 597 419 597 419 628 398 628 mild-corrosion 0
375 397 391 397 391 456 375 456 mild-corrosion 0
599 300 631 300 631 395 599 395 mild-corrosion 0
601 597 618 597 618 622 601 622 mild-corrosion 0