546 27 640 27 640 640 546 640 severe-corrosion 0
415 21 545 21 545 640 415 640 severe-corrosion 0
280 15 377 15 377 402 280 402 severe-corrosion 0
294 595 334 595 334 640 294 640 mild-corrosion 0
214 532 280 532 280 640 214 640 severe-corrosion 0
210 437 262 437 262 528 210 528 severe-corrosion 0
162 92 231 92 231 236 162 236 severe-corrosion 0
7 3 140 3 140 583 7 583 severe-corrosion 0
180 313 246 313 246 432 180 432 severe-corrosion 0
229 13 270 13 270 128 229 128 severe-corrosion 0
376 362 467 362 467 640 376 640 severe-corrosion 0
357 539 415 539 415 640 357 640 severe-corrosion 0
286 474 330 474 330 559 286 559 moderate-corrosion 0
274 387 311 387 311 436 274 436 mild-corrosion 0
257 285 296 285 296 333 257 333 moderate-corrosion 0
251 184 286 184 286 259 251 259 mild-corrosion 0
244 135 273 135 273 176 244 176 moderate-corrosion 0
200 255 227 255 227 299 200 299 mild-corrosion 0
90 160 216 160 216 548 90 548 moderate-corrosion 0
148 596 209 596 209 640 148 640 mild-corrosion 0
159 9 201 9 201 28 159 28 moderate-corrosion 0
334 17 448 17 448 362 334 362 severe-corrosion 0