0 0 47 0 47 281 0 281 severe-corrosion 0
130 0 182 0 182 281 130 281 severe-corrosion 0
257 93 309 93 309 235 257 235 severe-corrosion 0
205 204 232 204 232 281 205 281 moderate-corrosion 0
203 0 237 0 237 45 203 45 mild-corrosion 0
205 73 231 73 231 147 205 147 mild-corrosion 0
208 156 232 156 232 196 208 196 mild-corrosion 0
270 30 292 30 292 73 270 73 mild-corrosion 0
54 0 128 0 128 281 54 281 severe-corrosion 0
463 0 527 0 527 281 463 281 severe-corrosion 0
373 0 408 0 408 281 373 281 moderate-corrosion 0
0 301.697 308.754 301.697 308.754 640 0 640 severe-corrosion 0
619.9333854705037 280.3910758332424 650.1989571806189 281.5264796326929 637.3851446517801 623.0493801037426 607.1195757335227 621.9140417647595 severe-corrosion 0
326 281 640 281 640 605.192 326 605.192 severe-corrosion 0