298 0 352 0 352 236 298 236 severe-corrosion 0
87 0 253 0 253 230 87 230 severe-corrosion 0
0 0 84 0 84 150 0 150 severe-corrosion 0
617 350 640 350 640 375 617 375 moderate-corrosion 0
457 417 495 417 495 428 457 428 moderate-corrosion 0
454 22 500 22 500 46 454 46 moderate-corrosion 0
352 107 361 107 361 131 352 131 moderate-corrosion 0
352 178 376 178 376 199 352 199 moderate-corrosion 0
594 134 620 134 620 158 594 158 moderate-corrosion 0
610 93 625 93 625 105 610 105 moderate-corrosion 0
623 185 640 185 640 209 623 209 moderate-corrosion 0
546 172 568 172 568 184 546 184 moderate-corrosion 0
604 167 627 167 627 185 604 185 moderate-corrosion 0
560 282 610 282 610 314 560 314 mild-corrosion 0
417 331 475 331 475 349 417 349 mild-corrosion 0
368 363 405 363 405 385 368 385 mild-corrosion 0
354 332 376 332 376 355 354 355 mild-corrosion 0
353 277 373 277 373 289 353 289 mild-corrosion 0
455 255 479 255 479 273 455 273 moderate-corrosion 0
424 247 450 247 450 265 424 265 moderate-corrosion 0
496 220 514 220 514 230 496 230 mild-corrosion 0
414 221 429 221 429 238 414 238 mild-corrosion 0
364 416 400 416 400 428 364 428 moderate-corrosion 0
424 385 443 385 443 411 424 411 moderate-corrosion 0
459 357 488 357 488 379 459 379 moderate-corrosion 0
601 405 613 405 613 421 601 421 moderate-corrosion 0
487 0 540 0 540 18 487 18 moderate-corrosion 0
370 78 402 78 402 144 370 144 moderate-corrosion 0
406 290 422 290 422 306 406 306 mild-corrosion 0
408 0 424 0 424 12 408 12 mild-corrosion 0
508 157 524 157 524 168 508 168 mild-corrosion 0
564 147 582 147 582 168 564 168 mild-corrosion 0
565 345 581 345 581 355 565 355 mild-corrosion 0
391 204 401 204 401 215 391 215 mild-corrosion 0
371 16 381 16 381 24 371 24 mild-corrosion 0
456 386 476 386 476 398 456 398 mild-corrosion 0
555 391 569 391 569 403 555 403 mild-corrosion 0
438 62 448 62 448 70 438 70 mild-corrosion 0
466 171 478 171 478 195 466 195 mild-corrosion 0
451 218 465 218 465 226 451 226 mild-corrosion 0
526 329 538 329 538 336 526 336 mild-corrosion 0
352 302 355 302 355 311 352 311 mild-corrosion 0
630 402 640 402 640 413 630 413 mild-corrosion 0
391 288 403 288 403 296 391 296 mild-corrosion 0
78 466 142 466 142 512 78 512 severe-corrosion 0
93.53799999997136 640.0000000000028 93.54347254811728 486.1507384819366 195.1632005155261 486.1548032450042 195.16099998916616 640.0008106969633 moderate-corrosion 0
0 433.769 77 433.769 77 601.538 0 601.538 moderate-corrosion 0
352 428 640 428 640 533.761 352 533.761 severe-corrosion 0