0 309 230 309 230 441 0 441 severe-corrosion 0
52 198 230 198 230 305 52 305 severe-corrosion 0
230 0 602.515 0 602.515 441 230 441 severe-corrosion 0
219 541 230 541 230 575 219 575 moderate-corrosion 0
192 441 204 441 204 458 192 458 mild-corrosion 0
158 471 168 471 168 487 158 487 mild-corrosion 0
4 502 12 502 12 518 4 518 mild-corrosion 0
8 557 16 557 16 568 8 568 mild-corrosion 0
0 622 7 622 7 639 0 639 mild-corrosion 0
131 515 139 515 139 523 131 523 mild-corrosion 0
280 488 325 488 325 512 280 512 moderate-corrosion 0
230 500 241 500 241 531 230 531 moderate-corrosion 0
265 534 306 534 306 562 265 562 moderate-corrosion 0
356 566 374 566 374 581 356 581 moderate-corrosion 0
287 617 323 617 323 640 287 640 moderate-corrosion 0
325 474 341 474 341 486 325 486 mild-corrosion 0