224 136 345 136 345 230 224 230 severe-corrosion 0
345 186 640 186 640 210 345 210 severe-corrosion 0
442 123 519 123 519 169 442 169 mild-corrosion 0
566 120 590 120 590 136 566 136 mild-corrosion 0
348 0 507 0 507 36 348 36 mild-corrosion 0
609 0 640 0 640 6 609 6 mild-corrosion 0
-29.633592651589424 518.5144690496074 48.806664097792236 322.08942099715114 405.09884356833936 464.34567891469226 326.6748426756385 660.756934026407 severe-corrosion 0
371 230 449 230 449 640 371 640 severe-corrosion 0
586 485 640 485 640 640 586 640 severe-corrosion 0
474 318 560 318 560 640 474 640 severe-corrosion 0
518 230 559 230 559 307 518 307 severe-corrosion 0