-0.0010528288112254813 184.999999993575 0.00017667465726844966 75.6489711322544 159.12925579679722 75.65069529243945 159.1288787648955 185.0008167058002 severe-corrosion 0
189.87153557107376 99.60640069628978 215.293615824703 122.53175544331057 141.0806293463247 204.82547565011615 115.65867999204784 181.90026153150345 mild-corrosion 0
218.66501281634555 74.47199859537147 204.30581122651347 76.04571652848303 199.97360157467483 36.516969736553484 214.33278070435335 34.94325301146389 mild-corrosion 0
503 0 639 0 639 151 503 151 severe-corrosion 0
71 185 262 185 262 555 71 555 severe-corrosion 0
0 464 73 464 73 640 0 640 severe-corrosion 0
234 620 262 620 262 640 234 640 mild-corrosion 0
404 571 452 571 452 640 404 640 severe-corrosion 0
459 550 586 550 586 640 459 640 moderate-corrosion 0
236.35706290864618 437.8967527723022 262.00000000004366 261.6199999999703 448.7820868221024 288.78839106766696 423.14414534455864 465.06072632443426 severe-corrosion 0
396.8220161231875 185.2269913644837 632.986018560623 174.61796455009787 648.7626664140407 525.7902710230244 412.5987607386196 536.3987855425642 severe-corrosion 0