-0.004550420417217538 293.999999824702 0 215.92999999996954 371.0018222164945 215.94620827366455 370.9999997079285 294.0135365272619 severe-corrosion 0
9 111 37 111 37 143 9 143 mild-corrosion 0
64 91 89 91 89 125 64 125 mild-corrosion 0
105 116 133 116 133 141 105 141 mild-corrosion 0
79 21 117 21 117 49 79 49 mild-corrosion 0
129 26 165 26 165 60 129 60 mild-corrosion 0
312 211 337 211 337 236 312 236 mild-corrosion 0
142 76 218 76 218 112 142 112 mild-corrosion 0
371 24.713 424.845 24.713 424.845 294 371 294 severe-corrosion 0
569 0 640 0 640 136 569 136 severe-corrosion 0
443 0 537 0 537 129 443 129 moderate-corrosion 0
87.81597178211086 566.2520030267517 91.27334330842132 585.210094033806 1.7861946828634245 601.5243785338721 -1.6707537828187924 582.5666580364625 moderate-corrosion 0
565 294 640 294 640 400 565 400 severe-corrosion 0