0 47.872 307 47.872 307 326 0 326 severe-corrosion 0
333 0 365 0 365 31 333 31 moderate-corrosion 0
428 217 438 217 438 235 428 235 moderate-corrosion 0
478 54 496 54 496 79 478 79 moderate-corrosion 0
311 11 325 11 325 29 311 29 moderate-corrosion 0
388 296 405 296 405 315 388 315 mild-corrosion 0
349 138 365 138 365 166 349 166 mild-corrosion 0
502 311 518 311 518 326 502 326 mild-corrosion 0
609 234 621 234 621 252 609 252 moderate-corrosion 0
576 222 592 222 592 245 576 245 mild-corrosion 0
554 108 566 108 566 120 554 120 mild-corrosion 0
576 16 595 16 595 33 576 33 mild-corrosion 0
450 65 458 65 458 74 450 74 mild-corrosion 0
559 255 567 255 567 266 559 266 mild-corrosion 0
418 279 432 279 432 311 418 311 mild-corrosion 0
400 248 428 248 428 266 400 266 mild-corrosion 0
309 290 317 290 317 302 309 302 mild-corrosion 0
346 304 364 304 364 317 346 317 mild-corrosion 0
598 18 631 18 631 82 598 82 mild-corrosion 0
588 308 600 308 600 322 588 322 mild-corrosion 0
523 316 537 316 537 326 523 326 mild-corrosion 0
491 185 497 185 497 201 491 201 mild-corrosion 0
326 200 335 200 335 210 326 210 mild-corrosion 0
581 180 593 180 593 194 581 194 mild-corrosion 0
68.93199999998615 391.2740000000232 73.70691964024445 350.18947890137207 163.5670754344028 360.6318365524676 158.79272542668332 401.7158379314409 moderate-corrosion 0
116.78089528846613 429.32261982728573 120.38389995024772 442.4038956318158 74.02988424735668 455.1691727896477 70.42700000063633 442.0880000000042 mild-corrosion 0
34.93714436823211 507.34868398401875 26.784644578729058 525.1940744094269 -8.152533958054846 509.2362611016316 0 491.390999999976 moderate-corrosion 0
600.9967551958835 535.373031070909 598.3575122112961 551.7840274808071 577.703118041245 548.463011863691 580.3424163931049 532.0520847340334 corroded-part 0
479.2882965586614 479.1236617914893 478.40887659287546 454.3197575340832 524.7191993334854 452.6779767655609 525.5988107469602 477.4816832043905 severe-corrosion 0
553.2019623288943 474.0159483911407 567.3126283568126 496.1803180481054 519.04227810679 526.9050228211174 504.9318816441519 504.7408897073692 severe-corrosion 0