0 49 138 49 138 142 0 142 mild-corrosion 0
378 166 408 166 408 196 378 196 mild-corrosion 0
442 204 460 204 460 229 442 229 mild-corrosion 0
416 56 427 56 427 72 416 72 mild-corrosion 0
0 535.934 313 535.934 313 640 0 640 severe-corrosion 0
240.10736299729615 489.68087832285255 254.7400000000198 528.8239999999959 193.6660557853611 551.6496299127414 179.033999999956 512.5070000000089 moderate-corrosion 0
278.1895168689516 431.9778420608269 314.296379572188 432.8451394102718 312.7224449937057 498.3601070898168 276.61558260449965 497.49281959948155 moderate-corrosion 0
47.98055175902846 577.8937186748884 40.34223502021632 540.8997594638469 141.25843858266308 520.0673823529497 148.8973196686129 557.0605480603131 moderate-corrosion 0
93.31291689624777 447.02180030786417 106.48615332705958 478.6759211655948 62.90600000000268 496.8090000000178 49.733073112220154 465.15514160557063 mild-corrosion 0
273 295 313 295 313 340 273 340 mild-corrosion 0
132 305 184 305 184 375 132 375 mild-corrosion 0