0 0 250 0 250 339 0 339 severe-corrosion 0
275 0 640 0 640 339 275 339 severe-corrosion 0
0 339 275 339 275 640 0 640 severe-corrosion 0
422.9391464631044 618.3756386379017 412.0311896590283 534.3192261466087 611.2419718784804 508.47288260008673 622.1528933494119 592.5255791490425 severe-corrosion 0
601 501 636 501 636 640 601 640 moderate-corrosion 0
552 404 636 404 636 496 552 496 severe-corrosion 0
455 339 507 339 507 481 455 481 moderate-corrosion 0
609 339 636 339 636 406 609 406 moderate-corrosion 0
557 367 595 367 595 401 557 401 mild-corrosion 0
555 584 574 584 574 612 555 612 mild-corrosion 0
550 632 559 632 559 640 550 640 mild-corrosion 0
367 493 389 493 389 508 367 508 mild-corrosion 0
534 429 550 429 550 441 534 441 mild-corrosion 0
288 358 307 358 307 374 288 374 mild-corrosion 0