63 163 279 163 279 259 63 259 severe-corrosion 0
23 315 174 315 174 419 23 419 severe-corrosion 0
83 0 360 0 360 28 83 28 severe-corrosion 0
329 344 445 344 445 450 329 450 severe-corrosion 0
575 581 639 581 639 640 575 640 severe-corrosion 0
149 75 309 75 309 142 149 142 moderate-corrosion 0
204 527 290 527 290 553 204 553 mild-corrosion 0
96 514 160 514 160 553 96 553 mild-corrosion 0
462 7 546 7 546 640 462 640 moderate-corrosion 0
23 169 84 169 84 274 23 274 severe-corrosion 0
62 59 156 59 156 157 62 157 severe-corrosion 0
38 257 209 257 209 309 38 309 severe-corrosion 0
184 323 332 323 332 429 184 429 severe-corrosion 0
70 587 407 587 407 640 70 640 severe-corrosion 0
414 254 466 254 466 304 414 304 severe-corrosion 0
154 137 317 137 317 164 154 164 severe-corrosion 0
117 25 195 25 195 59 117 59 severe-corrosion 0
313 89 371 89 371 133 313 133 severe-corrosion 0
254 433 301 433 301 468 254 468 severe-corrosion 0
604 390 640 390 640 483 604 483 severe-corrosion 0