103 0 151 0 151 94 103 94 severe-corrosion 0
179 0 233 0 233 40 179 40 severe-corrosion 0
199 110 242 110 242 153 199 153 severe-corrosion 0
0 0 14 0 14 153 0 153 severe-corrosion 0
287 45 302 45 302 97 287 97 mild-corrosion 0
332 25 399 25 399 63 332 63 moderate-corrosion 0
378 89 452 89 452 149 378 149 moderate-corrosion 0
519 102 569 102 569 131 519 131 mild-corrosion 0
127.15871780572343 481.585814036845 46.10249312252563 470.5655859350347 59.889334484469146 369.1854841764121 140.94291505265574 380.2055274567855 severe-corrosion 0
332.0011149401398 523.0669999999999 270.23038531704515 523.0669999999998 270.23124410872697 430.48299999999995 331.99997159717896 430.48299999999995 severe-corrosion 0
19.99999681582267 403.24998340701325 21.787089581193868 412.56265782386913 13.198078676869045 414.21066203635 11.411000000007334 404.8979999999645 mild-corrosion 0
332 172.07 420 172.07 420 537.928 332 537.928 severe-corrosion 0
612.1273049141746 558.3433448114827 408.0834553264867 538.1123019511354 448.0123554966849 135.56025058906602 652.034890375653 155.79022320585653 severe-corrosion 0