133.11880124063464 127.913751620615 214.4080816290807 140.74857253292987 197.82707355909224 245.76184858957632 116.5378185659938 232.92712180509398 mild-corrosion 0
196.97672399946896 250.0298685275067 202.74516377423424 292.71008862169106 20.10691037765355 317.39093704722734 14.33938872993167 274.7115464500142 mild-corrosion 0
106.30852991766005 542.0965903450511 -11.84467580038472 498.0151072687271 59.595981727034086 306.5699938806879 177.74237639845524 350.6500717035823 mild-corrosion 0
15.37121256289538 93.02327039111299 14.49865370777843 69.46296538694673 81.62876814494666 66.97674831540027 82.50137252747663 90.53700826265131 mild-corrosion 0
15.999999999985448 260.0000000000198 9.772819339923444 239.7620575342587 61.772826106098364 223.7623594589024 68.00006270779704 244.00020379326395 mild-corrosion 0
124.25576822904986 82.54202138420246 121.9481611027004 32.54073058831151 228.92019756371155 27.60381676668031 231.22790879177046 77.60499625028858 mild-corrosion 0
222.0005865006533 514 158.99988439261506 514 159.00053178876988 458 221.9999548850319 458 mild-corrosion 0
512.9999897711969 -0.000003249575870776103 513.0000045820634 34.000007721518735 389.9999906835001 33.999996551668815 390.0000037157588 0.000012164811227410954 mild-corrosion 0
528.5704256978352 126.55943426467495 553.3674377632997 178.808661222537 460.5442243062862 222.86027015553861 435.7476161932573 170.61138414950312 mild-corrosion 0
331.2791899799777 121.42244152469135 329.7039655552362 85.186459002542 488.36041417962406 78.28908811270865 489.93584398995154 114.52486690915254 mild-corrosion 0
396.4068173267151 253.6110182806121 392.56249635356653 210.03806327006976 506.0025618177315 200.029553771608 509.847262244366 243.6020938504315 mild-corrosion 0
517.2876128768985 238.9796108920978 511.6696721770859 297.9685375294741 427.9998377445736 289.9999693478862 433.6182126820495 231.01154296303537 mild-corrosion 0
547.0135435258999 0.2989126829988183 599.5948293021502 -0.5749233375944076 608.6355839219323 543.4078145146372 556.0543001794576 544.2816004356703 mild-corrosion 0
284.5183975069813 595.142628679048 256.08791991391627 422.78996066492175 554.4547712482745 373.5745058166742 582.8928709486354 545.9185454140842 mild-corrosion 0