233 131 311 131 311 165 233 165 severe-corrosion 0
170 230 234 230 234 276 170 276 severe-corrosion 0
0 0 281.308 0 281.308 200.923 0 200.923 severe-corrosion 0
292.7982563547266 447.9995830753083 187.38301623990992 461.4963080618214 162.05225383244397 263.65036926647855 267.4620000000141 250.15400000000085 moderate-corrosion 0
196.69536056317156 302.45965231076474 106.69212011271156 392.45973710293003 -26.385321915367967 259.38378821561736 63.61601978853287 169.38557544864216 moderate-corrosion 0
339.00000000001455 -0.00001485511264197578 339.0000324178982 108.61501855850574 301.30796266566904 108.61497666527515 301.30800800412544 0.000014352385255519161 severe-corrosion 0
339 0 640 0 640 448 339 448 severe-corrosion 0
640.0009081084136 447.9999999999999 563.3127614112891 447.9999999999999 563.3134644897655 381.481 640 381.481 moderate-corrosion 0
600 312 618 312 618 328 600 328 mild-corrosion 0
583 368 601 368 601 382 583 382 mild-corrosion 0
91 611 211 611 211 640 91 640 severe-corrosion 0
266 559 339 559 339 637 266 637 severe-corrosion 0
237.60948273775284 510.8712990036159 246.15747527721396 628.9352333100659 0.48529723433603067 646.7077292958465 -8.05602978078241 528.6500245628624 severe-corrosion 0
220 512 298 512 298 572 220 572 severe-corrosion 0
339 533.133 466.039 533.133 466.039 640 339 640 severe-corrosion 0