178 0 236 0 236 637 178 637 severe-corrosion 0
123 0 175 0 175 640 123 640 severe-corrosion 0
59 0 127 0 127 637 59 637 severe-corrosion 0
3 0 55 0 55 634 3 634 severe-corrosion 0
400 180 431 180 431 316 400 316 severe-corrosion 0
405 332 436 332 436 446 405 446 severe-corrosion 0
455 275 483 275 483 417 455 417 severe-corrosion 0
570 326 596 326 596 452 570 452 mild-corrosion 0
606 403 640 403 640 640 606 640 mild-corrosion 0
439 444 489 444 489 526 439 526 mild-corrosion 0
509 567 553 567 553 639 509 639 mild-corrosion 0
559 203 601 203 601 251 559 251 mild-corrosion 0
345 37 401 37 401 301 345 301 mild-corrosion 0
462 595 483 595 483 640 462 640 mild-corrosion 0
391 498 442 498 442 564 391 564 mild-corrosion 0