445 313 488 313 488 442 445 442 severe-corrosion 0
418 0 440 0 440 471 418 471 severe-corrosion 0
548 0 600 0 600 609 548 609 severe-corrosion 0
297 567 341 567 341 639 297 639 mild-corrosion 0
79 219 129 219 129 298 79 298 mild-corrosion 0
139 160 182 160 182 230 139 230 mild-corrosion 0
79 378 112 378 112 486 79 486 mild-corrosion 0
141 472 186 472 186 534 141 534 mild-corrosion 0
0 403 6 403 6 640 0 640 mild-corrosion 0
302 234 346 234 346 306 302 306 mild-corrosion 0
471 0 489 0 489 314 471 314 severe-corrosion 0
505 0 554 0 554 640 505 640 severe-corrosion 0
23 495 65 495 65 573 23 573 mild-corrosion 0
454 457 523 457 523 640 454 640 severe-corrosion 0
607 127 639 127 639 550 607 550 severe-corrosion 0