73 370 89 370 89 428 73 428 severe-corrosion 0
233 389 258 389 258 428 233 428 mild-corrosion 0
263 360 285 360 285 395 263 395 mild-corrosion 0
100 232 114 232 114 269 100 269 mild-corrosion 0
102 0 131 0 131 74 102 74 mild-corrosion 0
212 235 247 235 247 272 212 272 mild-corrosion 0
153 247 168 247 168 271 153 271 mild-corrosion 0
345 397 367 397 367 428 345 428 mild-corrosion 0
154 382 174 382 174 405 154 405 mild-corrosion 0
129 86 147 86 147 144 129 144 mild-corrosion 0
123 167 146 167 146 195 123 195 mild-corrosion 0
46 298 74 298 74 428 46 428 mild-corrosion 0
396 147.192 551 147.192 551 428 396 428 corroded-part 0
267 428 396 428 396 514 267 514 severe-corrosion 0
0 440 265 440 265 464 0 464 severe-corrosion 0
4 482 80 482 80 528 4 528 moderate-corrosion 0
127 511 154 511 154 543 127 543 mild-corrosion 0
396 566.388 490 566.388 490 640 396 640 severe-corrosion 0