0 349 95 349 95 375 0 375 moderate-corrosion 0
364.11658229997556 116.35941480443117 535.1406070539088 234.3598204368796 422.94835795524705 396.95625412047593 251.9260589890473 278.958000408067 severe-corrosion 0
435.6276357358729 185.55343805530882 422.35616225065314 274.402557342247 345.94655519314983 262.9891107974642 359.2184926813934 174.14055725909097 severe-corrosion 0
0 468 27 468 27 504 0 504 severe-corrosion 0
0 561 44 561 44 606 0 606 severe-corrosion 0
64 518 77 518 77 534 64 534 severe-corrosion 0
120 521 186 521 186 591 120 591 severe-corrosion 0
207 613 232 613 232 640 207 640 moderate-corrosion 0
85 448 95 448 95 455 85 455 mild-corrosion 0
195 579 211 579 211 602 195 602 moderate-corrosion 0
573.1637622634298 448.05005236818835 604.3444983158406 417.5905142208348 666.6224519962998 481.333305662271 635.442187043227 511.792369885709 severe-corrosion 0