396 0 640 0 640 122.886 396 122.886 severe-corrosion 0
88 344 98 344 98 362 88 362 moderate-corrosion 0
318 318 357 318 357 350 318 350 moderate-corrosion 0
140 515 158 515 158 533 140 533 moderate-corrosion 0
48 423 65 423 65 442 48 442 mild-corrosion 0
270 559 287 559 287 580 270 580 mild-corrosion 0
8 605 30 605 30 629 8 629 mild-corrosion 0
13 485 35 485 35 521 13 521 mild-corrosion 0
174 525 204 525 204 549 174 549 mild-corrosion 0
162 439 178 439 178 467 162 467 mild-corrosion 0
120 620 147 620 147 640 120 640 moderate-corrosion 0
68 605 90 605 90 626 68 626 mild-corrosion 0
310 438 324 438 324 457 310 457 moderate-corrosion 0
269 361 281 361 281 379 269 379 moderate-corrosion 0
236 349 252 349 252 372 236 372 mild-corrosion 0
142 564 156 564 156 596 142 596 mild-corrosion 0
339 522 361 522 361 552 339 552 moderate-corrosion 0
347 484 369 484 369 507 347 507 moderate-corrosion 0
289 461 301 461 301 476 289 476 moderate-corrosion 0
373 617 389 617 389 636 373 636 mild-corrosion 0
230 516 246 516 246 536 230 536 mild-corrosion 0
328 597 340 597 340 620 328 620 mild-corrosion 0
219 382 227 382 227 393 219 393 mild-corrosion 0
78 406 92 406 92 438 78 438 mild-corrosion 0
60 375 88 375 88 393 60 393 mild-corrosion 0
6 431 24 431 24 444 6 444 mild-corrosion 0
181 619 196 619 196 639 181 639 mild-corrosion 0
265 471 285 471 285 506 265 506 mild-corrosion 0
77 460 101 460 101 482 77 482 mild-corrosion 0
248 435 260 435 260 449 248 449 mild-corrosion 0
183 443 197 443 197 462 183 462 mild-corrosion 0
151 312 157 312 157 328 151 328 mild-corrosion 0
241 307 253 307 253 321 241 321 mild-corrosion 0
415.58190076524625 640.6416955948423 378.66047032468487 536.2226796201968 628.5072789853439 447.89650871396367 665.4313347627613 552.3098013849586 severe-corrosion 0