0 146 80 146 80 207 0 207 severe-corrosion 0
100 0 139 0 139 36 100 36 mild-corrosion 0
0 30 85 30 85 132 0 132 mild-corrosion 0
547 0 640 0 640 294 547 294 severe-corrosion 0
503 0 515 0 515 11 503 11 mild-corrosion 0
333.8339677678596 435.2280288711731 268.5632143094699 656.6230549663197 -50.640957676732796 562.5178012672018 14.637646891278564 341.13572675783496 severe-corrosion 0
491 308 533 308 533 347 491 347 moderate-corrosion 0
530 511 573 511 573 558 530 558 moderate-corrosion 0
452 407 502 407 502 463 452 463 moderate-corrosion 0
391 427 410 427 410 463 391 463 moderate-corrosion 0
324 410 355 410 355 446 324 446 moderate-corrosion 0
575.7874639656802 478.8873523461307 577.8299588138907 505.66212258867836 533.0062586141139 509.08054878409257 530.9640000000218 482.3059999999771 moderate-corrosion 0