280 51 390 51 390 112 280 112 severe-corrosion 0
275 126 390 126 390 185 275 185 mild-corrosion 0
390 0 640 0 640 45 390 45 severe-corrosion 0
390 144 604 144 604 185 390 185 severe-corrosion 0
0 188.009 390 188.009 390 640 0 640 severe-corrosion 0
607 582 621 582 621 608 607 608 moderate-corrosion 0
536 495 554 495 554 513 536 513 moderate-corrosion 0
574 471 585 471 585 495 574 495 moderate-corrosion 0
621 480 637 480 637 508 621 508 moderate-corrosion 0
640.0001205247099 283.059 611.5829008895525 283.059 611.5830721020757 224.81299999999993 639.9999805766129 224.81299999999993 severe-corrosion 0
634 192 640 192 640 234 634 234 mild-corrosion 0
403 233 417 233 417 250 403 250 mild-corrosion 0
442 213 454 213 454 233 442 233 mild-corrosion 0