24 0 76 0 76 25 24 25 mild-corrosion 0
52 54 74 54 74 97 52 97 mild-corrosion 0
432.35312583710765 102.39597499645728 360.67311246457393 116.63862173496591 350.1947178737464 63.90294871023616 421.8745062812377 49.66032456432998 mild-corrosion 0
649.8845997475291 95.02592676288074 612.4418941268232 133.56133544638968 514.542124483778 38.4377286499399 551.9847481268516 -0.0975886525614505 mild-corrosion 0
639.9999999999272 143.99997802284375 640.000553888749 268.00071976758596 485.9999728002731 267.9999999998721 486.0008877675864 144.00084517017604 moderate-corrosion 0
187 440 307 440 307 480 187 480 moderate-corrosion 0
47 439 161 439 161 485 47 485 moderate-corrosion 0
167 268 300 268 300 433 167 433 severe-corrosion 0
17 268 160 268 160 432 17 432 severe-corrosion 0
306 279 320 279 320 311 306 311 mild-corrosion 0
456 268 640 268 640 558.925 456 558.925 severe-corrosion 0
424 270 436 270 436 297 424 297 mild-corrosion 0