55 170 403 170 403 252 55 252 severe-corrosion 0
129 349 254 349 254 371 129 371 severe-corrosion 0
113 25 373 25 373 49 113 49 severe-corrosion 0
27 0 403 0 403 24 27 24 severe-corrosion 0
3 56 403 56 403 155 3 155 mild-corrosion 0
594 282 628 282 628 335 594 335 moderate-corrosion 0
633 320 640 320 640 347 633 347 mild-corrosion 0
584 114 594 114 594 130 584 130 mild-corrosion 0
462 69 475 69 475 100 462 100 mild-corrosion 0
606 93 634 93 634 145 606 145 moderate-corrosion 0
592 173 617 173 617 207 592 207 moderate-corrosion 0
404 0 427 0 427 15 404 15 moderate-corrosion 0
460 28 485 28 485 56 460 56 moderate-corrosion 0
530 82 543 82 543 107 530 107 mild-corrosion 0
432 206 454 206 454 244 432 244 moderate-corrosion 0
403 199.764 553.506 199.764 553.506 371 403 371 severe-corrosion 0
550 365 567 365 567 371 550 371 moderate-corrosion 0
631 17 640 17 640 77 631 77 moderate-corrosion 0
0 507 125 507 125 640 0 640 moderate-corrosion 0
232 631 256 631 256 640 232 640 mild-corrosion 0
318 628 331 628 331 640 318 640 mild-corrosion 0
319 611 331 611 331 626 319 626 mild-corrosion 0
97 462 109 462 109 478 97 478 mild-corrosion 0
181 500 193 500 193 525 181 525 mild-corrosion 0
268 480 284 480 284 511 268 511 mild-corrosion 0
50 378 67 378 67 400 50 400 mild-corrosion 0
594 613 640 613 640 640 594 640 mild-corrosion 0
403 595 413 595 413 618 403 618 mild-corrosion 0