0 69 188 69 188 151 0 151 severe-corrosion 0
254 67 313 67 313 116 254 116 severe-corrosion 0
0 167 241 167 241 249 0 249 mild-corrosion 0
677.2945845360664 132.0786825200645 631.4307242468931 275.8652926579883 267.1346145102143 159.66213130259143 312.99999999995634 15.879000000030414 corroded-part 0
0 249 313 249 313 523.603 0 523.603 severe-corrosion 0
633.2040338380466 448.11112853463754 665.086423071989 541.2512124404526 326.582684866662 657.0807332325169 294.70835106651066 563.9474817296009 severe-corrosion 0
627 257 640 257 640 311 627 311 severe-corrosion 0
504 345 514 345 514 380 504 380 severe-corrosion 0
505 274 511 274 511 300 505 300 severe-corrosion 0
424 249 438 249 438 254 424 254 severe-corrosion 0
366 249 380 249 380 254 366 254 severe-corrosion 0
633 420 640 420 640 449 633 449 mild-corrosion 0
583 294 598 294 598 322 583 322 moderate-corrosion 0
605 288 615 288 615 310 605 310 moderate-corrosion 0
596 463 606 463 606 473 596 473 moderate-corrosion 0
356 295 395 295 395 323 356 323 severe-corrosion 0
536 443 542 443 542 452 536 452 severe-corrosion 0