0 81 143 81 143 151 0 151 severe-corrosion 0
0 257 105 257 105 278 0 278 severe-corrosion 0
186 79 226 79 226 121 186 121 severe-corrosion 0
293 80 321 80 321 140 293 140 mild-corrosion 0
0 165 177 165 177 251 0 251 mild-corrosion 0
130 437 180 437 180 515 130 515 moderate-corrosion 0
211 313 245 313 245 360 211 360 moderate-corrosion 0
182.03160330267565 649.2520720963737 110.358903054439 632.9557843011078 127.26054603394005 558.647041332226 198.93089928809786 574.94305274099 severe-corrosion 0
262 552 295 552 295 605 262 605 mild-corrosion 0
277 457 307 457 307 493 277 493 mild-corrosion 0
123 520 154 520 154 554 123 554 moderate-corrosion 0
306 613 333 613 333 640 306 640 mild-corrosion 0
48 579 76 579 76 614 48 614 mild-corrosion 0
382.02100000002247 639.999999999988 382.04528857560945 280.980577124026 640.0053720825963 281.00000043643786 639.9970166483399 640.0036017793648 severe-corrosion 0