0 76 262 76 262 173 0 173 severe-corrosion 0
0 192 46 192 46 235 0 235 moderate-corrosion 0
227 170 262 170 262 214 227 214 moderate-corrosion 0
262 81 390 81 390 262 262 262 severe-corrosion 0
0 521 164 521 164 558 0 558 mild-corrosion 0
0 324 145 324 145 388 0 388 mild-corrosion 0
327.0286655926611 329.6286275144317 334.97475358541124 253.0599857455996 647.9425251166685 285.5335091052923 639.9994497193256 362.09930436262323 severe-corrosion 0
262 262 336 262 336 336.29599999999994 262 336.29599999999994 moderate-corrosion 0
330.05394750696723 540.2385526432251 343.27037159207975 538.5507982315061 356.2150670185656 639.8929800407356 342.9986502437532 641.5806969412879 severe-corrosion 0
298.85127970606845 413.7178598838713 317.786812245904 414.0873837897998 315.081067306819 552.7154746953697 296.1455350534379 552.345959999862 severe-corrosion 0
259.255608772728 525.6746786183293 264.8093518076348 493.9541342191316 645.5490823886066 560.5895578661323 639.9981450315681 592.3075992618444 severe-corrosion 0
262.69996388364234 471.0631271084902 262.6362758569303 378.02475277330905 366.9426347935223 377.9535607032027 367.0078717087017 470.9903464062678 moderate-corrosion 0
410.5656258559611 439.6086460695012 423.21229842229513 470.6330736546121 378.61771934185526 488.8081646836579 365.9713511888549 457.7839952370138 mild-corrosion 0
485.55390415007423 409.1604243098686 466.25336888631864 412.20101754120617 463.3435709711921 393.7325846841934 482.64400000000023 390.69199999999904 mild-corrosion 0
394.965080033362 384.1227690873691 393.69564159889705 364.2236641935741 408.0109393496241 363.310541773371 409.28041472885525 383.20960678058964 mild-corrosion 0