0 206 358 206 358 303 0 303 severe-corrosion 0
0 52 358 52 358 146 0 146 severe-corrosion 0
109 143 195 143 195 187 109 187 moderate-corrosion 0
358 55.415 640 55.415 640 364 358 364 severe-corrosion 0
557 292 640 292 640 364 557 364 mild-corrosion 0
458 0 497 0 497 34 458 34 severe-corrosion 0
640 -0.000057580418604386256 640.0001023078221 85.50300254053916 494.70392432413064 85.50291240617153 494.7040140541503 0.000018759120139756153 corroded-part 0
287 364 335 364 335 400 287 400 severe-corrosion 0
0 495 358 495 358 522 0 522 severe-corrosion 0
170 364 198 364 198 464 170 464 severe-corrosion 0
58 364 144 364 144 463 58 463 mild-corrosion 0
30 583 70 583 70 640 30 640 mild-corrosion 0
119 572 142 572 142 594 119 594 mild-corrosion 0
358 600 640 600 640 640 358 640 severe-corrosion 0
478 442 602 442 602 504 478 504 severe-corrosion 0
358 364 607 364 607 428 358 428 mild-corrosion 0