0 0 256 0 256 119 0 119 severe-corrosion 0
373 0 582 0 582 204 373 204 severe-corrosion 0
74.51148517473484 422.05546672155447 16.267555096783326 486.0734574522173 -47.19705365212576 428.33978700708576 11.046178562028217 364.3226729104433 severe-corrosion 0
367 548 394 548 394 568 367 568 severe-corrosion 0
336 352 395 352 395 384 336 384 severe-corrosion 0
320 337 346 337 346 357 320 357 severe-corrosion 0
450 296 471 296 471 315 450 315 mild-corrosion 0
562 299 581 299 581 315 562 315 mild-corrosion 0
483 245 500 245 500 261 483 261 mild-corrosion 0
516 205 548 205 548 243 516 243 mild-corrosion 0
521 265 537 265 537 283 521 283 mild-corrosion 0
318 482 334 482 334 500 318 500 mild-corrosion 0
362 398 403 398 403 420 362 420 mild-corrosion 0
256 384 261 384 261 399 256 399 mild-corrosion 0
536 634 569 634 569 640 536 640 moderate-corrosion 0
339 548 359 548 359 570 339 570 moderate-corrosion 0
305 537 323 537 323 558 305 558 moderate-corrosion 0
477 310 497 310 497 340 477 340 mild-corrosion 0
579 231 606 231 606 261 579 261 mild-corrosion 0
567 260 583 260 583 277 567 277 mild-corrosion 0
420 216 445 216 445 238 420 238 mild-corrosion 0
292 387 312 387 312 401 292 401 mild-corrosion 0