514 154 583 154 583 402 514 402 severe-corrosion 0
299 350 423 350 423 639 299 639 severe-corrosion 0
299 126 353 126 353 218 299 218 severe-corrosion 0
218 78 258 78 258 154 218 154 severe-corrosion 0
273 12 313 12 313 100 273 100 severe-corrosion 0
270 476 318 476 318 512 270 512 moderate-corrosion 0
16 63 177 63 177 214 16 214 moderate-corrosion 0
0 292 155 292 155 593 0 593 moderate-corrosion 0
181 351 310 351 310 388 181 388 moderate-corrosion 0
416 31 640 31 640 159 416 159 moderate-corrosion 0
300 104 350 104 350 129 300 129 mild-corrosion 0
251 0 271 0 271 37 251 37 mild-corrosion 0
224 0 241 0 241 16 224 16 mild-corrosion 0