641.2051488283032 128.45194721336537 639.9794662935165 253.0884041321036 383.85159717516217 250.56622276249715 385.0794693009084 125.93191995528903 moderate-corrosion 0
348.94007698545465 394.41899441355747 343.1400469161599 435.01984004071807 206.21940893906867 415.46073517739774 212.02013661517412 374.86074090171604 moderate-corrosion 0
652.6859755995247 463.69314532620905 575.7117222035595 492.17716630591843 496.3999703990703 277.8660399775508 573.3698018323776 249.38292565768634 severe-corrosion 0
311.9998390060209 616.0000351898389 312.000158535011 579.9998959830226 375.9999045778386 580.0003198200632 376.00009810746997 615.9999438669117 severe-corrosion 0
371.3192410265765 408.34972186650543 471.84880414053623 411.3649369243947 464.928889780349 642.0373206187874 364.3993295705877 639.0222413016763 severe-corrosion 0
303.33529685427493 168.35878411736874 362.294131805902 163.82361899000782 369.95296503089776 263.38829188902093 310.9941350070585 267.9234208736026 severe-corrosion 0
390.9997823109734 517.9994886449042 391.0003183198569 556.9999986617603 314.999954626619 556.9999969113898 315.0000106476364 518.0000702438415 severe-corrosion 0
227.0736336959817 116.87631714735723 272.9875645751599 117.6961937617528 271.65604055451695 192.26170908212322 225.74210975581082 191.4418360003766 severe-corrosion 0
267.1923540847638 52.961502002350976 308.92315112978395 44.61541809594521 327.4230894487846 137.1154656023624 285.69230127264746 145.46152144650839 severe-corrosion 0
200.00232932965446 236.00000000000009 7.998084684077185 236 7.999999999956344 68.9999999999999 200 69 moderate-corrosion 0
231.9998772641702 306.99068029886877 232.00914298598946 581.9999891219232 33.00005327058898 581.9996581792184 33.000000000029104 307.000000000022 moderate-corrosion 0