1 30 248 30 248 99 1 99 severe-corrosion 0
236 0 294 0 294 194 236 194 moderate-corrosion 0
606.2664057139773 65.85635820519138 540.3590313623863 289.4140820126791 235.1983055290475 199.44662711874471 301.10732648354315 -24.10757215348268 severe-corrosion 0
286.12075951001316 381.67078288927974 263.69521986220207 653.2391234614845 85.75679208930524 638.5396167663368 108.19050661128131 366.97948642304436 severe-corrosion 0
180 350 196 350 196 370 180 370 moderate-corrosion 0
214 356 263 356 263 374 214 374 mild-corrosion 0
163 268 217 268 217 328 163 328 moderate-corrosion 0
228 268 288 268 288 296 228 296 moderate-corrosion 0
559 268 640 268 640 640 559 640 severe-corrosion 0
294 490 344 490 344 640 294 640 severe-corrosion 0
302 268 343 268 343 479 302 479 severe-corrosion 0
398 350 427 350 427 381 398 381 moderate-corrosion 0
499 268 530 268 530 299 499 299 mild-corrosion 0