123 18 259 18 259 122 123 122 severe-corrosion 0
152 162 208 162 208 320 152 320 severe-corrosion 0
23 37 52 37 52 75 23 75 severe-corrosion 0
206 0 261 0 261 98 206 98 severe-corrosion 0
417 0 465 0 465 114 417 114 severe-corrosion 0
332 0 409 0 409 134 332 134 moderate-corrosion 0
640.0013656152441 320 449.85899999999674 320 449.8607716690458 232.69499999999996 639.9997054949199 232.69500000000005 severe-corrosion 0
332 150.306 459.15599999999995 150.306 459.15599999999995 320 332 320 severe-corrosion 0
316.82432584326307 306.7730258695634 402.3818332981318 546.3135533045812 51.46838959408342 671.6087446052054 -34.07024519852712 432.08407457074287 severe-corrosion 0
21 320 197 320 197 366 21 366 moderate-corrosion 0
388.83422490129306 295.506978199777 627.4539762252243 351.25606231490383 548.1823994306615 690.5040999718461 309.5637924773473 634.7584353934355 severe-corrosion 0