108 28 179 28 179 133 108 133 severe-corrosion 0
138 172 179 172 179 337 138 337 severe-corrosion 0
55 48 108 48 108 120 55 120 severe-corrosion 0
3 48 31 48 31 82 3 82 mild-corrosion 0
91 215 108 215 108 240 91 240 mild-corrosion 0
578.1809999999678 3.180554681463517e-14 611.8087686212675 -1.4765759069810283 627.5808019623219 357.7110476770556 593.9530359251512 359.18758805660497 severe-corrosion 0
232.64534271351295 -0.20503465383646097 286.9200018808624 0.4306198659646777 282.725018457495 358.6070783523893 228.45035930746235 357.9714398187674 severe-corrosion 0
497.3375400732766 154.11083378561534 414.1182554697298 179.7225872953337 359.3680925446097 1.8247024348599803 442.58641764114145 -23.78688294236251 severe-corrosion 0
441 426 640 426 640 489 441 489 severe-corrosion 0
179 558 227 558 227 609 179 609 severe-corrosion 0
179 526 640 526 640 609 179 609 severe-corrosion 0