295 0 352 0 352 91 295 91 severe-corrosion 0
325 130 352 130 352 295 325 295 severe-corrosion 0
242 7 296 7 296 78 242 78 severe-corrosion 0
191 7 218 7 218 40 191 40 mild-corrosion 0
135 0 170 0 170 27 135 27 moderate-corrosion 0
65 330 92 330 92 345 65 345 mild-corrosion 0
72 275 91 275 91 314 72 314 mild-corrosion 0
45 278 66 278 66 345 45 345 mild-corrosion 0
75 173 96 173 96 203 75 203 mild-corrosion 0
51 0 68 0 68 32 51 32 mild-corrosion 0
278 173 296 173 296 197 278 197 mild-corrosion 0
352 45 640 45 640 345 352 345 severe-corrosion 0
322 557 352 557 352 588 322 588 severe-corrosion 0
0 549 96 549 96 601 0 601 severe-corrosion 0
55 345 116 345 116 378 55 378 severe-corrosion 0
0 624 69 624 69 640 0 640 moderate-corrosion 0
277 421 349 421 349 443 277 443 mild-corrosion 0
352 345 631.768 345 631.768 640 352 640 severe-corrosion 0