136 313 199 313 199 480 136 480 severe-corrosion 0
269 0 318 0 318 98 269 98 severe-corrosion 0
224 146 310 146 310 480 224 480 severe-corrosion 0
550 107 640 107 640 212 550 212 severe-corrosion 0
580 252 637 252 637 416 580 416 severe-corrosion 0
497 127 550 127 550 199 497 199 severe-corrosion 0
445 127 473 127 473 161 445 161 mild-corrosion 0
391 46 425 46 425 148 391 148 moderate-corrosion 0
531 0 563 0 563 92 531 92 mild-corrosion 0
533 294 551 294 551 318 533 318 mild-corrosion 0
0 480 352 480 352 640 0 640 severe-corrosion 0
434 480 498 480 498 640 434 640 severe-corrosion 0
352 480 379 480 379 640 352 640 moderate-corrosion 0