115 0 217 0 217 371 115 371 severe-corrosion 0
218 0 249 0 249 371 218 371 severe-corrosion 0
55 0 86 0 86 49 55 49 mild-corrosion 0
249 0 640 0 640 371 249 371 severe-corrosion 0
213 389 249 389 249 439 213 439 severe-corrosion 0
100 589 122 589 122 603 100 603 severe-corrosion 0
210 510 241 510 241 533 210 533 moderate-corrosion 0
148 619 176 619 176 640 148 640 moderate-corrosion 0
118 543 143 543 143 567 118 567 moderate-corrosion 0
148 372 190 372 190 390 148 390 mild-corrosion 0
45 456 65 456 65 477 45 477 mild-corrosion 0
13 371 30 371 30 395 13 395 moderate-corrosion 0
121 371 135 371 135 383 121 383 moderate-corrosion 0
176 498 193 498 193 520 176 520 mild-corrosion 0
203 561 213 561 213 577 203 577 mild-corrosion 0
639.999343141244 524.4866050049138 652.9898952513759 631.1783105198356 304.12305251731595 673.6292492789896 291.1417175622046 566.9461484909045 severe-corrosion 0
600.2013215694751 535.399200596039 590.2755843196064 519.3972203479991 613.6301766230463 504.91374770675225 623.555905256726 520.9156422754995 moderate-corrosion 0
287 567 300 567 300 581 287 581 moderate-corrosion 0
317.7115631214838 594.891302503966 322.8824064568471 617.3452127378293 251.43999193882337 633.7921250083734 246.26958250235475 611.3385915395191 moderate-corrosion 0