0 0 345 0 345 74 0 74 severe-corrosion 0
0 91 111 91 111 142 0 142 severe-corrosion 0
0 400 345 400 345 467 0 467 severe-corrosion 0
19 234 45 234 45 271 19 271 mild-corrosion 0
0 90 345 90 345 173 0 173 severe-corrosion 0
524 280 546 280 546 309 524 309 severe-corrosion 0
339.55472464811464 174.15742120225187 346.0940581612522 110.88159381614747 540.5383510113461 130.97586546771768 533.9997988771938 194.25094631885432 severe-corrosion 0
550 261 560 261 560 276 550 276 mild-corrosion 0
280 520 307 520 307 544 280 544 moderate-corrosion 0
120 467 158 467 158 477 120 477 moderate-corrosion 0
223 581 273 581 273 613 223 613 mild-corrosion 0
80 546 138 546 138 564 80 564 mild-corrosion 0
31 510 68 510 68 532 31 532 mild-corrosion 0
17 540 39 540 39 563 17 563 mild-corrosion 0
16 605 36 605 36 617 16 617 mild-corrosion 0
118 622 142 622 142 640 118 640 moderate-corrosion 0
86 630 113 630 113 640 86 640 moderate-corrosion 0
27 467 63 467 63 479 27 479 moderate-corrosion 0
87 484 106 484 106 510 87 510 moderate-corrosion 0
122 515 151 515 151 537 122 537 moderate-corrosion 0
330 524 345 524 345 540 330 540 moderate-corrosion 0
341 498 345 498 345 513 341 513 moderate-corrosion 0
264 474 276 474 276 490 264 490 moderate-corrosion 0
69 590 85 590 85 606 69 606 mild-corrosion 0
228 540 244 540 244 550 228 550 mild-corrosion 0
331 579 345 579 345 592 331 592 mild-corrosion 0
119 496 139 496 139 508 119 508 mild-corrosion 0
218 492 232 492 232 504 218 504 mild-corrosion 0
189 560 201 560 201 567 189 567 mild-corrosion 0
3 584 18 584 18 592 3 592 mild-corrosion 0
294 481 305 481 305 493 294 493 mild-corrosion 0
54 599 66 599 66 607 54 607 mild-corrosion 0
345 467 627.05 467 627.05 640 345 640 severe-corrosion 0