30 315 93 315 93 364 30 364 severe-corrosion 0
219 0 268 0 268 364 219 364 severe-corrosion 0
57 7 87 7 87 39 57 39 moderate-corrosion 0
299 206 309 206 309 224 299 224 moderate-corrosion 0
528 180 568 180 568 212 528 212 moderate-corrosion 0
616 52 638 52 638 76 616 76 moderate-corrosion 0
349 43 366 43 366 68 349 68 moderate-corrosion 0
268 284 275 284 275 303 268 303 mild-corrosion 0
373 301 389 301 389 329 373 329 mild-corrosion 0
595 129 616 129 616 168 595 168 moderate-corrosion 0
521 300 535 300 535 319 521 319 moderate-corrosion 0
606 214 616 214 616 231 606 231 moderate-corrosion 0
480 223 492 223 492 241 480 241 moderate-corrosion 0
447 211 463 211 463 234 447 234 mild-corrosion 0
558 345 580 345 580 364 558 364 moderate-corrosion 0
500 323 512 323 512 338 500 338 moderate-corrosion 0
425 97 437 97 437 109 425 109 mild-corrosion 0
447 5 466 5 466 22 447 22 mild-corrosion 0
321 54 329 54 329 63 321 63 mild-corrosion 0
430 244 438 244 438 255 430 255 mild-corrosion 0
558 24 570 24 570 42 558 42 mild-corrosion 0
289 268 303 268 303 300 289 300 mild-corrosion 0
271 237 299 237 299 255 271 255 mild-corrosion 0
469 7 502 7 502 71 469 71 mild-corrosion 0
539 44 551 44 551 84 539 84 mild-corrosion 0
476 332 496 332 496 364 476 364 mild-corrosion 0
288 322 312 322 312 344 288 344 mild-corrosion 0
459 297 471 297 471 311 459 311 mild-corrosion 0
394 305 408 305 408 324 394 324 mild-corrosion 0
362 174 368 174 368 190 362 190 mild-corrosion 0
452 169 464 169 464 183 452 183 mild-corrosion 0
527 0 559 0 559 12 527 12 mild-corrosion 0
0 627 226 627 226 640 0 640 severe-corrosion 0
0 369 268 369 268 578 0 578 severe-corrosion 0
435.02499799426005 389.80499994551496 454.23783218706376 390.3269163068019 453.6348341177654 412.52191463202894 434.42199999997683 411.9999999999991 severe-corrosion 0
395.5169999998907 574.0000263045594 395.5171561422321 527.5479265998563 406.0000564016809 527.5480000004402 405.99999999998545 574.0000000000352 severe-corrosion 0
514.0325985483651 412.2447082762031 526.4766821717058 411.46250453840196 531.3120963445544 488.37790148023896 518.8680136723997 489.1600950570112 severe-corrosion 0
639.9996979634307 364.74424949568004 650.7807011227123 391.53291405698076 571.7982434762234 423.31481250656424 561.0176331589901 396.52648021169966 severe-corrosion 0
446.78776351953275 466.3816201329488 435.59300000000803 465.72700000000026 437.4463554776594 434.03838336139194 448.6409999999887 434.69299999999964 severe-corrosion 0
436.6140039281163 563.6750378095144 431.2040758811054 511.60180957218006 444.47994975562324 510.2229105764658 449.89000000001397 562.2959999999948 severe-corrosion 0
641.8341292277182 434.96883254232097 628.0094578670105 436.5680354124874 624.2084698579856 403.71319461980585 638.0329999999958 402.11400000000395 moderate-corrosion 0