0 0 60 0 60 390 0 390 severe-corrosion 0
112 309 159 309 159 343 112 343 mild-corrosion 0
598 101 640 101 640 170 598 170 severe-corrosion 0
313 58 359 58 359 108 313 108 severe-corrosion 0
421 38 515 38 515 110 421 110 severe-corrosion 0
463 127 511 127 511 165 463 165 severe-corrosion 0
430 338 454 338 454 386 430 386 severe-corrosion 0
310 178 341 178 341 202 310 202 moderate-corrosion 0
544 86 556 86 556 108 544 108 moderate-corrosion 0
401 157 439 157 439 189 401 189 severe-corrosion 0
447 234 463 234 463 261 447 261 moderate-corrosion 0
494 250 508 250 508 266 494 266 moderate-corrosion 0
491 288 505 288 505 313 491 313 moderate-corrosion 0
357 259 380 259 380 285 357 285 mild-corrosion 0
576 16 584 16 584 30 576 30 mild-corrosion 0
634 317 640 317 640 332 634 332 mild-corrosion 0
589 294 608 294 608 310 589 310 moderate-corrosion 0
315 342 331 342 331 364 315 364 moderate-corrosion 0
589 380 607 380 607 390 589 390 moderate-corrosion 0
307 229 312 229 312 245 307 245 mild-corrosion 0
640.0019571577286 640.0000000000001 493.08399999994435 640 493.09080562343297 453.62999999999977 639.9975230739801 453.62999999999977 severe-corrosion 0
412.944017024638 542.7389033039173 410.3101799810247 557.6984355453301 392.37011964163685 554.5404768534312 395.0039999999717 539.5809999999806 mild-corrosion 0