193.55836206057575 137.37574281892307 158.60971140486072 258.7276143221338 -7.762479199373047 210.81271088476473 27.18708539054205 89.46187479760158 corroded-part 0
197.09499999997206 263.0160000000121 259.18485919020895 137.77509716611056 374.8996892914147 195.14078811642491 312.81146660454397 320.3802908254874 corroded-part 0
323.80600391763437 320.0000588286735 323.80799999999 175.06200000003346 639.9999653014675 175.06455539808644 640.0021484572062 319.9982110534373 severe-corrosion 0
378.7080000000424 250.23799999997044 376.60328977988684 210.8667163907019 639.0797952682624 196.83233808400556 641.1853273933957 236.2028667570794 moderate-corrosion 0
276 595 313 595 313 640 276 640 moderate-corrosion 0
165 540 179 540 179 584 165 584 moderate-corrosion 0
139 532 150 532 150 558 139 558 moderate-corrosion 0
86 344 120 344 120 403 86 403 moderate-corrosion 0
43 389 55 389 55 412 43 412 moderate-corrosion 0
179.86900732787035 416.4140082882632 162.00850410212297 396.212648668468 189.79946775725693 371.64489929536717 207.65989239509508 391.8461496286037 moderate-corrosion 0
301 475 313 475 313 506 301 506 moderate-corrosion 0
264 497 288 497 288 533 264 533 moderate-corrosion 0
230 486 254 486 254 531 230 531 moderate-corrosion 0
261 320 313 320 313 432 261 432 severe-corrosion 0
258.2846281774255 418.0095263891156 212.73034915167955 418.38139197148973 211.92843759868992 320.0661350075005 257.4815025955468 319.6942743390672 severe-corrosion 0
186.34884989238344 502.2113647159905 197.35475644585676 497.72612583172526 205.8344495487836 518.5296705970172 194.828553704574 523.0148903390043 moderate-corrosion 0
128.27740334279952 385.3924870718545 115.59876864055695 380.4115151547111 127.92172612069407 349.04779078486126 140.6002569822158 354.02873993589697 mild-corrosion 0
217.5573165109381 448.4516825473919 204.88737007195596 451.0862431905179 200.50205313775223 429.99953243227026 213.1719136492029 427.36498098961454 mild-corrosion 0
511.93422527583607 501.40238921165894 503.49630507575057 618.3271141588082 304.5576881690795 603.9695856735818 313.0000000000291 487.0499999999781 corroded-part 0