0 38.491 103.371 38.491 103.371 441 0 441 severe-corrosion 0
307.3420666652237 342.8213463691125 258.0785196223587 352.5325346137711 216.94481141283177 143.87386156302608 266.20661985281913 134.16284334157825 severe-corrosion 0
326 245 390 245 390 369 326 369 mild-corrosion 0
193 231 213 231 213 261 193 261 mild-corrosion 0
412.0473149210011 458.7536260448986 396.91140232622274 370.57158548804756 639.3922121029755 328.9526671698967 654.5306380731927 417.13160162916336 severe-corrosion 0
639.9994911164686 115.41121352530568 645.7361331958964 146.82299308109336 409.6794708213565 189.93080271533307 403.9433147635282 158.51944536766578 severe-corrosion 0
591.2990817267564 172.72499448958072 640 169.6769999999989 643.1221821439249 219.5619691740432 594.4212652251008 222.60995253351228 mild-corrosion 0
142 443 180 443 180 579 142 579 mild-corrosion 0
201 441 260 441 260 469 201 469 mild-corrosion 0
379 441 409 441 409 562 379 562 mild-corrosion 0
340 449 372 449 372 582 340 582 mild-corrosion 0
591 453 640 453 640 533 591 533 severe-corrosion 0