0 0 204 0 204 313 0 313 severe-corrosion 0
573 0 609 0 609 32 573 32 moderate-corrosion 0
394 182 439 182 439 206 394 206 moderate-corrosion 0
314 163 355 163 355 193 314 193 moderate-corrosion 0
379 132 420 132 420 160 379 160 moderate-corrosion 0
470 114 488 114 488 129 470 129 moderate-corrosion 0
271 55 319 55 319 93 271 93 moderate-corrosion 0
401 27 437 27 437 77 401 77 moderate-corrosion 0
226 168 240 168 240 184 226 184 mild-corrosion 0
439 209 455 209 455 221 439 221 mild-corrosion 0
123 398 204 398 204 504 123 504 severe-corrosion 0
68 390 87 390 87 414 68 414 mild-corrosion 0
96 610 105 610 105 623 96 623 mild-corrosion 0
180 351 204 351 204 386 180 386 severe-corrosion 0
204.00000000001455 624.5130000000182 200.83789652271662 521.1145426594885 551.8399994757783 510.3709651660591 555.0095186586987 613.7620824811917 mild-corrosion 0