149 151 264 151 264 236 149 236 moderate-corrosion 0
66 37 110 37 110 89 66 89 mild-corrosion 0
138 20 152 20 152 40 138 40 mild-corrosion 0
291 136 321 136 321 175 291 175 mild-corrosion 0
338 168 356 168 356 200 338 200 mild-corrosion 0
219 17 231 17 231 32 219 32 mild-corrosion 0
358 0 476 0 476 104 358 104 moderate-corrosion 0
0 236 358 236 358 640 0 640 severe-corrosion 0
389.9214052780735 593.1567669497978 367.3211887450452 596.9024253123648 360.73108319927996 557.148398059194 383.33091791544575 553.4027719989353 severe-corrosion 0
464.7630166927411 501.96968931143607 500.31006201257696 486.82478834917345 529.1526885222993 554.5086713090941 493.6057702909602 569.6533526975327 severe-corrosion 0
571.591000000044 410.40999999998115 583.8112570869271 393.85384259984335 613.7241154363437 415.9300923721568 601.5039637947484 432.4861545031933 severe-corrosion 0
525.0718687352492 467.81789824811153 513.9048468639521 469.90636509914424 504.9591533227067 422.0804500383599 516.1260000000038 419.99200000000394 severe-corrosion 0
439.7198505365668 455.5283238696951 425.335327971261 456.9992035249675 420.36428962208447 408.3904013126978 434.74858817957283 406.9195331978033 severe-corrosion 0