6 0.146875 0.250000 0.068750 0.081250
6 0.235937 0.198437 0.021875 0.031250
6 0.462500 0.056250 0.053125 0.040625
6 0.546875 0.085156 0.012500 0.020313
6 0.487500 0.394531 0.046875 0.060937
6 0.551562 0.421875 0.028125 0.015625
6 0.360938 0.189844 0.018750 0.023438
7 0.905422 0.390721 0.050537 0.099744
9 0.325000 0.642861 0.650000 0.426347
9 0.991406 0.589063 0.017188 0.050000
9 0.666406 0.571094 0.032813 0.095312
9 0.728906 0.510938 0.054688 0.050000
9 0.849219 0.567187 0.048438 0.087500
9 0.798438 0.562500 0.012500 0.028125
7 0.665625 0.844531 0.025000 0.029687
9 0.327344 0.409375 0.126562 0.053125
9 0.725781 0.661719 0.151562 0.067187