0 0 262 0 262 229.44600000000003 0 229.44600000000003 severe-corrosion 0
262 12.938 427.947 12.938 427.947 152.245 262 152.245 severe-corrosion 0
0 444 44 444 44 550 0 550 severe-corrosion 0
52 417 83 417 83 528 52 528 severe-corrosion 0
0 568 262 568 262 609 0 609 severe-corrosion 0
0 322 17 322 17 343 0 343 mild-corrosion 0
106 625 126 625 126 640 106 640 mild-corrosion 0
512.5300000000425 564.5239999999982 584.804034560002 550.1679522049857 595.385867228033 603.4281445145596 523.1118826677266 617.7840233057972 mild-corrosion 0
415.092794784141 603.5937389866207 398.572681185542 647.1860851825722 260.10228921579255 594.7218934240813 276.623000000036 551.1309999999721 mild-corrosion 0
477.17563300851907 372.7462711001524 365.5330299095658 562.6112921656643 231.66344956538524 483.901505068063 343.3060000000114 294.0410000000169 moderate-corrosion 0
93 435 143 435 143 535 93 535 severe-corrosion 0
223 392 262 392 262 513 223 513 severe-corrosion 0