9 0.134375 0.284375 0.268750 0.568750
9 0.413281 0.284375 0.045312 0.568750
9 0.368750 0.284375 0.040625 0.568750
9 0.323437 0.284375 0.053125 0.568750
9 0.282031 0.284375 0.026562 0.568750
9 0.576562 0.440625 0.025000 0.106250
9 0.578906 0.537500 0.023438 0.062500
9 0.617188 0.514844 0.021875 0.107813
6 0.832812 0.448437 0.040625 0.062500
6 0.876563 0.399219 0.034375 0.054688
6 0.825781 0.554688 0.026562 0.028125
6 0.707031 0.535156 0.020313 0.067187
6 0.615625 0.201563 0.021875 0.059375
6 0.807813 0.204687 0.056250 0.056250
6 0.700000 0.214062 0.025000 0.037500
6 0.993750 0.457813 0.012500 0.056250
6 0.705469 0.425000 0.032813 0.037500
6 0.662500 0.017188 0.028125 0.034375
6 0.658594 0.092188 0.035937 0.043750
6 0.543750 0.378125 0.043750 0.206250