0 0 332 0 332 249 0 249 severe-corrosion 0
385.8559999999852 6.361109362927034e-14 442.9135139501159 -0.6968228930595348 445.9629999999743 249.00000000000023 388.9054861976183 249.69681483737594 severe-corrosion 0
472.59299999997893 1.5902773407317584e-13 529.0419821280375 -0.41372534672039163 530.8699999999953 248.99999999999991 474.4210179441143 249.41372056939062 severe-corrosion 0
556.1620000000403 -7.951386703658792e-14 612.0214081831364 -0.5074369353108884 614.2879999999423 249.00000000000037 558.4285919044487 249.50743107365102 severe-corrosion 0
0 350.1940000000001 332 350.1940000000001 332 640 0 640 severe-corrosion 0
0 249 101.49699999999999 249 101.49699999999999 274.185 0 274.185 severe-corrosion 0
332 414 367 414 367 462 332 462 severe-corrosion 0
332 295 409 295 409 347 332 347 severe-corrosion 0
393 505 451 505 451 558 393 558 severe-corrosion 0
515 624 576 624 576 640 515 640 severe-corrosion 0
332 370 382 370 382 404 332 404 moderate-corrosion 0
332 596 373 596 373 609 332 609 mild-corrosion 0
453 253 512 253 512 638 453 638 severe-corrosion 0
569 354 640 354 640 432 569 432 severe-corrosion 0
530 484 640 484 640 581 530 581 severe-corrosion 0
578 599 640 599 640 635 578 635 severe-corrosion 0