0 0 121 0 121 332 0 332 severe-corrosion 0
363.7375516883185 331.99999280672074 341.78261218556145 332.28625588924865 338.0892970980494 49.01187458141909 360.043421868686 48.72561652301357 severe-corrosion 0
470.978 5.2219999999999995 640 5.2219999999999995 640 332 470.978 332 moderate-corrosion 0
409.70538552595826 197.5410488452661 258.7358176718408 228.62030045957536 223.63575569273962 58.11588489219881 374.6029437933612 27.0368825639401 severe-corrosion 0
121 23.085 324.444 23.085 324.444 332 121 332 moderate-corrosion 0
0 435 121 435 121 640 0 640 severe-corrosion 0
533 602 579 602 579 630 533 630 moderate-corrosion 0
396 564 440 564 440 590 396 590 moderate-corrosion 0
455 589 476 589 476 605 455 605 mild-corrosion 0
570 556 594 556 594 571 570 571 mild-corrosion 0
265 339 285 339 285 357 265 357 mild-corrosion 0
126 495 140 495 140 504 126 504 mild-corrosion 0
188 360 202 360 202 378 188 378 mild-corrosion 0
150 389 172 389 172 421 150 421 mild-corrosion 0
121 395 136 395 136 408 121 408 mild-corrosion 0
296 334 318 334 318 357 296 357 mild-corrosion 0
359 332 398 332 398 361 359 361 severe-corrosion 0
527 448 577 448 577 496 527 496 moderate-corrosion 0
280 456 400 456 400 494 280 494 severe-corrosion 0
269 407 302 407 302 437 269 437 moderate-corrosion 0
496 384 533 384 533 428 496 428 moderate-corrosion 0
450 373 496 373 496 405 450 405 mild-corrosion 0
243 379 290 379 290 398 243 398 mild-corrosion 0