3.16 0 326 0 326 256 3.16 256 severe-corrosion 0
640 -0.000055693343040673094 640.0000397895928 70.00001153207225 554.5389572229033 69.99997294693497 554.5390000000043 1.7604370161900567e-11 severe-corrosion 0
477.69058594953094 255.9999814923843 451.6521979020763 256.8224217286981 443.5448693922808 0.1409412891657174 469.58247327056597 -0.6814849974849408 mild-corrosion 0
199 290 326 290 326 538 199 538 moderate-corrosion 0
630 555 636 555 636 573 630 573 mild-corrosion 0
639 562 640 562 640 572 639 572 mild-corrosion 0
611 519 619 519 619 529 611 529 mild-corrosion 0
603 537 609 537 609 547 603 547 mild-corrosion 0
575 535 583 535 583 543 575 543 mild-corrosion 0
594 523 598 523 598 527 594 527 mild-corrosion 0
609 510 613 510 613 514 609 514 mild-corrosion 0
613 502 619 502 619 506 613 506 mild-corrosion 0
626 478 630 478 630 486 626 486 mild-corrosion 0
632 511 634 511 634 517 632 517 mild-corrosion 0
641.9592462007859 587.3720099623278 624.2776856439741 650.6072576097367 343.67900121040293 572.1565992767355 361.3629865203984 508.92525571267686 severe-corrosion 0
536 525 540 525 540 533 536 533 mild-corrosion 0
540 520 545 520 545 527 540 527 mild-corrosion 0
553 509 556 509 556 515 553 515 mild-corrosion 0
531 546 536 546 536 557 531 557 mild-corrosion 0
523 545 527 545 527 551 523 551 mild-corrosion 0
510 545 518 545 518 557 510 557 mild-corrosion 0
548 457 554 457 554 465 548 465 mild-corrosion 0
557 463 561 463 561 469 557 469 mild-corrosion 0
552 472 556 472 556 481 552 481 mild-corrosion 0
513 516 517 516 517 525 513 525 mild-corrosion 0
517 508 522 508 522 514 517 514 mild-corrosion 0
513 487 517 487 517 493 513 493 mild-corrosion 0
502 494 506 494 506 499 502 499 mild-corrosion 0
489 508 493 508 493 516 489 516 mild-corrosion 0
607 564 618 564 618 576 607 576 mild-corrosion 0
620 558 625 558 625 567 620 567 mild-corrosion 0
535 497 539 497 539 503 535 503 mild-corrosion 0
515 494 527 494 527 505 515 505 mild-corrosion 0
444 422 447 422 447 428 444 428 mild-corrosion 0
389 497 393 497 393 502 389 502 mild-corrosion 0
430 540 435 540 435 547 430 547 mild-corrosion 0
421 544 424 544 424 550 421 550 mild-corrosion 0
416 311 419 311 419 317 416 317 mild-corrosion 0
421 305 424 305 424 309 421 309 mild-corrosion 0
441 323 443 323 443 328 441 328 mild-corrosion 0
450 392 454 392 454 404 450 404 mild-corrosion 0
420 396 424 396 424 405 420 405 mild-corrosion 0