640.0045638834854 307.00000000000006 342.2296968581941 306.99999999999994 342.23611140594585 -3.180554681463517e-14 639.9979998758499 0 severe-corrosion 0
116.02818468498299 484.1343632176762 126.85682877068757 499.8631418544604 3.447857697829022 584.8061515684186 -7.380261863800115 569.0778402601837 severe-corrosion 0
260.5505855348747 302.7349563621043 281.78489289974095 318.0943107059369 164.604133347093 480.0789812641475 143.37020829530957 464.72007024631006 severe-corrosion 0
57 402 74 402 74 418 57 418 mild-corrosion 0
77 398 88 398 88 410 77 410 mild-corrosion 0
0 501 5 501 5 512 0 512 mild-corrosion 0
12 504 32 504 32 528 12 528 mild-corrosion 0
75 466 95 466 95 488 75 488 mild-corrosion 0
32 492 53 492 53 502 32 502 mild-corrosion 0
203 307 213 307 213 315 203 315 mild-corrosion 0
211 323 219 323 219 333 211 333 mild-corrosion 0
5 625 13 625 13 638 5 638 mild-corrosion 0
574.962034271739 639.9993439670882 451.6331330579851 660.0543753414386 419.2509261782834 460.94168270206353 542.569656893611 440.88750537231454 corroded-part 0