9 0.337500 0.055469 0.062500 0.110937
9 0.932813 0.275000 0.134375 0.550000
9 0.471094 0.245312 0.204687 0.490625
6 0.826562 0.246875 0.028125 0.040625
6 0.817969 0.317188 0.045312 0.050000
6 0.838281 0.367188 0.026562 0.059375
6 0.642969 0.412500 0.035937 0.034375
6 0.778125 0.495312 0.028125 0.031250
6 0.292969 0.802344 0.039062 0.073438
6 0.300781 0.567969 0.032813 0.035937
6 0.043750 0.674219 0.034375 0.032813
6 0.340625 0.577344 0.018750 0.035937
9 0.941406 0.903906 0.051562 0.079687
9 0.653125 0.568750 0.053125 0.037500
9 0.435937 0.637500 0.053125 0.065625
9 0.482812 0.715625 0.025000 0.037500
9 0.380469 0.946875 0.023438 0.106250
9 0.532813 0.961719 0.090625 0.076563
9 0.689063 0.878125 0.206250 0.243750