39 19 125 19 125 116 39 116 severe-corrosion 0
535.9424325427244 -20.788168286691192 666.6179255372117 31.39447272429413 508.93331567604037 426.2552057789252 378.25854843846173 374.0742382231481 moderate-corrosion 0
313 0 449.369 0 449.369 403 313 403 moderate-corrosion 0
639.5098577396129 466.60589526895933 674.8904794597911 529.7739305959021 365.2298688792507 703.1630750467186 329.85499999995227 639.9999999999894 severe-corrosion 0
325 450 421 450 421 556 325 556 severe-corrosion 0
345 403 380 403 380 418 345 418 severe-corrosion 0
580 448 602 448 602 507 580 507 severe-corrosion 0
588 410 621 410 621 449 588 449 severe-corrosion 0
317 611 336 611 336 633 317 633 moderate-corrosion 0
508 459 528 459 528 495 508 495 moderate-corrosion 0
532 408 556 408 556 447 532 447 moderate-corrosion 0
623 403 640 403 640 461 623 461 moderate-corrosion 0
379 403 401 403 401 449 379 449 mild-corrosion 0
430 448 480 448 480 564 430 564 mild-corrosion 0
438.30605881383235 579.1257609360828 432.50360501107934 602.7111997870959 405.4224503554724 596.0502956493473 411.2249999999767 572.4650000000235 moderate-corrosion 0
389.491662339351 596.0927844382935 373.9376491744042 639.529426221227 306.382666488571 615.3449325432032 321.93700000003446 571.9089999999985 moderate-corrosion 0
313 403 334 403 334 439 313 439 mild-corrosion 0