9 0.426563 0.306250 0.325000 0.325000
9 0.171094 0.413281 0.126562 0.110937
9 0.528125 0.025000 0.121875 0.050000
6 0.631318 0.110160 0.022845 0.040079
6 0.630142 0.039983 0.033997 0.021601
7 0.031611 0.665916 0.063222 0.275583
7 0.016134 0.918240 0.032267 0.163520
6 0.378125 0.592187 0.071875 0.065625
6 0.490625 0.600000 0.050000 0.128125
6 0.570312 0.924219 0.037500 0.098437
6 0.535156 0.887500 0.023438 0.040625
6 0.499219 0.870313 0.014063 0.028125
6 0.285938 0.668750 0.021875 0.056250
7 0.053125 0.809375 0.037500 0.084375
9 0.896602 0.684643 0.205890 0.265342