0 51 255 51 255 153 0 153 severe-corrosion 0
191 0 257 0 257 16 191 16 severe-corrosion 0
218.70868411795527 639.9997448783097 158.90689399697294 649.0589094011505 142.9329623963713 543.6299527994662 202.7320000000327 534.570999999999 severe-corrosion 0
73.26134499278851 556.501504553669 41.08928505826043 565.130520878722 20.16991491720546 487.1498769978388 52.3410000000149 478.52099999999916 severe-corrosion 0
55 212 83 212 83 278 55 278 severe-corrosion 0
139 182 177 182 177 215 139 215 severe-corrosion 0
205 173 221 173 221 207 205 207 moderate-corrosion 0
24 212 34 212 34 228 24 228 mild-corrosion 0
119 498 146 498 146 542 119 542 moderate-corrosion 0
195 428 213 428 213 456 195 456 mild-corrosion 0
313 404 327 404 327 532 313 532 moderate-corrosion 0
601.674451150102 582.234774363136 546.7193656613381 670.4789442857812 352.18622206899454 549.3540285556647 407.14083974387904 461.1140660825226 moderate-corrosion 0