56 91 294 91 294 275 56 275 severe-corrosion 0
67 44 112 44 112 84 67 84 severe-corrosion 0
294 0 640 0 640 275 294 275 severe-corrosion 0
62 603 113 603 113 640 62 640 moderate-corrosion 0
109 439 197 439 197 504 109 504 moderate-corrosion 0
242 570 294 570 294 616 242 616 moderate-corrosion 0
226 536 267 536 267 568 226 568 moderate-corrosion 0
93 542 217 542 217 587 93 587 moderate-corrosion 0
0 491 37 491 37 585 0 585 moderate-corrosion 0
108 289 182 289 182 349 108 349 moderate-corrosion 0
17 364 63 364 63 392 17 392 moderate-corrosion 0
0 600 31 600 31 622 0 622 moderate-corrosion 0
248 302 294 302 294 331 248 331 mild-corrosion 0
99 366 151 366 151 395 99 395 mild-corrosion 0
34 403 59 403 59 423 34 423 mild-corrosion 0
387.6672469771438 506.5817978998347 382.23708851015544 544.9651890500949 288.5692620687041 531.7156711763174 294.00000000001455 493.33299999998025 mild-corrosion 0
507.0649727838463 516.307997627663 640.970622702298 527.9800480284844 637.5566704077937 567.1375397763903 503.6510339727829 555.4655821133894 mild-corrosion 0