0 51 135 51 135 224 0 224 severe-corrosion 0
134 0 326 0 326 142 134 142 severe-corrosion 0
476 84 494 84 494 110 476 110 mild-corrosion 0
599 106 617 106 617 128 599 128 mild-corrosion 0
594 172 624 172 624 208 594 208 mild-corrosion 0
0 224 326 224 326 640 0 640 severe-corrosion 0
336 362 374 362 374 498 336 498 mild-corrosion 0
395 319 454 319 454 388 395 388 mild-corrosion 0
535 224 575 224 575 287 535 287 mild-corrosion 0
344 567 372 567 372 640 344 640 mild-corrosion 0
574 299 604 299 604 481 574 481 mild-corrosion 0
534 368 566 368 566 501 534 501 mild-corrosion 0