215 585 249 585 249 619 215 619 rust 0
493.76530686327897 122.51711171612641 486.34110046470596 233.88941737812925 365.87591265750234 225.8583422395314 373.30091978103155 114.48687829191498 rust 0
397.44121640316735 632.264687850891 396.4094455167651 610.5994543829163 430.3324188258557 608.9843337027363 431.3643510849215 630.6493973804168 rust 0
539.7942474656156 457.0922099142917 532.2590147703886 423.9410216914922 571.8070618708589 414.9530275200548 579.3424467251316 448.1039980171818 rust 0
514.1707297013636 423.7822713397241 486.3351802591933 421.6413278922836 489.98833557008766 374.15304276652626 517.8234955666994 376.2939712262133 rust 0
422.2729213054845 476.93802383769275 446.15141315087385 480.7076209982836 440.80001442314824 514.5998882875465 416.92152808769606 510.83031500148047 rust 0
332.3054281131044 485.4202933361466 302.3715204463224 483.42502430457876 304.45135688270966 452.2302114506648 334.3849406306981 454.22546967876383 rust 0
600.2000806420256 187.6000955574169 577.0999761696294 195.29995455836922 568.0999897941365 168.2999111488665 591.2000131740206 160.60006689844445 rust 0
474.3658345296717 32.29269791407021 499.9756158349919 52.78048158569603 478.512195233634 79.60973702137633 452.9024267728528 59.12196773168981 rust 0
446.42889206457767 247.46996511490994 494.51222163872444 227.6720741011584 518.2663547935226 285.36119147967077 470.1830946307746 305.1589597257687 rust 0
204.35268712411926 401.3562237412713 199.75358431751374 448.8793145273632 122.76446943040355 441.4289058921794 127.36408407290583 393.90639512198845 rust 0
48.34613700732007 183.26927815510658 67.0000069818343 186.99994222005816 61.61538903681503 213.92304864138458 42.96152126065863 210.19239215458578 rust 0
41.565048057818785 156.5597953432842 12.698386146366829 157.7625573556076 10.38303660643578 102.19237149266831 39.24954200898355 100.98961277617889 rust 0