9 0.442731 0.143343 0.144760 0.171329
9 0.412500 0.289062 0.071875 0.078125
9 0.217969 0.572656 0.032813 0.020313
7 0.396094 0.456250 0.048438 0.037500
7 0.296875 0.635938 0.043750 0.053125
7 0.247656 0.507812 0.039062 0.037500
6 0.462500 0.582812 0.034375 0.040625
6 0.307812 0.243750 0.065625 0.009375
6 0.129688 0.369531 0.031250 0.032813
7 0.392188 0.710938 0.025000 0.034375
7 0.356250 0.773438 0.028125 0.034375
7 0.388281 0.854688 0.020313 0.021875
7 0.077344 0.248438 0.026562 0.018750
6 0.332031 0.435937 0.026562 0.034375
6 0.368750 0.529687 0.015625 0.025000
9 0.746564 0.457058 0.041393 0.435991
9 0.798954 0.551831 0.290733 0.217859