7 0.203906 0.820312 0.020313 0.015625
6 0.199219 0.873437 0.010937 0.006250
6 0.044531 0.678125 0.017188 0.012500
6 0.093750 0.573438 0.015625 0.012500
6 0.137500 0.582031 0.012500 0.014063
6 0.262500 0.573438 0.015625 0.012500
6 0.339844 0.926562 0.010937 0.009375
6 0.178125 0.929688 0.012500 0.009375
6 0.037500 0.957812 0.012500 0.009375
6 0.084375 0.842187 0.015625 0.009375
6 0.043750 0.609375 0.009375 0.006250
6 0.017188 0.878906 0.018750 0.014063
6 0.220312 0.610938 0.009375 0.009375
6 0.193750 0.783594 0.015625 0.007812
6 0.111719 0.776563 0.017188 0.015625
6 0.259375 0.689063 0.009375 0.009375
6 0.249219 0.773438 0.014063 0.009375