9 0.760938 0.257812 0.212500 0.162500
9 0.531250 0.235937 0.025000 0.059375
9 0.731250 0.014844 0.043750 0.029687
9 0.827344 0.150781 0.085938 0.301563
9 0.366406 0.635156 0.057813 0.073438
9 0.292187 0.805469 0.062500 0.073438
9 0.503906 0.613281 0.029687 0.073438
9 0.171875 0.717969 0.075000 0.104688
9 0.004687 0.571094 0.009375 0.042188
9 0.092969 0.623437 0.079687 0.106250
9 0.396094 0.535937 0.164062 0.087500
9 0.016406 0.845313 0.032813 0.071875
7 0.989062 0.504687 0.021875 0.128125
7 0.563281 0.507812 0.082812 0.065625
7 0.789844 0.535937 0.017188 0.043750
7 0.810937 0.603125 0.046875 0.028125
7 0.922656 0.496875 0.026562 0.046875
7 0.951562 0.550781 0.040625 0.048438
6 0.657031 0.562500 0.017188 0.015625