0 76.156 94.721 76.156 94.721 271.593 0 271.593 corroded-part 0
321.24888054822804 263.9905084476907 322.7953643458022 240.99775049564784 360.58884241530905 243.53958642060076 359.0424459443602 266.5322616877478 mild-corrosion 0
639.4229905127577 438.4812481668363 646.5108529196004 525.849779671645 320.6564279351005 552.2674180648112 313.574171625296 464.9040649221866 severe-corrosion 0
542 406 580 406 580 439 542 439 severe-corrosion 0
437 313 551 313 551 381 437 381 severe-corrosion 0
320 313 420 313 420 399 320 399 severe-corrosion 0
479 393 509 393 509 412 479 412 severe-corrosion 0
372 446 388 446 388 466 372 466 moderate-corrosion 0
640.0000238627399 388.822 629.1759735943924 388.822 629.1760243064346 364.01099999999997 640 364.01099999999997 mild-corrosion 0
431.6250170258718 397.0830106492763 411.0892407351639 384.23836868994545 426.9790240308794 358.8369461465617 447.5146698417666 371.68153428860643 moderate-corrosion 0
629 403 638 403 638 426 629 426 mild-corrosion 0
403 405 415 405 415 415 403 415 mild-corrosion 0