9 0.175000 0.297656 0.350000 0.442188
7 0.549222 0.187551 0.262057 0.438939
6 0.367969 0.069531 0.035937 0.114062
9 0.175000 0.650166 0.350000 0.262833
9 0.175000 0.830145 0.350000 0.054628
9 0.939844 0.842187 0.120313 0.128125
9 0.623437 0.843750 0.240625 0.115625
9 0.389844 0.860156 0.079687 0.167187
6 0.904687 0.621875 0.056250 0.056250
6 0.735938 0.604688 0.018750 0.021875
6 0.774219 0.644531 0.023438 0.020313
6 0.850000 0.613281 0.021875 0.026562
6 0.975000 0.646094 0.050000 0.079687
6 0.495312 0.576562 0.021875 0.037500
6 0.496875 0.689063 0.018750 0.028125
6 0.462500 0.842187 0.040625 0.075000
6 0.376563 0.560156 0.015625 0.035937
6 0.428125 0.566406 0.056250 0.073438
6 0.800781 0.908594 0.029687 0.045312