0 23 268 23 268 322 0 322 severe-corrosion 0
497.377987492946 261.65874738919644 500.52904004835 325.30143713691496 451.1388071381225 327.7463040439003 447.98811231856234 264.1039485486867 corroded-part 0
268.0000000000291 267.63799999999503 264.58488883436075 0.6791379928648615 623.5693084220839 -3.9125095452914143 626.9894356331497 263.04015142537844 severe-corrosion 0
384 176 423 176 423 210 384 210 severe-corrosion 0
501 154 555 154 555 215 501 215 severe-corrosion 0
312 168 330 168 330 200 312 200 severe-corrosion 0
503 80 525 80 525 130 503 130 severe-corrosion 0
566 129 601 129 601 161 566 161 severe-corrosion 0
624 169 632 169 632 187 624 187 severe-corrosion 0
304 32 323 32 323 44 304 44 severe-corrosion 0
271 37 278 37 278 59 271 59 severe-corrosion 0
466 124 510 124 510 149 466 149 severe-corrosion 0
32.040444251179 391.4519083503371 121.70349997424637 395.2213118998947 116.06003443783266 529.4428225022475 26.396985988103552 525.6735061424621 severe-corrosion 0
268 352.793 432.9 352.793 432.9 478.96799999999996 268 478.96799999999996 severe-corrosion 0
328.27706455878797 541.0122524290738 296.0651420844806 530.8548522191139 309.85828094570024 487.1227789032826 342.0696789253998 497.2800901122147 corroded-part 0