384 0 640 0 640 278.173 384 278.173 severe-corrosion 0
159.1561604871822 639.9999458885138 159.1599999999744 585.2749999999882 358.8903361006669 585.2861363291473 358.88899979690905 640.0085542754109 severe-corrosion 0
137.63244601359474 525.9207932929287 146.72399999995832 476.48200000002123 359.88573222268315 515.6699394470396 350.79653050604975 565.1066756402806 severe-corrosion 0
362.4513530605327 444.1768892484979 353.009039853132 484.1906193211422 168.10286314430414 440.5613776491254 177.5460000000021 400.5490000000105 severe-corrosion 0
369.0853289516963 425.5530675896531 251.15236395817192 401.32130962871497 257.2260692961572 371.76835295784497 375.15800000001036 396.0000000000018 severe-corrosion 0
75 575 93 575 93 597 75 597 mild-corrosion 0
384 396 467 396 467 640 384 640 severe-corrosion 0
514.4290000000183 429.47399999999993 544.9096973626001 429.1512073746015 547.1420493004553 639.9075202630119 516.6613521123509 640.2302994684383 severe-corrosion 0
550.6030000000464 446.41199999999907 562.8420820026804 445.964986639753 569.6959357033484 633.5830666416093 557.4568547114905 634.0300629491757 severe-corrosion 0
569.984999997323 640.0003143050774 569.9865781797416 448.74094932430785 594.0006465400802 448.74156966667454 594.0000000000146 639.9999999999762 severe-corrosion 0
605.3789805229462 468.2129997912031 620.7268167333677 468.3775309445318 619.6688361607085 567.0495280257508 604.3209999999817 566.885 severe-corrosion 0