13 0 28 0 28 22 13 22 mild-corrosion 0
18 137 33 137 33 159 18 159 mild-corrosion 0
32 271 50 271 50 302 32 302 mild-corrosion 0
364 304 396 304 396 364 364 364 mild-corrosion 0
135 28 388 28 388 310 135 310 moderate-corrosion 0
396 24.424999999999997 471.919 24.424999999999997 471.919 353.943 396 353.943 severe-corrosion 0
397.1418234560406 410.1382902156005 395.99999999998545 436.78800000001866 337.4289425522147 434.2784631213064 338.5710000000108 407.62899999997563 moderate-corrosion 0
58.289474985795096 392.66797503175883 174.0046134055592 398.17106585762974 162.24012304235657 645.502831847312 46.524999999965075 639.999999999999 severe-corrosion 0
113.50800000000163 432.66299999999933 176.362374078235 425.8632090993286 182.3393068335281 481.10327904678735 119.48494512354955 487.903005936655 moderate-corrosion 0
366.20568773301784 640.3422531365914 349.04700000006414 640.0000000000006 353.0426925532811 439.7607606364787 370.199999999968 440.1029999999996 moderate-corrosion 0
278.2495642251888 404.29271757026277 278.00812624569517 411.6370926375806 239.26052039045317 410.3633319483139 239.50199999999313 403.01899999997477 mild-corrosion 0
468 623 474 623 474 633 468 633 mild-corrosion 0
448 626 457 626 457 640 448 640 mild-corrosion 0
460 627 466 627 466 640 460 640 mild-corrosion 0
433 494 437 494 437 505 433 505 mild-corrosion 0
482 498 486 498 486 504 482 504 mild-corrosion 0
497 533 502 533 502 540 497 540 mild-corrosion 0
422 622 428 622 428 640 422 640 mild-corrosion 0
431 630 436 630 436 640 431 640 mild-corrosion 0
441 609 446 609 446 618 441 618 mild-corrosion 0
403 586 411 586 411 596 403 596 mild-corrosion 0
396 603 400 603 400 613 396 613 mild-corrosion 0
401 577 405 577 405 581 401 581 mild-corrosion 0
405 569 411 569 411 573 405 573 mild-corrosion 0
418 545 422 545 422 553 418 553 mild-corrosion 0
424 578 426 578 426 584 424 584 mild-corrosion 0
497 550 499 550 499 556 497 556 mild-corrosion 0
398 631 409 631 409 640 398 640 mild-corrosion 0
412 625 417 625 417 634 412 634 mild-corrosion 0
441 444 443 444 443 450 441 450 mild-corrosion 0
522 598 525 598 525 605 522 605 mild-corrosion 0
518 539 524 539 524 552 518 552 mild-corrosion 0
530 529 536 529 536 539 530 539 mild-corrosion 0
563 542 567 542 567 550 563 550 mild-corrosion 0
565 586 569 586 569 596 565 596 mild-corrosion 0
578.6942306875426 639.9999243503731 575.9075958418543 640.9137484267335 559.0819999999803 589.6200000000106 561.8685713090963 588.7061871962395 severe-corrosion 0
639.9995331432001 602.0630627639225 644.0972027171665 610.2893029963627 579.8812032191199 642.2669696089599 575.7836933705403 634.0408657586831 severe-corrosion 0
629 578 635 578 635 588 629 588 mild-corrosion 0
637 542 640 542 640 550 637 550 mild-corrosion 0
614 519 618 519 618 527 614 527 mild-corrosion 0
606 526 608 526 608 531 606 531 mild-corrosion 0
609 542 611 542 611 548 609 548 mild-corrosion 0
607 544 609 544 609 548 607 548 mild-corrosion 0
620 540 622 540 622 544 620 544 mild-corrosion 0
622 541 625 541 625 545 622 545 mild-corrosion 0
588 572 592 572 592 590 588 590 mild-corrosion 0
574 555 578 555 578 561 574 561 mild-corrosion 0
581 555 583 555 583 558 581 558 mild-corrosion 0
591 550 593 550 593 554 591 554 mild-corrosion 0
610 569 612 569 612 574 610 574 mild-corrosion 0
621 570 625 570 625 576 621 576 mild-corrosion 0
617 565 618 565 618 569 617 569 mild-corrosion 0
615 567 618 567 618 571 615 571 mild-corrosion 0
616 572 618 572 618 577 616 577 mild-corrosion 0
592 589 598 589 598 600 592 600 mild-corrosion 0
595 492 599 492 599 500 595 500 mild-corrosion 0
589 520 591 520 591 524 589 524 mild-corrosion 0
585 521 587 521 587 525 585 525 mild-corrosion 0
584 517 586 517 586 521 584 521 mild-corrosion 0
581 513 583 513 583 517 581 517 mild-corrosion 0
576 494 578 494 578 498 576 498 mild-corrosion 0
572 543 575 543 575 547 572 547 mild-corrosion 0
570 536 572 536 572 540 570 540 mild-corrosion 0
608 464 611 464 611 470 608 470 mild-corrosion 0