9 0.264844 0.160156 0.529687 0.320312
7 0.366406 0.403906 0.179688 0.070312
7 0.200781 0.726873 0.401562 0.299378
9 0.567187 0.789062 0.071875 0.103125
9 0.863281 0.872656 0.054688 0.254688
9 0.929688 0.886719 0.090625 0.226562
9 0.882812 0.689063 0.031250 0.084375
6 0.759375 0.756250 0.028125 0.043750
6 0.728125 0.943750 0.025000 0.068750
7 0.766406 0.538281 0.210938 0.198437
7 0.980469 0.639844 0.039062 0.195312
7 0.562500 0.623437 0.065625 0.206250
7 0.575000 0.929688 0.078125 0.140625
7 0.789844 0.904687 0.079687 0.190625
6 0.653125 0.709375 0.040625 0.046875
6 0.707031 0.773438 0.054688 0.081250