9 0.153125 0.218750 0.240625 0.212500
9 0.268750 0.420312 0.071875 0.140625
3 0.858132 0.309896 0.283736 0.498958
9 0.381250 0.821875 0.321875 0.093750
9 0.216406 0.909375 0.170313 0.125000
9 0.784375 0.937658 0.431250 0.124684
7 0.643750 0.856250 0.028125 0.037500
6 0.901563 0.881250 0.025000 0.050000
6 0.846875 0.785156 0.018750 0.026562
6 0.781250 0.737500 0.025000 0.043750
6 0.942969 0.909375 0.010937 0.018750
6 0.963281 0.806250 0.029687 0.068750
6 0.818750 0.825000 0.093750 0.031250
6 0.865625 0.865625 0.031250 0.021875