0 0 224 0 224 119 0 119 severe-corrosion 0
0 476 8 476 8 501 0 501 moderate-corrosion 0
63 507 74 507 74 543 63 543 moderate-corrosion 0
134 378 150 378 150 397 134 397 moderate-corrosion 0
23 181 33 181 33 195 23 195 mild-corrosion 0
50 138 58 138 58 154 50 154 mild-corrosion 0
130 168 141 168 141 178 130 178 mild-corrosion 0
136 240 150 240 150 255 136 255 mild-corrosion 0
110 223 119 223 119 235 110 235 mild-corrosion 0
122 557 155 557 155 577 122 577 mild-corrosion 0
192 377 220 377 220 402 192 402 mild-corrosion 0
190 311 216 311 216 339 190 339 mild-corrosion 0
184 623 192 623 192 636 184 636 mild-corrosion 0
9 525 19 525 19 536 9 536 mild-corrosion 0
75 504 88 504 88 514 75 514 mild-corrosion 0
139 520 147 520 147 530 139 530 mild-corrosion 0
91 371 99 371 99 385 91 385 mild-corrosion 0
126 301 132 301 132 309 126 309 mild-corrosion 0
224 121 640 121 640 640 224 640 severe-corrosion 0