9 0.404687 0.132812 0.128125 0.171875
6 0.159375 0.184375 0.025000 0.050000
6 0.104688 0.088281 0.018750 0.026562
6 0.039062 0.041406 0.025000 0.045312
6 0.200000 0.212500 0.012500 0.018750
6 0.220312 0.109375 0.028125 0.068750
6 0.076563 0.128125 0.093750 0.031250
6 0.122656 0.169531 0.029687 0.023438
7 0.961719 0.264844 0.076563 0.114062
7 0.852344 0.398438 0.189062 0.209375
6 0.833594 0.105469 0.057813 0.057813
6 0.827344 0.254688 0.035937 0.037500
6 0.944531 0.039844 0.020313 0.026562
6 0.271875 0.859375 0.043750 0.156250
6 0.013281 0.754687 0.026562 0.087500
6 0.385937 0.879687 0.021875 0.059375