586.6236336883594 375.7801385653807 589.7967686801712 463.23545404047536 0.14655372382549103 484.5918805669427 -3.018120459091733 397.1442752755743 severe-corrosion 0
29 142 91 142 91 219 29 219 severe-corrosion 0
59 237 111 237 111 309 59 309 severe-corrosion 0
47 320 78 320 78 358 47 358 severe-corrosion 0
176 349 218 349 218 386 176 386 severe-corrosion 0
211 197 339 197 339 326 211 326 severe-corrosion 0
340 108 534 108 534 329 340 329 severe-corrosion 0
525 207 589 207 589 296 525 296 severe-corrosion 0
566 286 587 286 587 310 566 310 moderate-corrosion 0
546 351 590 351 590 375 546 375 mild-corrosion 0
250 329 282 329 282 351 250 351 severe-corrosion 0
365 369 383 369 383 391 365 391 moderate-corrosion 0
206 168 231 168 231 218 206 218 moderate-corrosion 0
212 39 236 39 236 76 212 76 moderate-corrosion 0
183 119 210 119 210 150 183 150 moderate-corrosion 0
409 12 430 12 430 40 409 40 moderate-corrosion 0
0 217 9 217 9 235 0 235 moderate-corrosion 0
0 184 8 184 8 198 0 198 moderate-corrosion 0
117.55615160269372 319.0750544752551 132.14210283316788 316.9901080957682 135.73594436937128 342.1300608903246 121.14999456476653 344.21500077692235 mild-corrosion 0
161.85507927257277 254.37195209226667 151.60769875867118 245.44325831975675 163.75371963047655 231.50401210323457 174.0010798734147 240.4326909417119 mild-corrosion 0
25.864757710442063 369.6916513145107 35.71450435134466 369.55469237715624 35.95974645264505 387.1900414047905 26.109999819746008 387.327000002506 mild-corrosion 0
299.0350000000035 3.3992178158141336e-13 326.39315539716335 -0.9022614297896052 327.3303758624388 27.51591265232838 299.9722205172293 28.418173959842868 mild-corrosion 0
137.9570000206877 4.858000005103547 130.99575811662362 3.1413331049727153 132.1937581437669 -1.7166668932559115 139.15500000002794 5.668096315536271e-12 mild-corrosion 0
570.2940002184914 108.73300017454567 556.3224580845417 97.57068381449655 571.540655476856 78.52265934626915 585.5121826528193 89.68496632373035 mild-corrosion 0
315.53887096684775 303.0276596103189 338.9061847622361 290.20474305524135 352.36825904452417 314.7351386057904 329.0009746343276 327.5580139194957 moderate-corrosion 0
522.1233237994602 161.5864974232834 558.7605406926741 157.20186442037462 565.3449645815999 212.21882983584692 528.7077505823254 216.60344593421428 moderate-corrosion 0
598.7629982526414 211.56099982403308 606.3673686370748 212.32678585521091 604.7247049462021 228.63810390857128 597.1203347155824 227.87231890590138 mild-corrosion 0
130.9237386323366 86.18667131940205 153.56037432218727 91.47423979177447 141.93509820666804 141.24281078789662 119.2984661913215 135.95525383144658 mild-corrosion 0
470 7 480 7 480 19 470 19 mild-corrosion 0
356 0 383 0 383 14 356 14 mild-corrosion 0
325 117 343 117 343 139 325 139 mild-corrosion 0
356 106 377 106 377 130 356 130 mild-corrosion 0
423 85 434 85 434 110 423 110 mild-corrosion 0
170 48 193 48 193 73 170 73 mild-corrosion 0
120 356 132 356 132 380 120 380 mild-corrosion 0
16 343 26 343 26 368 16 368 mild-corrosion 0
260 157 270 157 270 174 260 174 mild-corrosion 0
294 167 311 167 311 190 294 190 mild-corrosion 0
313 178 339 178 339 207 313 207 mild-corrosion 0
343 332 357 332 357 343 343 343 mild-corrosion 0