7 0.446637 0.449760 0.019803 0.847838
6 0.657813 0.015625 0.031250 0.031250
6 0.114062 0.348438 0.071875 0.165625
6 0.010156 0.380469 0.020313 0.164062
6 0.015625 0.573438 0.031250 0.050000
6 0.103125 0.135937 0.031250 0.034375
6 0.560937 0.009375 0.068750 0.018750
6 0.614844 0.486719 0.057813 0.064062
6 0.510156 0.814844 0.035937 0.039062
6 0.094531 0.744531 0.032813 0.032813
6 0.628906 0.163281 0.023438 0.032813
6 0.678906 0.057813 0.029687 0.037500
6 0.860156 0.471875 0.198437 0.143750
6 0.258594 0.695312 0.045312 0.037500
6 0.217969 0.584375 0.023438 0.025000
6 0.248438 0.420312 0.043750 0.034375