0 185.076 55.937 185.076 55.937 272.941 0 272.941 severe-corrosion 0
640.0004058969353 322.576 587.8749999999854 322.576 587.8755662868207 231.99700000000007 640 231.99700000000007 moderate-corrosion 0
629.650042931753 200.85500060717678 615.8846804084897 200.66031923746175 616.6117301156191 149.25731928794661 630.3770000000077 149.4519999999996 mild-corrosion 0
544.26705478043 244.32289359438744 529.0699999999924 243.9770000000004 529.6460115734226 218.67210716221152 544.8429999999644 219.01799999999992 mild-corrosion 0
548.5880588503642 283.3233224940481 526.7993926192867 283.274968644883 526.8300000000454 269.4990000000001 548.6186045615614 269.5473537807606 mild-corrosion 0
-4.507804198437952 340.0003903323715 32.26941025532142 274.7281344563577 253.77101299243805 399.51930216715834 216.99648676520155 464.7892354753661 severe-corrosion 0
0 514.363 217 514.363 217 614.045 0 614.045 severe-corrosion 0
216.99980698052968 619.3294264111651 217.96548659811378 632.2050809124842 115.30034864292247 639.9013443278445 114.33499999999185 627.0260000000096 severe-corrosion 0
217 439.703 308.481 439.703 308.481 613.551 217 613.551 severe-corrosion 0
346.9110806034587 333.8176024637915 369.2663480415649 311.6248751228803 414.2011379204632 356.8848954171201 391.8460516714549 379.0774402654492 severe-corrosion 0
606.8076113487768 512.7164847196073 567.7898217280017 679.7620743094275 323.4482114527782 622.6929012807032 362.47191820744774 455.65595925946445 severe-corrosion 0
615.4851344895724 570.1601199161687 652.2550655391387 581.660902925313 630.4048472971772 651.500592193043 593.6349999999948 640.0000000000005 severe-corrosion 0
318 499 342 499 342 547 318 547 severe-corrosion 0
292 595 324 595 324 633 292 633 severe-corrosion 0
354 615 373 615 373 640 354 640 severe-corrosion 0
359 580 379 580 379 600 359 600 severe-corrosion 0
640.0001680159767 547.34 612.1318460899056 547.34 612.1320757077046 511.05999999999995 639.9999996240513 511.05999999999995 moderate-corrosion 0