6 0.324219 0.243750 0.020313 0.025000
6 0.301563 0.496875 0.028125 0.021875
7 0.873437 0.542969 0.015625 0.014063
6 0.817187 0.058594 0.018750 0.039062
6 0.943750 0.078125 0.025000 0.028125
6 0.703906 0.417187 0.032813 0.015625
6 0.634375 0.350000 0.106250 0.046875
6 0.490625 0.110156 0.043750 0.039062
6 0.485156 0.014844 0.039062 0.029687
6 0.589063 0.170313 0.034375 0.056250
6 0.462500 0.485156 0.012500 0.020313
6 0.982031 0.375781 0.010937 0.035937
9 0.041406 0.775000 0.082812 0.450000
9 0.225000 0.775000 0.215625 0.450000
7 0.590625 0.731250 0.187500 0.059375
7 0.709375 0.848437 0.115625 0.093750
7 0.545312 0.940625 0.071875 0.043750
7 0.478906 0.567187 0.057813 0.034375
6 0.910937 0.844531 0.078125 0.045312
6 0.678125 0.944531 0.081250 0.045312
6 0.555469 0.989844 0.039062 0.020313