6 0.952344 0.018750 0.073438 0.037500
7 0.131250 0.146875 0.165625 0.084375
7 0.392969 0.271875 0.064062 0.056250
7 0.315625 0.196094 0.043750 0.039062
7 0.614844 0.067187 0.060937 0.062500
7 0.444531 0.371094 0.067187 0.048438
7 0.557813 0.386719 0.062500 0.045312
6 0.724219 0.218750 0.039062 0.040625
7 0.127344 0.510938 0.076563 0.050000
7 0.335156 0.553125 0.073438 0.046875
6 0.264844 0.528906 0.035937 0.026562
6 0.537500 0.232031 0.043750 0.026562
6 0.077344 0.597656 0.039062 0.026562
6 0.947656 0.187500 0.039062 0.028125
6 0.916406 0.517969 0.020313 0.045312
6 0.860938 0.875781 0.043750 0.032813
6 0.515625 0.889844 0.034375 0.029687
6 0.766406 0.632812 0.023438 0.015625
6 0.643750 0.844531 0.025000 0.029687
6 0.703125 0.784375 0.040625 0.053125
6 0.753125 0.785156 0.028125 0.023438
6 0.464844 0.899219 0.039062 0.039062
9 0.351562 0.907813 0.065625 0.056250
7 0.105469 0.737500 0.085938 0.081250
9 0.437500 0.700781 0.193750 0.076563
7 0.513281 0.775000 0.057813 0.053125
7 0.151562 0.832812 0.065625 0.075000
6 0.213281 0.854688 0.076563 0.056250
6 0.536719 0.825781 0.076563 0.035937
6 0.126562 0.193750 0.031250 0.018750
6 0.167187 0.214844 0.043750 0.026562
6 0.254688 0.270313 0.015625 0.015625