6 0.960938 0.636719 0.025000 0.032813
6 0.932813 0.691406 0.018750 0.029687
6 0.848437 0.684375 0.025000 0.025000
6 0.905469 0.639844 0.014063 0.014063
6 0.950000 0.598437 0.015625 0.012500
6 0.964063 0.573438 0.015625 0.012500
6 0.996875 0.503906 0.003125 0.023438
6 0.721875 0.653906 0.012500 0.026562
6 0.734375 0.634375 0.015625 0.021875
6 0.773438 0.598437 0.009375 0.015625
6 0.707812 0.721875 0.015625 0.034375
6 0.683594 0.714844 0.014063 0.020313
6 0.648438 0.721875 0.028125 0.037500
6 0.763281 0.437500 0.017188 0.025000
6 0.788281 0.453125 0.010937 0.018750
6 0.771875 0.485938 0.012500 0.028125
6 0.650000 0.625000 0.012500 0.028125
6 0.662500 0.595313 0.015625 0.018750
6 0.648438 0.528125 0.012500 0.018750
6 0.615625 0.550000 0.012500 0.015625
6 0.575000 0.598437 0.015625 0.025000
6 0.953125 0.779687 0.034375 0.037500
6 0.984375 0.756250 0.015625 0.028125
6 0.720313 0.559375 0.012500 0.018750
6 0.668750 0.560937 0.037500 0.034375
6 0.431250 0.327344 0.009375 0.020313
6 0.260937 0.560937 0.012500 0.015625
6 0.392188 0.696875 0.015625 0.021875
6 0.360938 0.707812 0.009375 0.018750
6 0.420312 0.014063 0.006250 0.015625
6 0.453125 0.242969 0.012500 0.035937
6 0.359375 0.248438 0.012500 0.028125