364.0000199748465 132.574 340.3219999999419 132.574 340.32203713089984 105.27699999999997 364.00000000001455 105.27699999999997 moderate-corrosion 0
87.22032717691036 133.91672588651804 57.463136514124926 134.8778155422374 53.10700000001816 -1.1449996853268662e-12 82.86395831921254 -0.9610855528840645 severe-corrosion 0
115.56600000003527 107.24099999999365 116.51586566200422 52.8943266555314 178.94975784351118 53.985550111175726 177.99999804628897 108.33211179707342 moderate-corrosion 0
364.00000000001455 -0.000009701972882035259 364.00000871108205 99.23500000001076 353.439989387698 99.23499026515911 353.4399999999732 -2.487988899574836e-11 moderate-corrosion 0
279.00000559289765 134 242.8020000000106 134 242.80200861918274 130.00000000000003 279.00000000001455 130.00000000000003 mild-corrosion 0
648.5316316939134 59.968975699883266 638.7797383261932 125.49084135587512 354.24769127472246 83.14140704781921 364.00000000001455 17.619999999997024 severe-corrosion 0
106 366 247 366 247 545 106 545 moderate-corrosion 0
67 498 79 498 79 515 67 515 mild-corrosion 0
27 345 55 345 55 379 27 379 mild-corrosion 0
121 342 134 342 134 361 121 361 mild-corrosion 0
2 164 38 164 38 249 2 249 mild-corrosion 0
364 134 640 134 640 640 364 640 severe-corrosion 0