284 119 294 119 294 158 284 158 moderate-corrosion 0
271 0 290 0 290 36 271 36 moderate-corrosion 0
232 25 255 25 255 59 232 59 moderate-corrosion 0
209 207 223 207 223 229 209 229 mild-corrosion 0
217 127 232 127 232 149 217 149 mild-corrosion 0
228 17 254 17 254 59 228 59 mild-corrosion 0
204 252 216 252 216 278 204 278 mild-corrosion 0
287 294 294 294 294 336 287 336 moderate-corrosion 0
278 45 292 45 292 71 278 71 moderate-corrosion 0
587.2020445742965 55.17882315044831 649.119619146295 66.6397772315413 594.1765074957948 363.46068628679694 532.2589999999764 351.9999999999956 severe-corrosion 0
0 352 294 352 294 640 0 640 severe-corrosion 0
452.11041973438114 639.9998158590718 452.1263547024864 351.98590499951996 640.0058217521291 352.0000004589676 639.999999949141 640.0031891387904 corroded-part 0