7 0.057031 0.991406 0.032813 0.017188
7 0.440625 0.733594 0.018750 0.070312
6 0.094531 0.574219 0.023438 0.010937
6 0.128906 0.727344 0.020313 0.042188
6 0.407813 0.749219 0.021875 0.035937
6 0.436719 0.863281 0.026562 0.051562
6 0.085938 0.832812 0.015625 0.018750
6 0.020313 0.713281 0.018750 0.017188
6 0.171875 0.778906 0.012500 0.017188
6 0.290625 0.712500 0.015625 0.009375
6 0.295312 0.585156 0.012500 0.017188
6 0.068750 0.917188 0.009375 0.021875
6 0.304688 0.939844 0.012500 0.014063
6 0.367188 0.848437 0.018750 0.028125