9 0.255469 0.975781 0.054688 0.048438
7 0.407813 0.760938 0.053125 0.056250
7 0.395313 0.923438 0.050000 0.068750
7 0.040625 0.771875 0.025000 0.050000
7 0.118750 0.789062 0.056250 0.106250
7 0.184375 0.659375 0.046875 0.053125
7 0.565625 0.872656 0.006250 0.023438
7 0.519531 0.873437 0.023438 0.043750
6 0.232813 0.884375 0.050000 0.056250
6 0.176563 0.835156 0.021875 0.029687
6 0.260937 0.629687 0.009375 0.018750
6 0.075000 0.695312 0.009375 0.021875
6 0.467187 0.828125 0.021875 0.040625
6 0.301563 0.876563 0.043750 0.053125
6 0.050000 0.637500 0.037500 0.037500
6 0.398438 0.836719 0.037500 0.054688
6 0.298438 0.965625 0.034375 0.068750
6 0.179688 0.971875 0.062500 0.056250
9 0.700913 0.809375 0.264325 0.381250