7 0.668750 0.178125 0.034375 0.050000
7 0.623437 0.231250 0.012500 0.012500
6 0.915625 0.260156 0.021875 0.026562
6 0.962500 0.246875 0.012500 0.009375
6 0.859375 0.381250 0.012500 0.015625
6 0.714063 0.283594 0.009375 0.010937
6 0.881250 0.301563 0.012500 0.015625
6 0.570312 0.114062 0.003125 0.009375
6 0.830469 0.053125 0.014063 0.015625
6 0.664062 0.057813 0.053125 0.021875
6 0.779687 0.407031 0.015625 0.010937
9 0.485218 0.733474 0.049754 0.442074
9 0.454538 0.586641 0.013744 0.107736
9 0.631995 0.477020 0.126489 0.075914