167.00006530852988 316 131.44195000750187 316 131.44207454832213 289.688 166.99997834075475 289.688 corroded-part 0
303.23808725683193 217.654074440028 284.27358478773385 256.5895193165172 204.11318228427263 217.54639694106663 223.07773643806286 178.61123729257457 severe-corrosion 0
276.7094298469601 166.4432527593186 285.6092589945911 126.58662635722301 355.6144411274727 142.21820685819768 346.71480225850246 182.07466692377852 severe-corrosion 0
390 55.40599999999999 493 55.40599999999999 493 390 390 390 severe-corrosion 0
639.9999999999272 156.47295895849138 640.0001355674613 241.68800000035642 613.6149777870014 241.68792650787393 613.6150069751602 156.47304760150118 severe-corrosion 0
583 248 603 248 603 278 583 278 mild-corrosion 0
0 390 390 390 390 640 0 640 corroded-part 0
383.00158979000116 604.4039755919941 391.3582152986055 519.703044397444 648.051788795492 545.0169211962982 639.7002079831873 629.7132769682966 severe-corrosion 0
390 390 421 390 421 433 390 433 severe-corrosion 0
390 446 397 446 397 480 390 480 severe-corrosion 0
506 493 544 493 544 526 506 526 severe-corrosion 0
533 390 640 390 640 468 533 468 severe-corrosion 0
576 480 606 480 606 499 576 499 severe-corrosion 0
438.2283915816515 451.33786024023635 451.9708117477421 447.826232980036 458.3604001452477 472.82739192216127 444.6179858109099 476.33900362574485 mild-corrosion 0
448 490 457 490 457 513 448 513 mild-corrosion 0