152 348 194 348 194 411 152 411 moderate-corrosion 0
291.1304347337864 261.92892649062884 255.66542302905873 272.2879376979854 177.3975301360042 4.335115022641829 212.86148600003798 -6.023720592090218 severe-corrosion 0
225.65593197607086 0.1720347797160249 286.6780941338948 -30.698077274672645 384.69509782684327 163.05541357254924 323.6731028852955 193.92530803507304 severe-corrosion 0
310 391 345 391 345 422 310 422 moderate-corrosion 0
0 375 32 375 32 422 0 422 moderate-corrosion 0
65 323 87 323 87 353 65 353 moderate-corrosion 0
75 397 91 397 91 422 75 422 moderate-corrosion 0
0 0 240 0 240 331.509 0 331.509 moderate-corrosion 0
345 0 640 0 640 422 345 422 severe-corrosion 0
0 452 125.809 452 125.809 640 0 640 severe-corrosion 0
541.2572210936196 552.8360073819105 517.3621653836744 552.0381952151549 519.0018323573167 502.94513710646424 542.8964325602283 503.74294171774886 moderate-corrosion 0