306.010035424988 389.3814873669726 306.9672563936183 440.6382014292694 140.64265680048265 443.7412193479981 139.68677550918073 392.4858285623459 severe-corrosion 0
22.21400000002177 423.8620000000142 21.15947795318789 409.11230081093333 132.9370000000199 401.1209999999969 133.99175551196095 415.87044554810836 moderate-corrosion 0
433.33051141038595 251.47164513238278 525.6160242525948 249.1130238037207 527.9269999999815 339.5290000000002 435.6414874683833 341.8875981542098 moderate-corrosion 0
507.79204044651124 210.65312569889355 551.4980498955993 206.42429997196155 568.7527600266185 384.74627943261333 525.0467635379027 388.97502287871157 severe-corrosion 0
243.72565708305046 468.12690479914323 246.62121461347851 493.1333522890303 204.98635140655097 497.95325948833926 202.09100000000035 472.946999999986 severe-corrosion 0
639.9999946317257 378.02676286974184 640.815278525406 414.03926687615456 580.3843467614206 415.4067240448256 579.5693898849277 379.39453746864285 severe-corrosion 0
471.18414203461725 483.4149947383522 455.63251979219785 483.99110174096114 454.11559785483405 443.0471029115645 469.6669999999722 442.47100000000137 moderate-corrosion 0
471.0150578149478 219.52899778748147 457.26935976257664 220.0550314971805 455.302404207323 168.65703174685865 469.0479999999661 168.13100000000023 mild-corrosion 0
372.69500000002154 262.0660000000193 372.26263403659686 237.45974836027074 387.45660002648947 237.19278871193464 387.8890000980027 261.7990055755248 mild-corrosion 0
394.2230415578524 300.4975623709944 372.49415616097394 301.586448390569 371.79199999998673 287.5750000000011 393.5208187701937 286.4861156543774 mild-corrosion 0
379.4390008406481 375.757002487754 369.23454013784067 345.5591094833539 382.99050999368774 340.9111660599151 393.1949999999779 371.10899999998014 mild-corrosion 0