0 337.38200000000234 -1.3807593136880314 124.5997897690868 255.99999999998545 122.92900000000344 257.3854177878093 335.70660944475725 severe-corrosion 0
208.08593918773113 87.00000504791174 208.08600000003935 -0.00007089655788267656 255.99999999998545 -2.3003361733684885e-11 256.0000126185332 86.9999880961808 moderate-corrosion 0
0 24 27 24 27 67 0 67 mild-corrosion 0
56 0 70 0 70 15 56 15 mild-corrosion 0
256 0 516 0 516 403 256 403 severe-corrosion 0
541 14 550 14 550 48 541 48 moderate-corrosion 0
538 97 567 97 567 155 538 155 moderate-corrosion 0
636 246 640 246 640 296 636 296 moderate-corrosion 0
537 343 550 343 550 389 537 389 moderate-corrosion 0
0 403 256 403 256 495.213 0 495.213 severe-corrosion 0
256.00112200183503 540.3820000000001 64.00949348331778 540.3820000000001 64.0106508089957 509.83999999999986 255.99999999998545 509.83999999999986 severe-corrosion 0
314.457401862237 639.9996771382006 314.4720095145749 402.99294293753735 640.0000244085095 403.01379476396215 640.0002119326382 640.0047724409359 severe-corrosion 0
268 559 310 559 310 621 268 621 mild-corrosion 0