91.13434995619173 344.9992498904247 91.14059979168815 133.29940860303472 303.82180377913755 133.3070587097329 303.8197944199783 345.0021059787774 severe-corrosion 0
0 220.015 12 220.015 12 235 0 235 mild-corrosion 0
409 117.02200000000002 640 117.02200000000002 640 345 409 345 severe-corrosion 0
82.55499999999302 519.6759999999675 87.95826753776055 475.69143525138554 124.36418700322974 480.1629439327901 118.96125067396497 524.1472064879101 severe-corrosion 0
227.85018606220547 520.3855670266064 216.75397150458593 525.0785006384529 201.26106531068217 488.45311607256303 212.35713451438642 483.7602174618308 severe-corrosion 0
409.00091897841776 610.9310000000002 365.2173061499343 610.9310000000002 365.2192143017601 447.75100000000003 409.00000000001455 447.75100000000003 severe-corrosion 0
94.2409965564002 549.0479999065071 115.14708444119606 549.6156010987302 114.47808777920727 574.2505982696018 93.57200000005832 573.683000000001 severe-corrosion 0
173.34072044395725 571.4943706754409 186.4117161121976 570.6731453552808 190.75786257672007 639.8299356950905 177.68686810981308 640.6511481452168 severe-corrosion 0
345.1396483463759 594.9887732999704 322.3270000000048 595.7560000000007 320.96074671368115 555.1362200640503 343.77300000000105 554.3690000000005 severe-corrosion 0
364.1959172609495 474.35136679591614 392.66248538333457 524.0089584991769 246.79858969975612 607.6052832607868 218.3339353442716 557.9493433345631 severe-corrosion 0
105.78778531431453 625.3815399474508 94.59300000002258 624.7269999999994 96.44637560304545 593.0384647751087 107.64100000000326 593.6929999999991 severe-corrosion 0
300.8811238074122 594.3759856805239 287.05638189763704 595.9749449155257 283.2084552728338 562.7129477182095 297.03300000001036 561.1139999999963 moderate-corrosion 0
529 345 563 345 563 532 529 532 severe-corrosion 0
409 464 431 464 431 567 409 567 severe-corrosion 0
409 627 424 627 424 640 409 640 severe-corrosion 0
435 625 472 625 472 640 435 640 severe-corrosion 0
614 430 640 430 640 604 614 604 severe-corrosion 0
488 373 528 373 528 505 488 505 severe-corrosion 0
447 391 473 391 473 467 447 467 severe-corrosion 0
568 389 600 389 600 544 568 544 severe-corrosion 0
565 594 599 594 599 640 565 640 moderate-corrosion 0
519 624 552 624 552 640 519 640 moderate-corrosion 0
493 553 510 553 510 594 493 594 moderate-corrosion 0
450 474 469 474 469 500 450 500 moderate-corrosion 0
453 515 468 515 468 541 453 541 moderate-corrosion 0