0 0 128 0 128 304.321 0 304.321 moderate-corrosion 0
128 0 193 0 193 339 128 339 severe-corrosion 0
216 0 299 0 299 339 216 339 severe-corrosion 0
315 0 396 0 396 339 315 339 severe-corrosion 0
435 0 520 0 520 339 435 339 severe-corrosion 0
515 0 637 0 637 339 515 339 severe-corrosion 0
397 180 421 180 421 206 397 206 moderate-corrosion 0
57 339 92 339 92 584 57 584 moderate-corrosion 0
200.20449311647099 338.9984935100499 200.20682067333837 526.8430797888716 127.99999949944322 526.8424353847754 127.99983709046501 339.0000000034777 severe-corrosion 0
320.60978513225564 639.9998612494348 218.78198419821274 642.4420970778032 212.74054211789917 390.4216524728962 314.55842111936363 387.9795364181817 severe-corrosion 0
470 339 577 339 577 502 470 502 severe-corrosion 0
344 339 438 339 438 495 344 495 moderate-corrosion 0