109.15805357908539 74.58638186525432 28.10311035165796 63.56475706470494 37.77825485180074 -7.587228395554158 118.83304374212457 3.434385205102069 severe-corrosion 0
254.17011284618638 21.433287556516284 383.3115623570484 30.261232431153687 376.57960665848805 128.74077433598836 247.43816242786124 119.91285410758918 severe-corrosion 0
377 0 640 0 640 224 377 224 severe-corrosion 0
12.110392543472699 284.67088109944837 263.6202541043167 240.769170860748 332.64497281998047 636.1557105267854 81.13569174369331 680.0543271209666 severe-corrosion 0
243 359 307 359 307 405 243 405 mild-corrosion 0
374.35124081173853 334.291290678466 378.41828530428756 357.7202897724394 338.46236200479325 364.6554484607224 334.3954572793882 341.2265734741615 mild-corrosion 0
377 444.727 640 444.727 640 640 377 640 severe-corrosion 0
390 384 429 384 429 440 390 440 severe-corrosion 0
379 280 402 280 402 326 379 326 severe-corrosion 0
611.5552434558049 225.23320249299883 659.2366932214645 465.66105524182007 441.01328263932373 508.92759619048917 393.34027161443373 268.5073313676235 corroded-part 0
608.1579999999667 229.0650000000011 634.0181549591944 226.66193738439475 647.3419850676873 370.0356335667618 621.4818358466437 372.4386578799352 severe-corrosion 0