9 0.044576 0.039956 0.045193 0.079913
9 0.304688 0.134375 0.609375 0.268750
9 0.541406 0.977344 0.032813 0.045312
9 0.007031 0.903906 0.014063 0.104688
9 0.008594 0.985156 0.017188 0.029687
9 0.043750 0.962500 0.021875 0.075000
9 0.513281 0.792969 0.017188 0.414062
6 0.259375 0.912500 0.040625 0.062500
6 0.303125 0.863281 0.034375 0.054688
6 0.133594 0.982812 0.020313 0.034375
6 0.042188 0.665625 0.021875 0.059375
6 0.057031 0.328906 0.045312 0.120313
6 0.234375 0.668750 0.056250 0.056250
6 0.126562 0.678125 0.025000 0.037500
6 0.431250 0.921875 0.034375 0.056250
9 0.553125 0.612500 0.015625 0.687500
9 0.590625 0.839844 0.037500 0.320312
6 0.132031 0.889062 0.032813 0.037500
6 0.090625 0.453125 0.028125 0.090625
6 0.085156 0.556250 0.035937 0.043750