6 0.306250 0.412500 0.106250 0.175000
6 0.323437 0.284375 0.034375 0.056250
6 0.064844 0.114062 0.129688 0.184375
9 0.638281 0.139063 0.467187 0.278125
7 0.115625 0.613281 0.159375 0.179688
6 0.304688 0.528125 0.037500 0.028125
7 0.960938 0.565625 0.053125 0.081250
7 0.823438 0.603906 0.028125 0.060937
6 0.913281 0.526563 0.026562 0.040625
6 0.701562 0.726562 0.021875 0.034375
6 0.714844 0.601562 0.023438 0.034375
6 0.992969 0.856250 0.014063 0.025000
6 0.692187 0.800000 0.018750 0.040625
7 0.703125 0.970313 0.028125 0.059375
7 0.831250 0.879687 0.034375 0.065625
7 0.948438 0.860938 0.043750 0.081250
7 0.971094 0.751563 0.039062 0.053125
7 0.893750 0.688281 0.050000 0.064062
7 0.897656 0.963281 0.064062 0.073438