320 -0.00000946977639607407 320.00003838118573 59.12400776670158 192.99996819987427 59.12397659264719 193.00000237817585 0.000005107422121063842 severe-corrosion 0
68.66894694961957 107.79493491956033 79.67291338150972 121.29421771243855 42.497999999977765 151.59699999999106 31.494066961531644 138.0977483052909 severe-corrosion 0
14 318 76 318 76 426 14 426 severe-corrosion 0
222 576 298 576 298 640 222 640 severe-corrosion 0
120 452 168 452 168 513 120 513 severe-corrosion 0
309 341 320 341 320 392 309 392 severe-corrosion 0
135 297 165 297 165 353 135 353 moderate-corrosion 0
100 320 120 320 120 364 100 364 moderate-corrosion 0
489 321 535 321 535 387 489 387 moderate-corrosion 0
561 413 578 413 578 429 561 429 moderate-corrosion 0
448 481 460 481 460 495 448 495 mild-corrosion 0
635 265 640 265 640 277 635 277 mild-corrosion 0
428.8865974698274 338.16234113123994 415.85602200517314 352.5319770145777 348.73654451264883 291.67148185254996 361.76699999996345 277.30200000000656 mild-corrosion 0