186 424 333 424 333 582 186 582 moderate-corrosion 0
274 26 432 26 432 215 274 215 moderate-corrosion 0
518 74 596 74 596 160 518 160 moderate-corrosion 0
123 473 185 473 185 561 123 561 mild-corrosion 0
0 543 53 543 53 614 0 614 mild-corrosion 0
153 8 184 8 184 36 153 36 mild-corrosion 0
152 53 179 53 179 81 152 81 mild-corrosion 0
466 306 490 306 490 343 466 343 mild-corrosion 0
406 373 425 373 425 401 406 401 mild-corrosion 0
612 78 630 78 630 100 612 100 mild-corrosion 0
579 334 604 334 604 368 579 368 mild-corrosion 0
554 513 581 513 581 564 554 564 mild-corrosion 0
527 584 551 584 551 615 527 615 mild-corrosion 0
446 583 481 583 481 627 446 627 mild-corrosion 0
358 566 390 566 390 609 358 609 mild-corrosion 0
401 614 414 614 414 634 401 634 mild-corrosion 0
357 438 383 438 383 474 357 474 mild-corrosion 0
372 493 392 493 392 518 372 518 mild-corrosion 0
0 481 19 481 19 514 0 514 mild-corrosion 0
54 416 71 416 71 438 54 438 mild-corrosion 0
43 401 59 401 59 423 43 423 mild-corrosion 0
0 31 18 31 18 66 0 66 mild-corrosion 0
77 61 92 61 92 81 77 81 mild-corrosion 0
76 83 89 83 89 98 76 98 mild-corrosion 0
286 239 299 239 299 256 286 256 mild-corrosion 0
205 190 219 190 219 215 205 215 mild-corrosion 0
112 200 131 200 131 232 112 232 mild-corrosion 0
111 599 130 599 130 626 111 626 mild-corrosion 0
128 625 146 625 146 640 128 640 mild-corrosion 0
148 438 167 438 167 461 148 461 mild-corrosion 0
513 472 538 472 538 506 513 506 mild-corrosion 0
492 452 505 452 505 472 492 472 mild-corrosion 0
321 319 340 319 340 341 321 341 mild-corrosion 0