7 0.315625 0.064062 0.034375 0.050000
7 0.270313 0.010937 0.012500 0.012500
7 0.078906 0.021875 0.020313 0.015625
6 0.104688 0.255469 0.012500 0.032813
6 0.074219 0.075000 0.010937 0.006250
6 0.214844 0.128125 0.010937 0.009375
6 0.053125 0.131250 0.012500 0.009375
6 0.395322 0.077872 0.028688 0.004436
6 0.310937 0.184375 0.053125 0.021875
7 0.065625 0.248438 0.034375 0.025000
3 0.700000 0.213869 0.600000 0.209762
9 0.186524 0.622387 0.039164 0.163532
6 0.415625 0.416406 0.025000 0.039062
6 0.992969 0.430469 0.014063 0.017188
6 0.910937 0.443750 0.018750 0.018750