6 0.214844 0.612500 0.007812 0.015625
6 0.290625 0.615625 0.006250 0.009375
6 0.313281 0.666406 0.007812 0.004687
6 0.070312 0.657813 0.009375 0.012500
6 0.082031 0.664062 0.004687 0.009375
6 0.263281 0.382812 0.004687 0.009375
6 0.312500 0.377344 0.003125 0.007812
6 0.290625 0.343750 0.003125 0.006250
6 0.225000 0.531250 0.003125 0.009375
6 0.489844 0.306250 0.007812 0.015625
6 0.476562 0.362500 0.015625 0.031250
6 0.367188 0.663281 0.009375 0.010937
6 0.496094 0.649219 0.004687 0.010937
6 0.483594 0.657813 0.004687 0.006250
6 0.467187 0.607812 0.006250 0.012500
6 0.455469 0.649219 0.001563 0.007812
6 0.450781 0.650000 0.004687 0.006250
6 0.448437 0.643750 0.003125 0.006250
6 0.443750 0.638281 0.003125 0.007812
6 0.436719 0.608594 0.004687 0.007812
6 0.485938 0.562500 0.006250 0.009375
6 0.402344 0.056250 0.014063 0.025000
6 0.200000 0.256250 0.006250 0.009375
6 0.392969 0.278125 0.023438 0.028125
6 0.326562 0.200000 0.006250 0.012500
7 0.870313 0.733594 0.028125 0.129688