319.99999999992724 -0.0002131765345512079 320.0001675162639 113.3089999999296 83.15366496972274 113.30857364922721 83.153999999995 1.988641814585064e-11 corroded-part 0
486 352 512 352 512 379 486 379 moderate-corrosion 0
507 105 522 105 522 115 507 115 mild-corrosion 0
583 138 599 138 599 154 583 154 mild-corrosion 0
550 45 561 45 561 55 550 55 mild-corrosion 0
489 64 497 64 497 72 489 72 mild-corrosion 0
547 384 603 384 603 640 547 640 severe-corrosion 0
320 504 333 504 333 593 320 593 severe-corrosion 0
469 420 526 420 526 640 469 640 moderate-corrosion 0
428 599 472 599 472 640 428 640 moderate-corrosion 0
365 537 399 537 399 620 365 620 mild-corrosion 0
364 450 395 450 395 498 364 498 mild-corrosion 0
357 384 391 384 391 394 357 394 mild-corrosion 0