6 0.259375 0.040625 0.028125 0.028125
6 0.356250 0.178125 0.046875 0.131250
6 0.139063 0.154688 0.015625 0.021875
6 0.232813 0.321094 0.031250 0.017188
6 0.325781 0.287500 0.014063 0.015625
9 0.594964 0.657966 0.136804 0.264649
7 0.007031 0.675000 0.014063 0.093750
7 0.497656 0.974219 0.039062 0.051562
6 0.170313 0.954688 0.018750 0.025000
6 0.612500 0.901563 0.018750 0.031250
6 0.600000 0.832812 0.028125 0.028125
7 0.907813 0.648438 0.034375 0.040625
7 0.846875 0.623437 0.031250 0.040625
7 0.790625 0.574219 0.065625 0.051562