318.99999532091897 105.99998813367097 319.00001008245454 140.0000076566206 296.26598964750883 139.9999919035155 296.26601042749826 106.00000872574441 severe-corrosion 0
137.29594561402337 185.00001977050835 137.29601587438083 85.44896065582225 161.99999528063927 85.44903911933707 162.0000510171667 184.99996708757098 severe-corrosion 0
157.64581224873837 284.43865078568047 94.34406637534266 289.02421084181486 87.29800000000978 191.7520000000009 150.59866544354009 187.16647899994726 severe-corrosion 0
0 54.292 25 54.292 25 112 0 112 severe-corrosion 0
90.00000428583007 299.99999999999994 48.52200000001176 299.99999999999994 48.52207437143079 285.272 89.99994610894646 285.272 severe-corrosion 0
658.9720425206906 231.6104771606207 639.2476846338832 276.72055857127356 422.1185327211424 181.7822997744583 441.843109697802 136.6731133800477 corroded-part 0
194.38260403498134 611.0001260229036 194.3839302453125 491.3078109671383 248.0000035854755 491.30900000008836 248.00000595125312 610.9999566488689 corroded-part 0
0 497.84100000002707 -2.4943572135816794 301.9688448150712 376.48340201070823 297.1379748622588 378.9888327047811 492.9989154687167 severe-corrosion 0
136 406 175 406 175 440 136 440 severe-corrosion 0
253 384 307 384 307 445 253 445 severe-corrosion 0
64 398 82 398 82 430 64 430 severe-corrosion 0
0 392 7 392 7 413 0 413 severe-corrosion 0
255 310 277 310 277 360 255 360 severe-corrosion 0
318 359 353 359 353 391 318 391 severe-corrosion 0
376 399 384 399 384 417 376 417 severe-corrosion 0
218 354 262 354 262 379 218 379 severe-corrosion 0
188 630 208 630 208 640 188 640 moderate-corrosion 0
287 579 303 579 303 598 287 598 moderate-corrosion 0
640.077170747536 307.65526631744723 637.3469864717481 602.6735808280393 437.5838032132742 600.8170632105928 440.32399999996414 305.8089999999945 severe-corrosion 0
640.0096420334012 341.65314119226184 639.9581999412476 379.2000457029294 495.46199999997043 379.00000000002854 495.51416864589555 341.45379915316346 moderate-corrosion 0