616.8570178831578 578.8561049839367 570.0139157874219 599.6329019741836 513.2452033935988 471.66769603895114 560.0861494773562 450.8914437164193 severe-corrosion 0
458.4047890983493 324.0126446089477 486.26098251224903 315.0979431233072 511.10203847289085 392.71308990681115 483.2458892800787 401.62769510098803 severe-corrosion 0
60.66899999997986 414.1839999999832 54.14296068294789 383.98197690661397 324.37931391868915 325.59312017399515 330.9061267486686 355.7938407709985 severe-corrosion 0
635.3599377253704 81.62276575680733 670.8749166622147 395.59981572800206 63.060994393526926 464.319718044521 27.567057912310702 150.36160949763016 severe-corrosion 0
600 143 619 143 619 166 600 166 mild-corrosion 0
581 242 609 242 609 278 581 278 mild-corrosion 0
620 183 640 183 640 206 620 206 mild-corrosion 0
386 130 401 130 401 148 386 148 mild-corrosion 0
406 475 423 475 423 499 406 499 mild-corrosion 0
519 518 526 518 526 528 519 528 mild-corrosion 0
393 293 413 293 413 310 393 310 mild-corrosion 0
410 405 420 405 420 420 410 420 mild-corrosion 0
374 423 383 423 383 438 374 438 mild-corrosion 0
26 175 35 175 35 198 26 198 mild-corrosion 0