7 0.659375 0.526563 0.062500 0.059375
7 0.414844 0.256250 0.073438 0.040625
7 0.283594 0.287500 0.070312 0.050000
7 0.379688 0.332813 0.068750 0.046875
7 0.499219 0.367188 0.029687 0.025000
7 0.206250 0.451562 0.081250 0.062500
7 0.396094 0.478906 0.064062 0.079687
6 0.003906 0.377344 0.007812 0.026562
6 0.159375 0.842187 0.040625 0.025000
6 0.124219 0.297656 0.023438 0.026562
6 0.598437 0.646875 0.040625 0.028125
6 0.354687 0.824219 0.034375 0.023438
6 0.653906 0.006250 0.048438 0.012500
6 0.278906 0.867188 0.039062 0.028125
6 0.360156 0.857031 0.029687 0.020313
6 0.653125 0.851562 0.028125 0.021875
6 0.463281 0.222656 0.026562 0.020313