145.00908241054276 1.7550999948593204 364.8711598382215 53.1265094507327 263.6385917227017 486.36928500699815 43.77699999997276 434.9999999999988 severe-corrosion 0
434.19754167465726 96.53951294192488 533.8144267832831 99.71589972550663 523.0282800466375 437.9730886676741 423.41139176060096 434.7968096500247 moderate-corrosion 0
372 435 391 435 391 448 372 448 moderate-corrosion 0
349 435 395 435 395 459 349 459 moderate-corrosion 0
404 482 422 482 422 510 404 510 moderate-corrosion 0
529 435 544 435 544 450 529 450 moderate-corrosion 0
565.2339582104469 519.2556188629849 581.2187158176675 514.8403848362759 590.8065160526166 549.5445064024875 574.821771104107 553.9597088429955 severe-corrosion 0
370.29003728013777 608.5839468026822 382.5934171589324 608.1985350744638 383.1904843016673 627.2531602914962 370.88710450298095 627.6385703319152 moderate-corrosion 0
333.6320228459226 638.6610108423715 315.65010452199203 630.1270271810141 323.0692046740296 614.499050685316 341.05100000000675 623.032999999999 mild-corrosion 0
393.7459383092937 640.0000297856888 393.74622482988343 600.6268949417731 451.19188332595513 600.627298543547 451.1921193733724 639.9999065396923 moderate-corrosion 0
470.15894255033345 442.7531097114891 471.6716648671718 460.0827782115885 452.38966156081005 461.765611858635 450.876999999964 444.43600000001334 mild-corrosion 0