344.9999495388329 25.787923994019238 364.78405963433033 55.587256837719 296.4123140343145 100.97978882798512 276.6282684170437 71.18051510379021 severe-corrosion 0
272.4736759424559 81.38278802168286 284.35439276043326 77.24701352283883 302.330435249969 128.88586540055698 290.4497225942032 133.0216308706018 severe-corrosion 0
0 52 25 52 25 115 0 115 moderate-corrosion 0
269.8263730526378 183.19625011046415 292.542761433142 179.73628430636708 301.0495848312712 235.58608240586267 278.33319986762945 239.0460328987399 severe-corrosion 0
222 110 256 110 256 228 222 228 mild-corrosion 0
144 21 195 21 195 87 144 87 moderate-corrosion 0
90 110 112 110 112 140 90 140 moderate-corrosion 0
86 40 102 40 102 65 86 65 moderate-corrosion 0
356.58186379339895 155.6417089304215 319.6661838073487 51.22185461304134 603.8113727657765 -49.233013092898105 640.7274051957211 55.18621796970344 severe-corrosion 0
0 236 345 236 345 640 0 640 severe-corrosion 0
425.0607702331763 568.8164747639411 446.5975252280623 566.3896366649101 454.8149218260369 639.2949589462407 433.27817351229896 641.7217569839619 severe-corrosion 0
495.68039871533983 636.9378378198032 485.00228980672546 637.9134046080638 475.8383660471736 537.632544711769 486.51599999997416 536.6570000000003 moderate-corrosion 0