640.0010515646136 640 522.0040000000154 640 522.0052359348483 598.461 640 598.461 severe-corrosion 0
0 362 256 362 256 640 0 640 severe-corrosion 0
29 126 133 126 133 269 29 269 severe-corrosion 0
299 4 397 4 397 135 299 135 moderate-corrosion 0
516 388 576 388 576 495 516 495 moderate-corrosion 0
586 237 640 237 640 353 586 353 moderate-corrosion 0
564 0 610 0 610 16 564 16 moderate-corrosion 0
0 0 82 0 82 50 0 50 mild-corrosion 0
125 0 207 0 207 32 125 32 mild-corrosion 0
128 86 194 86 194 358 128 358 mild-corrosion 0
281 355 433 355 433 639 281 639 mild-corrosion 0