6 0.253125 0.635938 0.009375 0.015625
6 0.225000 0.646094 0.012500 0.023438
6 0.242188 0.650000 0.009375 0.028125
6 0.197656 0.434375 0.007812 0.015625
6 0.273438 0.437500 0.006250 0.009375
6 0.296875 0.492188 0.006250 0.012500
6 0.181250 0.640625 0.009375 0.028125
6 0.194531 0.646094 0.007812 0.014063
6 0.210156 0.612500 0.007812 0.015625
6 0.153125 0.578125 0.012500 0.015625
6 0.139063 0.605469 0.009375 0.014063
6 0.096875 0.601562 0.012500 0.012500
6 0.124219 0.579688 0.007812 0.006250
6 0.146875 0.558594 0.006250 0.004687
6 0.153906 0.546875 0.007812 0.006250
6 0.172656 0.512500 0.004687 0.012500
6 0.181250 0.563281 0.003125 0.010937
6 0.033594 0.586719 0.007812 0.014063
6 0.039062 0.577344 0.009375 0.010937
6 0.058594 0.559375 0.004687 0.009375
6 0.025781 0.620313 0.007812 0.018750
6 0.013281 0.616406 0.007812 0.010937
6 0.295312 0.517969 0.003125 0.007812
6 0.053125 0.479687 0.009375 0.012500
6 0.065625 0.487500 0.006250 0.009375
6 0.057813 0.503125 0.006250 0.015625
6 0.003125 0.557813 0.006250 0.009375
6 0.148438 0.650000 0.015625 0.018750
6 0.164062 0.637500 0.009375 0.015625
6 0.031250 0.540625 0.006250 0.009375
6 0.007812 0.539844 0.015625 0.017188
6 0.246094 0.204687 0.004687 0.009375
6 0.295312 0.199219 0.003125 0.007812
6 0.273438 0.165625 0.003125 0.006250
6 0.207813 0.353125 0.003125 0.009375
6 0.472656 0.128125 0.007812 0.015625
6 0.459375 0.184375 0.015625 0.031250
6 0.334375 0.593750 0.006250 0.009375
6 0.330469 0.507031 0.007812 0.020313
6 0.350000 0.488281 0.009375 0.014063
6 0.400000 0.508594 0.006250 0.014063
6 0.403125 0.578125 0.006250 0.015625
9 0.404663 0.649107 0.025208 0.150489
6 0.531250 0.553125 0.003125 0.021875
6 0.521094 0.554688 0.004687 0.012500
6 0.505469 0.565625 0.010937 0.015625
6 0.515625 0.507812 0.006250 0.012500
6 0.478906 0.471094 0.004687 0.010937
6 0.466406 0.479687 0.004687 0.006250
6 0.471094 0.506250 0.004687 0.009375
6 0.467187 0.507031 0.003125 0.004687
6 0.486719 0.500781 0.001563 0.004687
6 0.490625 0.503125 0.006250 0.006250
6 0.439844 0.562500 0.007812 0.028125
6 0.417187 0.526563 0.006250 0.009375
6 0.426563 0.523438 0.003125 0.006250
6 0.441406 0.517188 0.001563 0.006250
6 0.471875 0.546875 0.003125 0.009375
6 0.490625 0.550000 0.006250 0.009375
6 0.482031 0.539844 0.001563 0.004687
6 0.479687 0.543750 0.003125 0.006250
6 0.482031 0.552344 0.004687 0.007812
6 0.571094 0.515625 0.001563 0.003125
6 0.575781 0.525000 0.004687 0.003125
6 0.447656 0.583594 0.010937 0.017188
6 0.450000 0.429688 0.006250 0.012500
6 0.438281 0.471094 0.001563 0.007812
6 0.433594 0.471875 0.004687 0.006250
6 0.431250 0.465625 0.003125 0.006250
6 0.426563 0.460156 0.003125 0.007812
6 0.419531 0.430469 0.004687 0.007812
6 0.412500 0.506250 0.006250 0.006250
6 0.409375 0.495312 0.003125 0.006250
6 0.468750 0.384375 0.006250 0.009375
6 0.182812 0.078125 0.006250 0.009375
6 0.375781 0.100000 0.023438 0.028125
6 0.309375 0.021875 0.006250 0.012500
9 0.747656 0.649930 0.257812 0.178264
6 0.804688 0.406250 0.100000 0.071875
6 0.982871 0.400272 0.038946 0.036095
9 0.309375 0.869531 0.618750 0.260937