0 72.03 198 72.03 198 270.728 0 270.728 severe-corrosion 0
639.9999997051054 228.99999499049574 640.0000186267425 263.0000086264971 625.2659855790989 262.99998487769795 625.2660123707028 229.00001703289888 severe-corrosion 0
491.00009060850425 275 466.295962780423 275 466.2961523667036 184 490.9998954110051 184 severe-corrosion 0
479.5987849280209 181.83359361776937 416.29799999995157 177.24799999999814 423.3449935974204 79.97579848574757 486.6451714159484 84.56136979568075 severe-corrosion 0
268.2138733105967 118.04395019102257 235.71177432851982 107.88946614481586 248.29203029010387 67.62347271610398 280.7940459241945 77.77794318232175 severe-corrosion 0
335.3330000000278 275.0000000000206 335.3330492274108 256.5689798444963 353.265016413643 256.5690358445642 353.26499999995576 275.0000228454743 severe-corrosion 0
549.5199093798146 19.935419582758712 559.6734587544051 43.70895490529658 530.2778075460083 56.26365261278237 520.124270897868 32.49012813119333 severe-corrosion 0
377.25198829000874 83.9210020079235 377.2520052736945 60.99599005594763 419.5959977203165 60.99601164967162 419.596006949796 83.92099713704766 severe-corrosion 0
69 474 198 474 198 640 69 640 moderate-corrosion 0
261.32595134353323 531.6430295219387 286.89336351977545 443.45951743208417 499.41679461844615 505.0643042764442 473.8538573477126 593.2439361278208 severe-corrosion 0
651.1653038668737 583.9920581463685 637.7519729330379 619.3161574366471 586.0818427221238 599.7005246867956 599.495355617837 564.3768527022991 severe-corrosion 0
401.40771513120853 518.6636486452834 440.30454308755 335.70379550240295 678.7618179607671 386.3924257024778 639.873581018328 569.3447355545798 severe-corrosion 0