307.0017854885373 313 180.71912301005796 313 180.72065620377543 161.94899999999996 307.00000000004366 161.94900000000004 severe-corrosion 0
251 7 285 7 285 125 251 125 mild-corrosion 0
119 7 141 7 141 37 119 37 moderate-corrosion 0
-18.421520029296516 294.3873038998457 22.249674598206184 3.504303852431805 256.8620660043234 36.308227517908676 216.19585175627435 327.1864804327648 moderate-corrosion 0
307 265 373 265 373 313 307 313 severe-corrosion 0
307 146 415 146 415 198 307 198 severe-corrosion 0
309 222 389 222 389 256 309 256 moderate-corrosion 0
596 17 640 17 640 39 596 39 mild-corrosion 0
417.71274900362187 337.08954532793337 439.25257905029866 334.66194590028687 448.204864187137 414.0867173928691 426.6650387781556 416.5142897019264 severe-corrosion 0
346.18399999999383 627.4270000000281 332.3939738239278 601.6964730808053 405.5064627705724 562.5229395428041 419.2965276940231 588.2529845865336 severe-corrosion 0
556.1043768336822 533.0035189738173 546.9285402038076 503.6636533122653 639.310298220953 474.7767675547777 648.4864295904845 504.1161061398426 severe-corrosion 0
488.32521144795464 407.2759806794677 477.6477369739587 408.25160840805603 468.989132747447 313.4978829059252 479.6663439134136 312.52226706070815 moderate-corrosion 0
373.3506922842935 482.0451639710057 376.5146362834639 490.6412290652344 307.29893844130856 516.1122041035487 304.135133215168 507.51625666215375 moderate-corrosion 0