167.73493157306802 33.93793588367618 180.59528517558647 75.09621351744187 124.62316307668516 92.5851932766558 111.76287596288603 51.42697223247342 severe-corrosion 0
262.0007798626466 305 197.27190645229712 305 197.2728927368007 146.714 262.00000000004366 146.714 severe-corrosion 0
195 20 203 20 203 34 195 34 mild-corrosion 0
262 0 305.496 0 305.496 307 262 307 severe-corrosion 0
541.6952260663675 306.9602853564289 443.86470829507743 308.61555987969103 438.6469602192665 0.11559911387826047 536.4729374212766 -1.5396308140599426 severe-corrosion 0
639.9999999987631 -0.0010811028338080732 640.0010087974078 307.00046642742075 531.7860667618515 306.9995313202828 531.7869999999675 3.625832336868409e-11 severe-corrosion 0
155 359 262 359 262 465 155 465 severe-corrosion 0
12 592 66 592 66 640 12 640 severe-corrosion 0
97 599 129 599 129 639 97 639 moderate-corrosion 0
1 393 27 393 27 430 1 430 moderate-corrosion 0
100 450 119 450 119 474 100 474 mild-corrosion 0
212 478 238 478 238 513 212 513 severe-corrosion 0
0 358 5 358 5 381 0 381 moderate-corrosion 0
261.9999999999709 620.6009999999922 240.2341513949068 542.2992021802024 627.0156170475093 434.7897743698669 648.7854842262459 513.0859979348711 severe-corrosion 0
591 334 613 334 613 366 591 366 moderate-corrosion 0
569 312 578 312 578 320 569 320 moderate-corrosion 0
443 318 457 318 457 328 443 328 moderate-corrosion 0
463 462 472 462 472 482 463 482 mild-corrosion 0
444 355 451 355 451 360 444 360 mild-corrosion 0
534 388 541 388 541 394 534 394 mild-corrosion 0
430 390 438 390 438 396 430 396 mild-corrosion 0
340 408 348 408 348 414 340 414 mild-corrosion 0
369 334 379 334 379 340 369 340 mild-corrosion 0
325 356 337 356 337 365 325 365 mild-corrosion 0
290 348 298 348 298 356 290 356 mild-corrosion 0
283 335 291 335 291 342 283 342 mild-corrosion 0
582 420 616 420 616 434 582 434 mild-corrosion 0
287 563 301 563 301 573 287 573 mild-corrosion 0
431 460 453 460 453 476 431 476 moderate-corrosion 0