-0.0031472332921111956 358.0000767025025 0.001484489839640446 78.44032577804535 363.9991966110392 78.44797325034786 364.00316504907096 357.9975192141436 moderate-corrosion 0
364 0 640 0 640 358 364 358 severe-corrosion 0
303 520 337 520 337 544 303 544 moderate-corrosion 0
375 488 403 488 403 542 375 542 severe-corrosion 0
457 495 553 495 553 601 457 601 severe-corrosion 0
478 416 512 416 512 464 478 464 severe-corrosion 0
568 376 600 376 600 420 568 420 moderate-corrosion 0
464 358 496 358 496 391 464 391 mild-corrosion 0
510 358 537 358 537 385 510 385 mild-corrosion 0
511 403 533 403 533 494 511 494 mild-corrosion 0
562 493 612 493 612 609 562 609 mild-corrosion 0
570.3060652588465 624.1257347487019 565.0985319703614 645.2921977961867 538.0173742445913 638.6313244641134 543.2250000000204 617.4650000000174 moderate-corrosion 0
515.825899408228 639.0647723537077 509.0877300022112 657.8814568179706 447.19869558794016 635.7253919521604 453.93700000000536 616.9090000000042 moderate-corrosion 0
426 411 466 411 466 485 426 485 mild-corrosion 0