9 0.344531 0.530029 0.689063 0.239942
9 0.963281 0.314063 0.073438 0.165625
9 0.944531 0.007031 0.032813 0.014063
9 0.745313 0.622656 0.084375 0.054688
7 0.860938 0.627344 0.050000 0.045312
7 0.707031 0.312500 0.035937 0.059375
6 0.855469 0.392188 0.029687 0.037500
6 0.891406 0.057031 0.014063 0.020313
9 0.344531 0.813393 0.689063 0.326786
9 0.792969 0.976562 0.042188 0.031250
9 0.769531 0.679688 0.092188 0.050000
9 0.717187 0.656250 0.040625 0.012500
6 0.707812 0.871875 0.025000 0.028125
6 0.796094 0.743750 0.064062 0.034375
7 0.743750 0.978125 0.031250 0.034375
7 0.695312 0.960156 0.012500 0.032813