7 0.159375 0.827344 0.028125 0.045312
7 0.169531 0.505469 0.026562 0.010937
7 0.430469 0.636719 0.064062 0.101562
7 0.358594 0.619531 0.032813 0.067187
6 0.098437 0.635938 0.012500 0.028125
6 0.147656 0.675000 0.020313 0.025000
6 0.305469 0.628906 0.032813 0.045312
6 0.401562 0.546875 0.012500 0.021875
6 0.191406 0.607812 0.023438 0.025000
6 0.274219 0.664062 0.023438 0.028125
6 0.307031 0.825781 0.020313 0.042188
6 0.585938 0.847656 0.021875 0.035937
6 0.605469 0.961719 0.007812 0.051562
6 0.264062 0.931250 0.015625 0.018750
6 0.596875 0.507031 0.015625 0.014063
6 0.603906 0.639844 0.010937 0.020313
6 0.062500 0.796094 0.012500 0.017188
6 0.198437 0.811719 0.018750 0.017188
6 0.109375 0.862500 0.028125 0.025000
6 0.350000 0.877344 0.012500 0.017188
6 0.468750 0.810937 0.015625 0.009375
6 0.473438 0.683594 0.012500 0.017188
6 0.473438 0.554688 0.009375 0.025000
6 0.131250 0.737500 0.018750 0.025000
6 0.032031 0.759375 0.010937 0.012500
6 0.545312 0.946875 0.018750 0.028125