313.0005735024315 236 133.1827718673594 236.00000000000009 133.18402791046537 154.62999999999997 312.99964083955274 154.62999999999997 mild-corrosion 0
511.1052543148253 210.50410021069592 436.4254228381469 287.3248791799814 253.31681156734703 109.32118883280636 327.99540226471436 32.50165060620243 corroded-part 0
-1.9152634371857857 437.04263963054296 2.0783007171121426 232.57948441805024 181.2002688451321 236.07768372136266 177.21137307387835 440.5363966648191 severe-corrosion 0
-3.6576219016569667 629.3028273666763 0.19519393499649595 502.51703581919674 316.8436809798004 512.130884520128 312.99963105142524 638.9081686293185 severe-corrosion 0
317 319 357 319 357 346 317 346 moderate-corrosion 0
394 338 430 338 430 364 394 364 moderate-corrosion 0
496 239 518 239 518 263 496 263 mild-corrosion 0
373 242 399 242 399 257 373 257 mild-corrosion 0
560 518 574 518 574 527 560 527 mild-corrosion 0
527 601 549 601 549 633 527 633 mild-corrosion 0
562 613 578 613 578 626 562 626 mild-corrosion 0
313 527 418 527 418 565 313 565 severe-corrosion 0
398 583 431 583 431 613 398 613 moderate-corrosion 0
409 623 456 623 456 640 409 640 mild-corrosion 0