9 0.154688 0.438281 0.093750 0.048438
9 0.103906 0.407031 0.039062 0.032813
6 0.303125 0.341406 0.034375 0.029687
6 0.476562 0.344531 0.031250 0.026562
6 0.351562 0.259375 0.025000 0.025000
6 0.376563 0.156250 0.018750 0.025000
6 0.416406 0.213281 0.051562 0.057813
6 0.411719 0.292187 0.026562 0.028125
6 0.663281 0.420312 0.023438 0.018750
6 0.345313 0.371094 0.031250 0.045312
6 0.509375 0.248438 0.040625 0.046875
6 0.482812 0.283594 0.025000 0.026562
6 0.259375 0.218750 0.040625 0.034375
6 0.056250 0.478125 0.031250 0.021875
3 0.344531 0.744531 0.689063 0.510938
9 0.844531 0.690830 0.310937 0.403536
7 0.943750 0.946875 0.056250 0.106250