139 0 180 0 180 33 139 33 moderate-corrosion 0
485 208 508 208 508 226 485 226 mild-corrosion 0
326 23 364 23 364 47 326 47 mild-corrosion 0
442 109 496 109 496 142 442 142 mild-corrosion 0
456 0 640 0 640 58 456 58 mild-corrosion 0
562 124 618 124 618 144 562 144 mild-corrosion 0
0 243 320 243 320 640 0 640 severe-corrosion 0
320 246.284 494.171 246.284 494.171 640 320 640 severe-corrosion 0
383 272 432 272 432 315 383 315 moderate-corrosion 0
606 355 615 355 615 389 606 389 moderate-corrosion 0
603 438 632 438 632 496 603 496 moderate-corrosion 0