0 218.64099999996466 -20.783746068991604 97.38259834151863 477.5588662136579 11.960466244137642 498.3449478851253 133.21697261429816 severe-corrosion 0
235 49 244 49 244 69 235 69 mild-corrosion 0
473 12 481 12 481 22 473 22 mild-corrosion 0
354 7 388 7 388 21 354 21 mild-corrosion 0
13 46 22 46 22 58 13 58 mild-corrosion 0
59 150 73 150 73 160 59 160 mild-corrosion 0
203 47 226 47 226 63 203 63 moderate-corrosion 0
0 307 492 307 492 542 0 542 severe-corrosion 0
492 514.002 509 514.002 509 536 492 536 mild-corrosion 0
537.8281403815345 593.4333553757091 533.2506114309217 605.3983586226873 496.55500000000757 591.3630000000063 501.13257154269377 579.3981009234576 mild-corrosion 0
520.2439999998751 537.8619999999894 523.0754310474003 521.5230175477558 642.5603932932427 542.2230717503319 639.7294111832161 558.5616586965217 mild-corrosion 0