-9.087768503668485 126.71939712504496 6.505999639848596 11.75348117901464 336.64114700113714 56.5308484742027 321.04880195009173 171.49565163011653 corroded-part 0
395 30 429 30 429 76 395 76 moderate-corrosion 0
439 32 456 32 456 66 439 66 moderate-corrosion 0
499 128 510 128 510 154 499 154 mild-corrosion 0
636 84 640 84 640 100 636 100 mild-corrosion 0
468 151 484 151 484 176 468 176 moderate-corrosion 0
0 495.525 171 495.525 171 640 0 640 severe-corrosion 0
384 321 446 321 446 426 384 426 mild-corrosion 0
449 275 554 275 554 358 449 358 mild-corrosion 0
411 612 448 612 448 640 411 640 mild-corrosion 0
384 556 400 556 400 585 384 585 mild-corrosion 0