7 0.503125 0.429688 0.040625 0.037500
7 0.063281 0.048438 0.042188 0.037500
7 0.071094 0.157812 0.073438 0.034375
7 0.467187 0.090625 0.040625 0.037500
7 0.483594 0.017188 0.023438 0.018750
7 0.511719 0.171875 0.035937 0.037500
7 0.389062 0.140625 0.034375 0.018750
7 0.480469 0.137500 0.035937 0.028125
6 0.432812 0.328125 0.078125 0.050000
6 0.215625 0.393750 0.090625 0.028125
6 0.122656 0.446875 0.057813 0.034375
6 0.089063 0.399219 0.034375 0.035937
6 0.085938 0.304688 0.031250 0.018750
7 0.248438 0.275000 0.037500 0.028125
7 0.201563 0.262500 0.040625 0.028125
6 0.307812 0.214062 0.028125 0.015625
6 0.177344 0.221094 0.023438 0.026562
7 0.115625 0.515625 0.056250 0.006250
7 0.196094 0.484375 0.029687 0.040625
7 0.258594 0.437500 0.045312 0.034375
7 0.570312 0.428125 0.018750 0.025000
7 0.466406 0.507031 0.020313 0.023438
7 0.120313 0.043750 0.050000 0.087500
6 0.012500 0.437500 0.025000 0.046875
6 0.165625 0.328125 0.025000 0.025000
6 0.325000 0.116406 0.025000 0.017188
6 0.414062 0.108594 0.028125 0.032813
6 0.414062 0.409375 0.025000 0.015625
6 0.574219 0.167187 0.010937 0.015625
6 0.571094 0.344531 0.017188 0.020313
6 0.137500 0.189844 0.015625 0.017188
6 0.246875 0.475000 0.031250 0.018750
6 0.396875 0.482812 0.021875 0.018750
6 0.256250 0.148438 0.018750 0.037500
6 0.234375 0.209375 0.021875 0.012500
6 0.350000 0.382031 0.018750 0.010937
6 0.061719 0.342187 0.023438 0.012500
6 0.513281 0.500000 0.017188 0.018750
6 0.139063 0.318750 0.018750 0.012500
9 0.834385 0.259375 0.304927 0.518750
9 0.855796 0.925020 0.107066 0.143506
9 0.776547 0.681356 0.065586 0.115545
6 0.967969 0.550000 0.035937 0.053125
6 0.640625 0.865625 0.021875 0.034375
6 0.798438 0.940625 0.009375 0.015625
6 0.664062 0.579688 0.028125 0.021875
6 0.656250 0.751563 0.012500 0.021875
6 0.597656 0.773438 0.010937 0.021875