9 0.066406 0.070312 0.101562 0.109375
9 0.421094 0.190625 0.057813 0.165625
7 0.128906 0.355469 0.032813 0.007812
7 0.171875 0.189844 0.040625 0.057813
6 0.320312 0.268750 0.031250 0.037500
6 0.050781 0.335938 0.026562 0.018750
7 0.146094 0.124219 0.026562 0.035937
9 0.573159 0.179533 0.178073 0.401876
6 0.128906 0.792969 0.017188 0.017188
6 0.152344 0.612500 0.014063 0.009375
6 0.058594 0.361719 0.017188 0.004687
6 0.032031 0.723437 0.010937 0.009375
9 0.550734 0.890855 0.172894 0.039536
9 0.764432 0.873281 0.050329 0.253434
9 0.613281 0.945312 0.020313 0.031250
9 0.496094 0.398438 0.035937 0.078125