9 0.057574 0.301616 0.115148 0.302677
7 0.008594 0.017969 0.017188 0.035937
6 0.044531 0.109375 0.089063 0.106250
6 0.168750 0.081250 0.053125 0.087500
7 0.970313 0.120313 0.059375 0.115625
7 0.575000 0.334375 0.028125 0.037500
6 0.832812 0.359375 0.025000 0.050000
6 0.778125 0.263281 0.018750 0.026562
6 0.712500 0.215625 0.025000 0.043750
6 0.874219 0.387500 0.010937 0.018750
6 0.894531 0.284375 0.029687 0.068750
6 0.750000 0.303125 0.093750 0.031250
6 0.796875 0.343750 0.031250 0.021875
7 0.057693 0.817005 0.107549 0.075688
7 0.389558 0.895393 0.022070 0.210326
7 0.946094 0.803125 0.107813 0.240625
6 0.796875 0.551562 0.068750 0.065625
6 0.970313 0.976562 0.015625 0.034375