9 0.064844 0.178906 0.054688 0.064062
9 0.021875 0.222656 0.043750 0.092188
9 0.055469 0.331250 0.104688 0.084375
9 0.153125 0.253125 0.021875 0.028125
9 0.276562 0.318750 0.112500 0.125000
9 0.694531 0.503906 0.220312 0.195312
9 0.641406 0.159375 0.039062 0.068750
9 0.380469 0.783594 0.092188 0.095312
9 0.003125 0.671094 0.006250 0.076563
9 0.076563 0.510156 0.028125 0.042188
9 0.420312 0.067969 0.037500 0.017188
9 0.796875 0.592969 0.031250 0.035937
9 0.807813 0.735938 0.031250 0.043750
7 0.495312 0.800781 0.056250 0.070312
7 0.310937 0.622656 0.034375 0.029687
7 0.371094 0.453906 0.045312 0.064062
7 0.867188 0.211719 0.031250 0.032813
7 0.045312 0.837500 0.090625 0.112500
6 0.074219 0.581250 0.029687 0.043750
6 0.008594 0.491406 0.017188 0.042188
6 0.240625 0.721875 0.025000 0.037500
6 0.511719 0.555469 0.032813 0.042188
6 0.579688 0.225000 0.015625 0.021875
9 0.878906 0.316406 0.042188 0.064062
9 0.192188 0.915625 0.075000 0.050000
9 0.878125 0.632812 0.031250 0.046875
9 0.689063 0.633594 0.046875 0.060937
6 0.195312 0.135937 0.018750 0.025000
6 0.165625 0.109375 0.021875 0.037500
6 0.236719 0.583594 0.029687 0.023438
6 0.757031 0.753906 0.032813 0.048438
6 0.877344 0.691406 0.023438 0.035937
6 0.942969 0.220312 0.042188 0.043750
7 0.352344 0.385156 0.029687 0.039062