7 0.045312 0.343750 0.034375 0.050000
7 0.003125 0.290625 0.006250 0.012500
6 0.284375 0.261719 0.009375 0.026562
6 0.235937 0.142187 0.012500 0.015625
6 0.052344 0.039844 0.017188 0.010937
6 0.090625 0.238281 0.009375 0.010937
6 0.257812 0.220312 0.012500 0.015625
6 0.141131 0.372950 0.060628 0.034229
6 0.156250 0.115625 0.015625 0.012500
9 0.348438 0.153125 0.053125 0.306250
9 0.475781 0.282813 0.042188 0.271875
9 0.544531 0.243750 0.039062 0.190625
9 0.607812 0.268750 0.050000 0.221875
9 0.680469 0.205469 0.073438 0.410938
9 0.303906 0.160938 0.029687 0.206250
9 0.991406 0.207813 0.017188 0.287500
9 0.757031 0.285156 0.067187 0.267188
9 0.867969 0.209375 0.042188 0.418750
9 0.934375 0.232813 0.040625 0.371875
9 0.407813 0.203125 0.050000 0.240625
9 0.777344 0.065625 0.104688 0.131250
7 0.546875 0.060156 0.031250 0.107813
9 0.818750 0.284375 0.040625 0.268750
7 0.921875 0.021875 0.059375 0.043750
7 0.131250 0.506250 0.015625 0.028125
7 0.217969 0.773438 0.026562 0.028125
6 0.073438 0.629687 0.028125 0.028125
6 0.016406 0.918750 0.032813 0.037500
6 0.022656 0.741406 0.032813 0.057813
6 0.273438 0.792188 0.031250 0.037500
6 0.251563 0.661719 0.025000 0.042188
7 0.195312 0.950000 0.040625 0.053125
6 0.109375 0.915625 0.034375 0.031250
6 0.217969 0.860938 0.020313 0.050000
6 0.118750 0.614062 0.021875 0.050000
6 0.101562 0.554688 0.043750 0.028125
6 0.011719 0.638281 0.023438 0.020313
6 0.278125 0.935937 0.021875 0.031250
6 0.125000 0.690625 0.037500 0.034375
6 0.280469 0.661719 0.017188 0.029687
6 0.226562 0.454688 0.009375 0.025000
9 0.644531 0.709375 0.710938 0.581250