220 110 238 110 238 150 220 150 mild-corrosion 0
210 0 244 0 244 91 210 91 mild-corrosion 0
397 123 521 123 521 218 397 218 moderate-corrosion 0
364 0 640 0 640 196.47899999999998 364 196.47899999999998 moderate-corrosion 0
0 323 103 323 103 371 0 371 severe-corrosion 0
0 249 50 249 50 295 0 295 severe-corrosion 0
7 439 145 439 145 491 7 491 severe-corrosion 0
128 249 186 249 186 281 128 281 severe-corrosion 0
39 382 119 382 119 416 39 416 moderate-corrosion 0
326 597 364 597 364 619 326 619 mild-corrosion 0
640.0017779594782 414.44199999999995 510.72207243341836 414.44199999999995 510.72364313680737 324.46999999999997 640 324.4700000000001 severe-corrosion 0