9 0.308501 0.440879 0.178611 0.318627
9 0.760156 0.279687 0.360938 0.559375
9 0.030469 0.891406 0.060937 0.110937
7 0.272656 0.940625 0.029687 0.075000
7 0.254688 0.725781 0.031250 0.051562
7 0.226562 0.842187 0.037500 0.043750
7 0.558594 0.716406 0.026562 0.032813
6 0.445312 0.857812 0.025000 0.031250
6 0.492188 0.850000 0.028125 0.034375
6 0.189062 0.724219 0.031250 0.035937
6 0.340625 0.904687 0.012500 0.025000
6 0.403906 0.933594 0.023438 0.032813
6 0.442188 0.957812 0.034375 0.040625
9 0.789844 0.851889 0.420312 0.296222
7 0.718750 0.726562 0.046875 0.028125