7 0.366406 0.298438 0.026562 0.031250
6 0.444531 0.306250 0.076563 0.028125
7 0.370312 0.160938 0.084375 0.175000
7 0.476562 0.173437 0.093750 0.053125
6 0.481250 0.114844 0.112500 0.039062
6 0.250000 0.082812 0.028125 0.050000
6 0.298438 0.061719 0.031250 0.026562
9 0.934375 0.025781 0.075000 0.051562
9 0.775000 0.221094 0.450000 0.042188
9 0.735938 0.075781 0.043750 0.151562
6 0.611719 0.075000 0.123438 0.150000
6 0.652344 0.337500 0.035937 0.034375
9 0.443479 0.971218 0.088122 0.055816
9 0.371860 0.768856 0.065586 0.115546
9 0.275000 0.618667 0.550000 0.477959
6 0.282031 0.414062 0.020313 0.025000
6 0.235937 0.953125 0.021875 0.034375
6 0.259375 0.667188 0.028125 0.021875
6 0.251563 0.839063 0.012500 0.021875
6 0.192969 0.860938 0.010937 0.021875
9 0.775000 0.689844 0.450000 0.620313