540 229 640 229 640 367 540 367 severe-corrosion 0
0 139 60 139 60 240 0 240 severe-corrosion 0
185 102 373 102 373 244 185 244 severe-corrosion 0
270 280 364 280 364 356 270 356 severe-corrosion 0
0 380 26 380 26 426 0 426 moderate-corrosion 0
432 199 456 199 456 241 432 241 moderate-corrosion 0
147 340 221 340 221 405 147 405 severe-corrosion 0
237 494 268 494 268 548 237 548 moderate-corrosion 0
331 526 357 526 357 560 331 560 moderate-corrosion 0
326 601 353 601 353 640 326 640 moderate-corrosion 0
57 543 103 543 103 595 57 595 mild-corrosion 0
496 57 513 57 513 85 496 85 mild-corrosion 0
520 613 558 613 558 640 520 640 moderate-corrosion 0