92.85831072556903 319.99964021594496 20.66818504979892 331.23975751273076 -30.174755419502617 4.6983487296322215 42.012427624940756 -6.541530515668205 moderate-corrosion 0
25.831167266514967 94.93807227128089 28.663215654160012 -3.4802025390848335 270.8315649841097 3.488233323323624 267.9999735697493 101.90591869164713 corroded-part 0
595.3257503571513 322.21634017266433 425.0780005509296 319.2347381504451 430.70278052720823 -1.8112981384374156 600.945256507548 1.1702649686132387 severe-corrosion 0
235 535 257 535 257 640 235 640 moderate-corrosion 0
268 339 640 339 640 515 268 515 severe-corrosion 0
391 520 425 520 425 566 391 566 moderate-corrosion 0
435 522 452 522 452 556 435 556 moderate-corrosion 0
494 618 505 618 505 640 494 640 mild-corrosion 0
632 575 638 575 638 591 632 591 mild-corrosion 0
306 622 334 622 334 640 306 640 moderate-corrosion 0
278 533 302 533 302 563 278 563 moderate-corrosion 0
363 534 382 534 382 570 363 570 moderate-corrosion 0
347 585 368 585 368 608 347 608 moderate-corrosion 0