281 490 310 490 310 512 281 512 severe-corrosion 0
227 291 290 291 290 327 227 327 severe-corrosion 0
209 276 237 276 237 298 209 298 severe-corrosion 0
334 244 357 244 357 265 334 265 mild-corrosion 0
447 256 468 256 468 274 447 274 mild-corrosion 0
44 378 59 378 59 397 44 397 mild-corrosion 0
361 196 380 196 380 213 361 213 mild-corrosion 0
372 131 385 131 385 149 372 149 mild-corrosion 0
390 158 427 158 427 198 390 198 mild-corrosion 0
402 219 421 219 421 238 402 238 mild-corrosion 0
225 420 243 420 243 440 225 440 mild-corrosion 0
259 340 303 340 303 365 259 365 mild-corrosion 0
140 318 159 318 159 334 140 334 mild-corrosion 0
574 316 590 316 590 329 574 329 mild-corrosion 0
132 449 158 449 158 480 132 480 mild-corrosion 0
209 611 230 611 230 627 209 627 moderate-corrosion 0
461 590 498 590 498 619 461 619 moderate-corrosion 0
253 488 276 488 276 512 253 512 moderate-corrosion 0
218 474 238 474 238 496 218 496 moderate-corrosion 0
363 260 387 260 387 291 363 291 mild-corrosion 0
456 189 487 189 487 221 456 221 mild-corrosion 0
448 217 466 217 466 235 448 235 mild-corrosion 0
295 162 323 162 323 186 295 186 mild-corrosion 0
151 405 163 405 163 414 151 414 mild-corrosion 0
188 323 210 323 210 338 188 338 mild-corrosion 0
635 334 640 334 640 347 635 347 mild-corrosion 0