7 0.084375 0.296875 0.015625 0.028125
7 0.466406 0.267188 0.060937 0.050000
7 0.589063 0.060937 0.034375 0.037500
7 0.168750 0.047656 0.028125 0.039062
6 0.027344 0.421094 0.026562 0.029687
6 0.204687 0.449219 0.025000 0.039062
7 0.644531 0.454688 0.010937 0.028125
7 0.555469 0.192969 0.032813 0.060937
7 0.434375 0.444531 0.021875 0.029687
7 0.564063 0.308594 0.015625 0.026562
7 0.368750 0.323437 0.018750 0.028125
6 0.320312 0.308594 0.025000 0.035937
6 0.282813 0.121875 0.018750 0.018750
6 0.117188 0.052344 0.012500 0.014063
6 0.287500 0.350781 0.012500 0.017188
6 0.489844 0.013281 0.017188 0.026562
6 0.071875 0.404687 0.021875 0.050000
6 0.054688 0.345313 0.043750 0.028125
6 0.367969 0.035156 0.051562 0.070312
6 0.460938 0.060937 0.018750 0.062500
6 0.633594 0.416406 0.032813 0.039062
6 0.335938 0.435937 0.018750 0.021875
6 0.235937 0.452344 0.021875 0.029687
6 0.179688 0.245312 0.009375 0.025000
6 0.325000 0.235937 0.018750 0.021875