0 0 131.156 0 131.156 268 0 268 severe-corrosion 0
29 308 39 308 39 322 29 322 mild-corrosion 0
-5.155726815573871 557.0024020740142 36.41524797560123 439.2435529905806 141.503085678778 476.3352913296043 99.93514680332737 594.0915279627776 severe-corrosion 0
29 342 33 342 33 352 29 352 mild-corrosion 0
78 438 84 438 84 452 78 452 mild-corrosion 0
71 321 82 321 82 347 71 347 mild-corrosion 0
95 300 107 300 107 319 95 319 mild-corrosion 0
160 327 168 327 168 343 160 343 mild-corrosion 0
164 415 172 415 172 434 164 434 mild-corrosion 0
154.10217223630752 418.5398330256372 238.14972826665326 444.2213750739432 186.53019649238558 613.1236784980395 102.4829999999929 587.4429999999911 severe-corrosion 0
235.99983244326722 491.52855748071545 241.479310359573 505.99988055612295 192.95099999995728 524.3709999999677 187.4716892210563 509.89981848089707 severe-corrosion 0
212 387 222 387 222 422 212 422 mild-corrosion 0
183 353 191 353 191 365 183 365 mild-corrosion 0
196 351 200 351 200 357 196 357 mild-corrosion 0
217 343 221 343 221 351 217 351 mild-corrosion 0
220 420 233 420 233 442 220 442 mild-corrosion 0
213 283 216 283 216 291 213 291 mild-corrosion 0
206 283 211 283 211 291 206 291 mild-corrosion 0
202 276 206 276 206 284 202 284 mild-corrosion 0
196 269 200 269 200 278 196 278 mild-corrosion 0
178 328 184 328 184 337 178 337 mild-corrosion 0
175 313 181 313 181 321 175 321 mild-corrosion 0
246 539 257 539 257 565 246 565 mild-corrosion 0
270 518 282 518 282 537 270 537 mild-corrosion 0
335 545 343 545 343 561 335 561 mild-corrosion 0
339 632 347 632 347 640 339 640 mild-corrosion 0
515.7699089583912 573.2029919662322 583.9611270445312 579.220367281189 578.0652058256965 646.0172842960491 509.8739999999816 639.9999999999981 severe-corrosion 0
506 596 511 596 511 626 506 626 mild-corrosion 0
492 604 498 604 498 620 492 620 mild-corrosion 0
469 615 481 615 481 635 469 635 mild-corrosion 0
485 544 491 544 491 560 485 560 mild-corrosion 0
437 498 443 498 443 512 437 512 mild-corrosion 0
423 511 428 511 428 521 423 521 mild-corrosion 0
428 544 433 544 433 556 428 556 mild-corrosion 0
423 548 427 548 427 556 423 556 mild-corrosion 0
450 540 454 540 454 547 450 547 mild-corrosion 0
453 543 459 543 459 550 453 550 mild-corrosion 0
387 605 397 605 397 640 387 640 mild-corrosion 0
358 571 366 571 366 583 358 583 mild-corrosion 0
371 569 375 569 375 575 371 575 mild-corrosion 0
392 561 396 561 396 569 392 569 mild-corrosion 0
429 597 435 597 435 607 429 607 mild-corrosion 0
453 600 460 600 460 613 453 613 mild-corrosion 0
444 590 446 590 446 597 444 597 mild-corrosion 0
439 594 445 594 445 602 439 602 mild-corrosion 0
442 605 448 605 448 615 442 615 mild-corrosion 0
558 560 560 560 560 566 558 566 mild-corrosion 0
563 571 567 571 567 575 563 575 mild-corrosion 0
400 444 408 444 408 461 400 461 mild-corrosion 0
388 501 391 501 391 509 388 509 mild-corrosion 0
381 501 386 501 386 509 381 509 mild-corrosion 0
377 494 381 494 381 502 377 502 mild-corrosion 0
371 487 375 487 375 496 371 496 mild-corrosion 0
363 448 368 448 368 458 363 458 mild-corrosion 0
353 546 359 546 359 555 353 555 mild-corrosion 0
350 531 356 531 356 539 350 539 mild-corrosion 0
425 387 431 387 431 399 425 399 mild-corrosion 0