415 0 443 0 443 38 415 38 moderate-corrosion 0
304 91 332 91 332 135 304 135 severe-corrosion 0
640.0003074518463 324.73900000000003 588.5317714917619 324.7389999999999 588.5321471403586 253.452 639.9999123251473 253.452 severe-corrosion 0
597.7683234603319 225.24513218734057 558.1611896358663 234.04336830357482 545.5054171041411 177.0717848703131 585.1122229487373 168.27358617259378 severe-corrosion 0
395.7885297331086 175.4630494144858 524.9059497797134 149.18415695890582 553.004161135832 287.2359906858205 423.88679500807484 313.5145669306246 severe-corrosion 0
415.7400384652283 173.39000850420206 385.1558028022555 166.62820251037402 393.8760512052977 127.18674582665274 424.460157877038 133.94853732706116 severe-corrosion 0
441.1072429858177 147.2638562327773 399.38214620866347 140.04872932443368 412.39825135897263 64.77813554859146 454.1231124463957 71.9932421125199 severe-corrosion 0
336.721149742516 158.46208530402583 363.16917908035975 128.45543700356077 417.2838246698666 176.15155543967316 390.835939182507 206.15806900049094 severe-corrosion 0
620.3608036747755 344.987022017819 610.3887663014029 379.01116072618663 290.0271071409952 285.11597883624995 300 251.0930000000347 severe-corrosion 0
490 60 508 60 508 90 490 90 mild-corrosion 0
499 6 516 6 516 26 499 26 mild-corrosion 0
411 42 429 42 429 62 411 62 moderate-corrosion 0
515 95 531 95 531 135 515 135 mild-corrosion 0
369 75 385 75 385 95 369 95 mild-corrosion 0
371 237 402 237 402 273 371 273 mild-corrosion 0
556 283 582 283 582 311 556 311 mild-corrosion 0
549 221 571 221 571 263 549 263 mild-corrosion 0
242.99999579969153 457.9999819223257 243.00002845884592 474.00000952687674 222.62699115264695 473.99999177771383 222.6270149762422 458.0000207640952 corroded-part 0
166.0001166715665 402 122.59093294931517 402 122.59112029110838 377.16099999999994 165.99999266625673 377.16099999999994 severe-corrosion 0
197.50014133096556 397.8588858579077 211.5816016352619 419.9785840425552 163.31122709256306 450.70330504104595 149.2299954340706 428.58380735275654 severe-corrosion 0
300 345 640 345 640 476 300 476 severe-corrosion 0