6 0.494531 0.160938 0.107813 0.118750
6 0.466406 0.071875 0.020313 0.021875
6 0.450781 0.285938 0.048438 0.065625
7 0.478906 0.497656 0.145313 0.260937
7 0.389844 0.649219 0.117188 0.120313
7 0.251563 0.773438 0.215625 0.221875
7 0.057031 0.690625 0.114062 0.171875
6 0.269531 0.478906 0.064062 0.060937
6 0.244531 0.628125 0.042188 0.040625
6 0.559375 0.328906 0.040625 0.064062
6 0.630469 0.340625 0.029687 0.059375
6 0.707031 0.276562 0.051562 0.071875
6 0.746875 0.094531 0.021875 0.039062
6 0.086719 0.510938 0.026562 0.025000
6 0.066406 0.485156 0.026562 0.035937
6 0.075781 0.043750 0.060937 0.081250
6 0.239844 0.139063 0.017188 0.031250
6 0.242969 0.178906 0.017188 0.026562
6 0.910156 0.581250 0.042188 0.053125
6 0.875000 0.908594 0.043750 0.076563
6 0.769531 0.405469 0.032813 0.048438
6 0.781250 0.344531 0.025000 0.035937
6 0.744531 0.091406 0.039062 0.045312
6 0.860156 0.548438 0.020313 0.028125
6 0.872656 0.736719 0.026562 0.045312
6 0.814844 0.671875 0.026562 0.037500
6 0.388281 0.420312 0.023438 0.028125