6 0.762500 0.713281 0.040625 0.039062
6 0.028125 0.777344 0.056250 0.070312
6 0.440625 0.725781 0.293750 0.095312
6 0.283594 0.650781 0.039062 0.032813
6 0.073438 0.398438 0.062500 0.046875
6 0.253906 0.512500 0.089063 0.062500
6 0.605469 0.316406 0.720313 0.192188
6 0.839063 0.398438 0.056250 0.037500
6 0.677344 0.476562 0.057813 0.056250
6 0.442188 0.503125 0.090625 0.043750
6 0.367969 0.179688 0.042188 0.028125
6 0.171094 0.156250 0.020313 0.018750
6 0.277344 0.103906 0.045312 0.026562
6 0.700781 0.037500 0.045312 0.034375