0 0 211 0 211 256 0 256 moderate-corrosion 0
353.0900279548223 216.46376687688053 344.79628246255743 136.3781403079956 639.4609866036626 105.86196849340764 647.7559399993333 185.94583668546733 severe-corrosion 0
211 129.209 354.75700000000006 129.209 354.75700000000006 256 211 256 moderate-corrosion 0
335.0022256773809 54.58596899186886 316.34329807049653 54.728584919428556 315.92499999998836 1.5902773407317584e-13 334.5839099217119 -0.14261586772935225 severe-corrosion 0
386.27300000000105 -0.00003101113947703705 386.2730872283282 90.77002527297051 280.4189483405207 90.7699600479583 280.4190116926475 0.000011207919668061115 moderate-corrosion 0
434.29099949054944 -0.0000015185833961467642 434.2910008710169 22.464000219952332 392.19399777015497 22.463997646269927 392.1940000000177 -2.309480268077696e-11 mild-corrosion 0
500.6440052578546 75.30800082841532 481.3435786295304 72.26707439018176 484.2534060987964 53.798838054537434 503.5538161973818 56.839763188834056 mild-corrosion 0
427.2803442583245 82.7903859838186 426.0109957426903 102.68946970691644 411.6956944699632 101.77630343927544 412.9650520472205 81.87722929037002 mild-corrosion 0
95 569 126 569 126 640 95 640 severe-corrosion 0
127 534 160 534 160 640 127 640 severe-corrosion 0
181 538 211 538 211 640 181 640 severe-corrosion 0
0 256 16 256 16 498 0 498 severe-corrosion 0
186 276 211 276 211 460 186 460 severe-corrosion 0
20 333 63 333 63 550 20 550 severe-corrosion 0
99 256 126 256 126 504 99 504 severe-corrosion 0
143 266 169 266 169 508 143 508 severe-corrosion 0
21 256 88 256 88 319 21 319 severe-corrosion 0
68 331 94 331 94 521 68 521 severe-corrosion 0
17 553 47 553 47 613 17 613 moderate-corrosion 0
54 567 80 567 80 611 54 611 moderate-corrosion 0
89 529 121 529 121 560 89 560 moderate-corrosion 0
393.5442062959919 401.796955395204 398.13098637372605 532.6693076679912 233.6587594103912 538.4284916708351 229.07584819484327 407.55988580990754 severe-corrosion 0