3 0.779687 0.154688 0.440625 0.309375
9 0.584375 0.658594 0.040625 0.070312
9 0.737500 0.659375 0.071875 0.103125
9 0.831250 0.926562 0.065625 0.106250
9 0.934375 0.934375 0.053125 0.096875
6 0.929688 0.626563 0.028125 0.043750
6 0.654687 0.642969 0.068750 0.054688
6 0.898438 0.814063 0.025000 0.068750
7 0.915625 0.408594 0.168750 0.198437
7 0.695312 0.495312 0.143750 0.206250
7 0.745313 0.864844 0.078125 0.270313
7 0.960156 0.778906 0.079687 0.198437
6 0.823438 0.579688 0.040625 0.046875
6 0.877344 0.643750 0.054688 0.081250