6 0.361117 0.258822 0.124393 0.517511
7 0.718750 0.908594 0.121875 0.167187
6 0.862500 0.735938 0.025000 0.059375
6 0.935156 0.558594 0.020313 0.048438
7 0.432812 0.895312 0.050000 0.059375
7 0.309375 0.869531 0.018750 0.042188
7 0.381250 0.853906 0.028125 0.039062
7 0.482031 0.717187 0.054688 0.081250
7 0.454688 0.614844 0.028125 0.064062
7 0.579688 0.535156 0.034375 0.032813
7 0.696875 0.530469 0.043750 0.023438
7 0.927344 0.623437 0.039062 0.043750
6 0.828906 0.541406 0.020313 0.039062
7 0.588281 0.706250 0.039062 0.084375
7 0.647656 0.615625 0.064062 0.093750
7 0.574219 0.941406 0.151562 0.117188
7 0.596875 0.831250 0.075000 0.115625
7 0.680469 0.744531 0.107813 0.132812
7 0.870313 0.926562 0.028125 0.056250
6 0.789062 0.770312 0.046875 0.068750
6 0.443750 0.803125 0.040625 0.050000
7 0.415625 0.953906 0.043750 0.048438
6 0.900000 0.995313 0.034375 0.009375