237.1360529220692 184.4744747692268 235.99999999998545 210.9910000000076 188.1858585743612 208.942431264204 189.32200000002922 182.42600000001357 moderate-corrosion 0
26.99999876160291 206.66792917587628 27.471747717354447 233.6477411075827 0 234.12800000003296 -0.47168779601634014 207.14824705007604 moderate-corrosion 0
204.53956425197248 215.0739565307788 221.48499999995693 215.42999999999972 219.55343564834038 307.3560402887012 202.60800000003655 307.00000000000006 moderate-corrosion 0
128.1690613599494 179.8533410337619 127.96311887446791 186.12275543148274 90.4170421109302 184.88939819127796 90.62299999997776 178.6200000000307 mild-corrosion 0
236 0 332.566 0 332.566 307 236 307 severe-corrosion 0
462.294587237775 0.25415603585108126 510.99918243911816 -9.59815412154633 545.1232095735031 159.09229269027978 496.4186295291438 168.94454954583156 severe-corrosion 0
564 64 628 64 628 188 564 188 mild-corrosion 0
431 50 452 50 452 81 431 81 mild-corrosion 0
139 315 179 315 179 342 139 342 moderate-corrosion 0
215 333 236 333 236 359 215 359 moderate-corrosion 0
81 428 125 428 125 454 81 454 moderate-corrosion 0
45 413 66 413 66 429 45 429 mild-corrosion 0
121 523 236 523 236 561 121 561 severe-corrosion 0
219 579 236 579 236 609 219 609 moderate-corrosion 0
0 588 25 588 25 632 0 632 moderate-corrosion 0
25 612 70 612 70 640 25 640 mild-corrosion 0
304.58251986681717 417.81177949298115 347.9951109067042 297.50798402803605 540.9632259690261 367.13424994252057 497.5548781263933 487.4344482034192 severe-corrosion 0
288.0909647493536 400.5341834773381 280.6340520361118 418.7932819846951 228.54303382249782 397.52194304532645 235.99999999998545 379.26299999998935 moderate-corrosion 0