6 0.181250 0.115625 0.046875 0.231250
6 0.121875 0.158594 0.050000 0.207813
9 0.730469 0.429688 0.360938 0.140625
7 0.168750 0.720313 0.059375 0.115625
7 0.308594 0.724219 0.126562 0.164062
6 0.231250 0.748437 0.018750 0.053125
9 0.275000 0.907813 0.128125 0.171875
6 0.029687 0.959375 0.025000 0.050000
6 0.071094 0.987500 0.010937 0.018750
6 0.091406 0.884375 0.029687 0.068750
6 0.003906 0.943750 0.007812 0.021875
9 0.904687 0.671094 0.190625 0.235937
9 0.898438 0.850000 0.178125 0.100000
9 0.653125 0.757812 0.268750 0.481250