60 135 189.79199999999997 135 189.79199999999997 195.70500000000004 60 195.70500000000004 severe-corrosion 0
551.1358497788024 266.12844902478577 549.4443133757159 321.9520389699275 215.30656307761092 311.820294557486 217.00004134618212 255.99863706146454 severe-corrosion 0
46 605 67 605 67 640 46 640 severe-corrosion 0
53 313 68 313 68 338 53 338 mild-corrosion 0
230.42491856955166 560.377645861523 194.77815504811588 566.1055128324248 174.76486492298136 441.57373440678896 210.4099999999744 435.84599999999995 mild-corrosion 0
119.33436233572138 438.425601799355 153.52611601418175 426.5351430132082 193.83193277892133 542.4180438952965 159.64031153649557 554.3082394138243 mild-corrosion 0
40 437 74 437 74 481 40 481 mild-corrosion 0
86 454 115 454 115 472 86 472 mild-corrosion 0
71 557 91 557 91 569 71 569 mild-corrosion 0
364 381 574 381 574 525 364 525 moderate-corrosion 0
228 477 284 477 284 567 228 567 moderate-corrosion 0