9 0.267455 0.184017 0.102375 0.368033
7 0.737500 0.343750 0.050000 0.050000
7 0.600781 0.323437 0.048438 0.040625
7 0.685937 0.307031 0.028125 0.039062
7 0.786719 0.170313 0.054688 0.081250
7 0.759375 0.067969 0.028125 0.064062
7 0.892969 0.159375 0.039062 0.084375
7 0.952344 0.068750 0.064062 0.093750
7 0.878906 0.352344 0.151562 0.032813
7 0.901563 0.284375 0.075000 0.115625
7 0.965625 0.197656 0.068750 0.132812
6 0.748437 0.256250 0.040625 0.050000
9 0.239844 0.774219 0.479687 0.451562
9 0.518750 0.529687 0.081250 0.321875
6 0.193750 0.407813 0.062500 0.078125