0 334.9000000000193 -2.883779436451732 86.21916177323831 288.5209516748728 82.83798184930919 291.41030194063205 331.5140917390866 severe-corrosion 0
325.99999999998545 -0.00010763123179293084 326.00011048838496 84.20105069617433 126.94986816037272 84.20089566953264 126.9500067467743 0.000006454065665418627 moderate-corrosion 0
-0.0031433144613401964 427.9999999579923 0 319.58599999998347 144.6321318527771 319.5900207556947 144.6311746819265 428.00180100293005 moderate-corrosion 0
0 40 72 40 72 105 0 105 mild-corrosion 0
248.5588644399104 312.40888351442356 289.7438221764605 319.31324166929625 270.3639293311426 434.9042454456603 229.17900000000373 427.9999999999962 moderate-corrosion 0
189 384 214 384 214 396 189 396 mild-corrosion 0
291 114 299 114 299 124 291 124 mild-corrosion 0
283 192 295 192 295 209 283 209 mild-corrosion 0
326 173.415 640 173.415 640 428 326 428 severe-corrosion 0
326 107 344 107 344 152 326 152 mild-corrosion 0
488 96 527 96 527 152 488 152 severe-corrosion 0
477 0 500 0 500 37 477 37 severe-corrosion 0
509.359 0 640 0 640 203.503 509.359 203.503 corroded-part 0
411 0 433 0 433 20 411 20 moderate-corrosion 0
168 428 326 428 326 640 168 640 severe-corrosion 0
41 459 71 459 71 495 41 495 mild-corrosion 0
483.8095845780481 614.4866087495005 508.4662819451478 551.9280483370234 652.3640192262246 608.6278052685971 627.7099288220779 671.1841524812983 severe-corrosion 0