9 0.644391 0.369727 0.210658 0.298047
7 0.262500 0.915625 0.121875 0.168750
6 0.407813 0.743750 0.025000 0.059375
6 0.480469 0.566406 0.020313 0.048438
7 0.027344 0.725000 0.054688 0.081250
7 0.006250 0.621094 0.012500 0.064062
7 0.125000 0.539062 0.034375 0.040625
7 0.242188 0.534375 0.043750 0.031250
7 0.472656 0.631250 0.039062 0.043750
6 0.374219 0.549219 0.020313 0.039062
7 0.133594 0.714063 0.039062 0.084375
7 0.192969 0.623437 0.064062 0.093750
7 0.119531 0.945312 0.151562 0.109375
7 0.142187 0.839063 0.075000 0.115625
7 0.225781 0.752344 0.107813 0.132812
7 0.415625 0.934375 0.028125 0.056250
6 0.334375 0.778125 0.046875 0.068750
6 0.004687 0.810156 0.009375 0.051562