7 0.285938 0.320312 0.015625 0.028125
7 0.370312 0.071094 0.028125 0.039062
7 0.106250 0.006250 0.021875 0.012500
6 0.228906 0.444531 0.026562 0.029687
6 0.043750 0.499219 0.021875 0.020313
6 0.070312 0.314063 0.031250 0.025000
6 0.167187 0.204687 0.025000 0.043750
6 0.406250 0.476562 0.025000 0.043750
6 0.318750 0.075781 0.012500 0.014063
6 0.273438 0.428125 0.021875 0.050000
6 0.256250 0.368750 0.043750 0.028125
6 0.098437 0.429688 0.012500 0.018750
6 0.164062 0.452344 0.028125 0.020313
6 0.278125 0.498437 0.037500 0.021875
6 0.437500 0.475781 0.021875 0.029687
6 0.381250 0.268750 0.009375 0.025000
6 0.125781 0.287500 0.014063 0.015625
6 0.055469 0.131250 0.035937 0.037500
7 0.786719 0.487500 0.139063 0.043750
7 0.656250 0.160938 0.187500 0.059375
7 0.775000 0.278125 0.115625 0.093750
7 0.610938 0.370312 0.071875 0.043750
7 0.529687 0.007031 0.087500 0.014063
7 0.477344 0.280469 0.035937 0.085938
6 0.967969 0.274219 0.064062 0.045312
6 0.743750 0.374219 0.081250 0.045312
6 0.621094 0.425000 0.039062 0.031250