390 131 515 131 515 236 390 236 severe-corrosion 0
0 236 149 236 149 640 0 640 moderate-corrosion 0
223 394 249 394 249 421 223 421 moderate-corrosion 0
136 619 152 619 152 635 136 635 mild-corrosion 0
255 362 263 362 263 373 255 373 mild-corrosion 0
283 366 291 366 291 380 283 380 mild-corrosion 0
382 588 451 588 451 640 382 640 severe-corrosion 0
459 561 490 561 490 640 459 640 severe-corrosion 0
570 236 618 236 618 294 570 294 severe-corrosion 0
352 389 640 389 640 416 352 416 severe-corrosion 0
453 236 481 236 481 358 453 358 severe-corrosion 0
352 236 427 236 427 357 352 357 mild-corrosion 0
402 466 425 466 425 488 402 488 mild-corrosion 0