266.735 2.966 275 2.966 275 32.297 266.735 32.297 severe-corrosion 0
132.75786428508582 81.48650878846101 105.68578629907279 80.73694890627614 107.94197939314472 -0.7495591692794772 135.01400000001013 1.0018747246610078e-12 severe-corrosion 0
127.93684991025657 179.22553706153863 64.63593158245203 183.81281850408274 57.58699999998498 86.53999999999894 120.88731568503135 81.95274034156589 severe-corrosion 0
161.12403616381926 231.50976894795275 171.2779502668127 207.73640492759733 200.6736419437948 220.29123453265805 190.51980306503538 244.06453479611702 severe-corrosion 0
60.5959681270906 180.07897062425556 60.59601265194942 203.0040090634341 18.25199165068625 203.00398994455514 18.25201620820735 180.0790203353916 severe-corrosion 0
0.002620876330183819 628.3459175673407 -2.347466142673511 456.2763992621585 273.92529067597934 452.50236380684703 276.28467045251455 624.5621718241023 severe-corrosion 0
278.02044281321287 370.77928125032645 274.99686165858293 400.276616914142 -2.712630127352895 371.80797958531036 0.3119471732497914 342.3118151718246 severe-corrosion 0
452 346 489 346 489 394 452 394 severe-corrosion 0
275 326 640 326 640 640 275 640 severe-corrosion 0
403 455 443 455 443 502 403 502 severe-corrosion 0
549 332 576 332 576 379 549 379 severe-corrosion 0
322 389 370 389 370 456 322 456 severe-corrosion 0
275 327 320 327 320 396 275 396 severe-corrosion 0