128 124 223 124 223 220 128 220 mild-corrosion 0
122 70 154 70 154 100 122 100 mild-corrosion 0
0 69 35 69 35 105 0 105 mild-corrosion 0
44 125 94 125 94 171 44 171 mild-corrosion 0
0 129 23 129 23 159 0 159 mild-corrosion 0
378.73904640182445 221.05195213676578 349.11859209634713 164.34760753785446 416.5304276852112 129.13474911155416 446.1509127268073 185.8388093844535 severe-corrosion 0
639.9999993531674 114.06093605162042 640.000149125699 180.74900000017192 576.4399505628535 180.74890157529916 576.4400318942353 114.0610631227477 severe-corrosion 0
572.3516449753515 178.3713887193659 556.9320494338172 183.64629128905253 549.3741939168103 161.55357743873702 564.7937479109532 156.27868258135794 moderate-corrosion 0
541.4635450868082 114.37512329739246 568.9286650078429 164.8915367599585 508.23208162582887 197.89064436137744 480.7671976858546 147.37443407907128 moderate-corrosion 0
275 136.982 301.012 136.982 301.012 180.534 275 180.534 moderate-corrosion 0
269 610 275 610 275 640 269 640 moderate-corrosion 0
267 504 275 504 275 561 267 561 moderate-corrosion 0