470.3574479123927 189.4776205305838 452.9472113867814 306.36637437163444 -15.550474893607316 236.57560327077735 1.8634367694176035 119.69103790380612 severe-corrosion 0
44 118 79 118 79 146 44 146 mild-corrosion 0
85 147 116 147 116 160 85 160 mild-corrosion 0
455 120 460 120 460 142 455 142 mild-corrosion 0
362.728617079556 534.0596270596948 365.59837908389454 489.24797807035424 462.86877512677165 495.4757490083333 459.99990083837474 540.2865488636845 severe-corrosion 0
332.6457874470361 492.03740977936616 304.9891275110713 491.99998528754475 305.05140303153894 446.12575553215913 332.70761297062563 446.16317971618867 severe-corrosion 0
306 504.2919999999999 352.295 504.2919999999999 352.295 527 306 527 severe-corrosion 0
115.58760665895534 523.941001998556 116.5946049062768 501.6700513066688 239.98009939365147 507.24687435669296 238.9736509177601 529.5172943518019 severe-corrosion 0
267.96430990747467 548.1050078217202 223.3949490658415 546.9801263465026 224.4143433453428 506.61412740469495 268.9829999999347 507.73899999999924 severe-corrosion 0
272.4259309174522 387.9149978195033 292.2104477191169 388.53946900946084 288.5075163363217 505.83945900789183 268.72300000002724 505.2150000000006 severe-corrosion 0
165.32793477381347 490.3359296919358 164.7794579537731 506.1376752358479 8.194618843845092 500.7010387637086 8.743536042966298 484.89974776822004 severe-corrosion 0
92.9162017966155 508.3662358580043 93.99149787852366 531.098025896428 7.861900491261622 535.1704144226183 6.78699999996752 512.4389999999651 severe-corrosion 0
311.29790428021806 530.5357244043967 316.7129069657676 546.1265055596241 274.92499431144097 560.6368213474087 269.5101559597242 545.0461793852369 severe-corrosion 0
570 321 582 321 582 331 570 331 mild-corrosion 0
561 542 585 542 585 560 561 560 mild-corrosion 0