124.56899999997404 5.247915224414803e-13 165.36296085985668 -1.7048556969616182 176.91275289726036 274.6566947889699 136.11879364289052 276.3615272256784 severe-corrosion 0
38 203 62 203 62 217 38 217 mild-corrosion 0
438.45971541268227 251.50789302701764 460 83.30200000000642 661.2462081786362 109.07278231412076 639.7085345996311 277.27626716090856 severe-corrosion 0
551 67 576 67 576 92 551 92 mild-corrosion 0
279 282 309 282 309 366 279 366 mild-corrosion 0
461.6525298254419 552.115826092439 459.99522866215557 636.2993811518082 125.68959505515522 629.7043225366367 127.3530000000028 545.5270000000236 moderate-corrosion 0
95.39100000001781 275.0000000000001 196.0810806867812 266.1617202587945 225.108614972778 596.8193135183346 124.41862438812677 605.6571207406098 mild-corrosion 0
71.76236393759609 669.3580527088029 -4.962135508030769 624.8462824585512 39.24883045008755 548.6635899523623 115.9709699814266 593.174497545878 moderate-corrosion 0
360 515 374 515 374 525 360 525 mild-corrosion 0
150 302 160 302 160 316 150 316 mild-corrosion 0
205 410 225 410 225 421 205 421 mild-corrosion 0
271 519 295 519 295 530 271 530 mild-corrosion 0
362 486 378 486 378 495 362 495 mild-corrosion 0
270 389 279 389 279 399 270 399 mild-corrosion 0
640.0001303497993 580.308 629.577979658934 580.308 629.578130963273 514.552 640 514.552 severe-corrosion 0
532.8582270434708 560.1547975850767 530.5202375182125 572.5366882480059 457.66186453525734 558.7817036617438 460 546.4000000000323 moderate-corrosion 0