7 0.177344 0.027344 0.039062 0.054688
7 0.278906 0.110156 0.051562 0.048438
7 0.307812 0.189062 0.028125 0.046875
7 0.222656 0.173437 0.032813 0.053125
7 0.271267 0.301416 0.040642 0.031995
7 0.492188 0.120313 0.050000 0.053125
7 0.802344 0.479687 0.032813 0.071875
7 0.726562 0.189844 0.028125 0.045312
7 0.982812 0.024219 0.034375 0.048438
7 0.924219 0.007812 0.032813 0.015625
6 0.575000 0.414844 0.025000 0.029687
6 0.665625 0.006250 0.012500 0.012500
6 0.714063 0.038281 0.021875 0.026562
6 0.872656 0.006250 0.032813 0.012500
6 0.841406 0.026562 0.023438 0.028125
6 0.874219 0.188281 0.020313 0.042188
6 0.831250 0.293750 0.015625 0.018750
6 0.629687 0.158594 0.012500 0.017188
6 0.765625 0.174219 0.018750 0.017188
6 0.676562 0.225000 0.028125 0.025000
6 0.883594 0.475000 0.020313 0.018750
6 0.501563 0.571875 0.018750 0.021875
6 0.917188 0.239844 0.012500 0.017188
6 0.715625 0.459375 0.021875 0.028125
6 0.725000 0.371875 0.012500 0.012500
6 0.698438 0.100000 0.018750 0.025000
6 0.599219 0.121875 0.010937 0.012500
6 0.814063 0.378125 0.009375 0.021875
7 0.847656 0.858594 0.067187 0.073438
7 0.731250 0.703125 0.078125 0.087500
7 0.611719 0.718750 0.029687 0.056250
7 0.516406 0.692187 0.048438 0.056250