9 0.937500 0.189844 0.090625 0.379688
9 0.729688 0.189844 0.087500 0.379688
9 0.618750 0.189844 0.115625 0.379688
7 0.187500 0.491406 0.078125 0.070312
7 0.364063 0.490625 0.043750 0.043750
7 0.459375 0.441406 0.040625 0.045312
7 0.382812 0.603125 0.071875 0.037500
7 0.182031 0.735938 0.042188 0.037500
7 0.189844 0.845313 0.073438 0.034375
7 0.507812 0.828125 0.034375 0.018750
6 0.203125 0.991406 0.031250 0.017188
7 0.367188 0.962500 0.037500 0.028125
7 0.320312 0.950000 0.040625 0.028125
6 0.426563 0.901563 0.028125 0.015625
6 0.296094 0.908594 0.023438 0.026562
6 0.022656 0.555469 0.045312 0.035937
6 0.057813 0.990625 0.065625 0.018750
7 0.022656 0.917188 0.039062 0.053125
7 0.053125 0.806250 0.053125 0.034375
7 0.440625 0.560937 0.081250 0.037500
7 0.240625 0.723437 0.050000 0.103125
6 0.287500 0.550781 0.025000 0.035937
6 0.270313 0.481250 0.025000 0.021875
6 0.142187 0.665625 0.034375 0.025000
6 0.443750 0.803906 0.025000 0.017188
6 0.528125 0.796094 0.021875 0.032813
6 0.256250 0.877344 0.015625 0.017188
6 0.053125 0.775781 0.018750 0.014063
6 0.225000 0.581250 0.015625 0.012500
6 0.329688 0.653125 0.015625 0.012500
6 0.375000 0.835938 0.018750 0.037500
6 0.353125 0.896875 0.021875 0.012500
9 0.620343 0.879791 0.162561 0.240417