7 0.012500 0.646875 0.025000 0.028125
7 0.653906 0.313281 0.035937 0.054688
7 0.611719 0.264844 0.014063 0.014063
7 0.417969 0.292969 0.020313 0.017188
6 0.441406 0.523438 0.014063 0.034375
6 0.413281 0.347656 0.010937 0.007812
6 0.260156 0.166406 0.017188 0.014063
6 0.310937 0.055469 0.015625 0.014063
6 0.357031 0.060937 0.014063 0.015625
6 0.028906 0.342969 0.017188 0.010937
6 0.006250 0.310937 0.012500 0.012500
6 0.901563 0.209375 0.021875 0.028125
6 0.948438 0.216406 0.012500 0.010937
6 0.849219 0.092969 0.014063 0.017188
6 0.216406 0.029687 0.010937 0.009375
6 0.481250 0.041406 0.015625 0.014063
6 0.666406 0.007812 0.017188 0.012500
6 0.702344 0.204687 0.010937 0.012500
6 0.868750 0.170313 0.012500 0.015625
6 0.552344 0.386719 0.010937 0.010937
6 0.390625 0.405469 0.012500 0.010937
6 0.249219 0.445312 0.014063 0.009375
6 0.750402 0.333964 0.061719 0.030350
6 0.298438 0.325781 0.015625 0.010937
6 0.261719 0.096875 0.010937 0.006250
6 0.091406 0.179688 0.020313 0.021875
6 0.059375 0.085938 0.018750 0.012500
6 0.137500 0.163281 0.009375 0.010937
6 0.230469 0.368750 0.020313 0.015625
6 0.174219 0.360938 0.014063 0.012500
6 0.162500 0.342187 0.012500 0.012500
6 0.813281 0.422656 0.014063 0.017188
6 0.913281 0.542969 0.014063 0.014063
6 0.648438 0.433594 0.053125 0.026562
6 0.094531 0.544531 0.014063 0.020313
6 0.167187 0.699219 0.021875 0.017188
6 0.439063 0.082031 0.009375 0.010937
6 0.407813 0.257812 0.015625 0.009375
6 0.327344 0.258594 0.017188 0.017188
6 0.477344 0.157031 0.010937 0.010937
6 0.464844 0.240625 0.014063 0.009375
6 0.769531 0.075000 0.017188 0.012500
7 0.402344 0.520312 0.035937 0.028125