6 0.364844 0.123438 0.026562 0.034375
9 0.118345 0.509275 0.236691 0.218950
9 0.709375 0.438358 0.581250 0.299919
9 0.024219 0.737500 0.048438 0.103125
9 0.308594 0.846875 0.054688 0.306250
9 0.374219 0.860938 0.089063 0.278125
9 0.104688 0.975000 0.065625 0.050000
9 0.207813 0.982031 0.053125 0.035937
9 0.328125 0.648438 0.031250 0.059375
6 0.204687 0.704688 0.028125 0.043750
6 0.173437 0.892188 0.025000 0.068750
7 0.029687 0.903906 0.059375 0.192188
7 0.235937 0.857812 0.081250 0.196875
6 0.098437 0.657813 0.040625 0.046875
6 0.152344 0.721875 0.054688 0.081250
7 0.467187 0.699219 0.096875 0.160938