396.0044590691541 236 7.602999999944586 236.00000000000009 7.605979105646838 -1.5902773407317584e-14 395.99999999998545 6.361109362927034e-14 severe-corrosion 0
556 0 571 0 571 11 556 11 severe-corrosion 0
482 115 506 115 506 199 482 199 severe-corrosion 0
0 349.84899999999993 47.768 349.84899999999993 47.768 443.988 0 443.988 mild-corrosion 0
75 339 117 339 117 369 75 369 mild-corrosion 0
162 372 174 372 174 391 162 391 mild-corrosion 0
127 393 143 393 143 415 127 415 mild-corrosion 0
225 436 261 436 261 458 225 458 mild-corrosion 0
213 348 268 348 268 429 213 429 mild-corrosion 0
507.17801183767733 519.8856354792795 506.95358029690397 611.5332253016687 395.7734383157367 611.2584766124343 395.99999999998545 519.6129999999966 severe-corrosion 0
531.0639999999694 613.4839999999996 533.7492016675242 553.3239805476642 608.5981429250387 556.6637862095273 605.9139629909623 616.8228294564595 severe-corrosion 0
506.0916564657964 581.2999414058338 538.689000000013 585.1160000000015 534.3897601300705 621.8309722013972 501.7924219712586 618.0149451618034 moderate-corrosion 0