186.7402101791231 51.68665630380304 186.2720462368452 92.2224049986903 79.99813064503542 90.99480297304085 80.46640733198728 50.45916882306152 corroded-part 0
80.18786870678014 343.5767189357916 53.124138682105695 347.19190051181965 13.734784822372603 52.32785096959731 40.7972554492153 48.712758614955234 severe-corrosion 0
300 17.849 376.76800000000003 17.849 376.76800000000003 111.988 300 111.988 mild-corrosion 0
404 7 446 7 446 37 404 37 mild-corrosion 0
491 40 503 40 503 59 491 59 mild-corrosion 0
456 61 472 61 472 83 456 83 mild-corrosion 0
554 104 590 104 590 126 554 126 mild-corrosion 0
542 16 597 16 597 97 542 97 mild-corrosion 0
181.62812308648427 471.0965624326175 228.3757231148047 417.85121131907977 340.18575606198283 516.0002434070669 293.43971058107854 569.2441239134273 corroded-part 0
300 347 445 347 445 640 300 640 moderate-corrosion 0
449 510 468 510 468 538 449 538 mild-corrosion 0
479 522 495 522 495 560 479 560 mild-corrosion 0
494 482 510 482 510 523 494 523 mild-corrosion 0
513 512 533 512 533 546 513 546 mild-corrosion 0