0 300.461 198 300.461 198 640 0 640 severe-corrosion 0
625.6553008815536 213.01221818281886 646.565464838859 242.23206329257772 533.5890070426831 323.0747182631047 512.6792954840494 293.85528112148575 severe-corrosion 0
539.1611934340472 350.9849315841119 527.2877660176891 355.18445360860056 509.0037173649034 303.49349394132827 520.876999999964 299.2940000000074 severe-corrosion 0
388.71511946250394 639.999018334312 388.72344220442756 486.9321553996291 596.728440220395 486.9419285123997 596.7267613670265 640.0022061053118 severe-corrosion 0
220 274 262 274 262 337 220 337 moderate-corrosion 0
501.92951994991745 407.07928573897016 523.715565921375 400.77373393570906 543.5129666280409 469.16553562210254 521.7269512268831 475.4710141162911 severe-corrosion 0
459 332 493 332 493 450 459 450 mild-corrosion 0
381 243 431 243 431 309 381 309 moderate-corrosion 0
327 332 349 332 349 362 327 362 moderate-corrosion 0
323 262 339 262 339 288 323 288 moderate-corrosion 0
420.25368274291395 655.1336371292905 178.61176919825084 617.4086064193036 224.37412039194896 324.44316623256526 465.9890996148897 362.16598633638563 moderate-corrosion 0