-0.0006664879037998617 192.00000160481594 0 64.08400000002017 138.700995612744 64.08468795587503 138.70115505000285 191.9998635903384 moderate-corrosion 0
358.29716089232534 127.71150170845675 355.85276007215725 195.3750239698935 68.74200000005658 184.99999999997266 71.1874739913037 117.3375368234992 moderate-corrosion 0
218.21597843554628 85.99998966898485 218.21600031122216 76.56791816152149 271.87700657545065 76.56800483833862 271.8769999999495 86.00006118749658 moderate-corrosion 0
640 -0.000041689140306114403 640.0000543786155 61.536000000002986 463.2929395309475 61.535933330973045 463.292999999976 -1.2686437485687603e-11 severe-corrosion 0
358 0 491 0 491 192 358 192 severe-corrosion 0
254 414 335 414 335 503 254 503 severe-corrosion 0
91 297 171 297 171 498 91 498 severe-corrosion 0
6 413 92 413 92 521 6 521 severe-corrosion 0
304 192 358 192 358 282 304 282 severe-corrosion 0
163 626 194 626 194 640 163 640 severe-corrosion 0
0 276 90 276 90 407 0 407 moderate-corrosion 0
170 256 250 256 250 502 170 502 severe-corrosion 0
0 538 358 538 358 578 0 578 severe-corrosion 0
218.1979270168813 575.3071396458519 221.90948844676313 619.0599763396463 142.03619677304232 625.832797076698 138.32547654266818 582.0807471166129 severe-corrosion 0
21.273999999975786 256.8459999999683 42.73485330493713 168.0875623952988 182.73321923130425 201.93620293320237 161.27362186343817 290.69356397237163 mild-corrosion 0
235.12039400513459 639.9998760450659 235.12148736255767 595.3071711304216 316.687253755008 595.309094599655 316.68699999492674 640.0009472040895 severe-corrosion 0
0 580 63 580 63 640 0 640 mild-corrosion 0
68 586 141 586 141 640 68 640 moderate-corrosion 0
176 192 221 192 221 217 176 217 moderate-corrosion 0
358 506 495 506 495 640 358 640 severe-corrosion 0