199 31 233 31 233 84 199 84 moderate-corrosion 0
119 62 137 62 137 100 119 100 moderate-corrosion 0
177 19 194 19 194 45 177 45 mild-corrosion 0
43 149 57 149 57 171 43 171 mild-corrosion 0
51 69 65 69 65 90 51 90 mild-corrosion 0
232 235 243 235 243 252 232 252 mild-corrosion 0
353 266 365 266 365 298 353 298 mild-corrosion 0
38 194 50 194 50 221 38 221 mild-corrosion 0
122 237 143 237 143 279 122 279 moderate-corrosion 0
194 220 221 220 221 273 194 273 moderate-corrosion 0
210 159 235 159 235 193 210 193 moderate-corrosion 0
157 114 189 114 189 156 157 156 moderate-corrosion 0
285 259 297 259 297 284 285 284 mild-corrosion 0
371.00020979487454 96.41600000000003 273.0269262821821 96.41599999999998 273.02704755114974 -7.951386703658792e-15 370.99999999998545 0 severe-corrosion 0
155 288 196 288 196 300 155 300 moderate-corrosion 0
112 0 125 0 125 12 112 12 moderate-corrosion 0
371.0003657441848 319.8110000000001 196.57599999998638 319.811 196.57643363003444 299.99999999999994 370.99999999998545 299.99999999999994 corroded-part 0
144.62492726161145 639.9995789346972 91.54921949702839 644.5352254543943 62.10399999996298 300.00000000000233 115.17332660863758 295.46462763839827 severe-corrosion 0
418.6921358040854 498.7374375148039 450.3075140029978 322.7914646629443 671.6075520031154 362.55119409164195 639.9993043133145 538.4908723104503 severe-corrosion 0
468.996071215297 299.9954030564274 469.00118618941633 640.001712727453 370.9991802690638 639.9999999842325 370.99999999998545 300.0000000000151 severe-corrosion 0