142.49410234951938 293.9997765334592 142.4975056317635 52.05770771767046 313.0007399473834 52.06080691781032 313.0000000000291 294.0000182062744 severe-corrosion 0
313 0 640 0 640 294 313 294 severe-corrosion 0
0 462 12 462 12 495 0 495 moderate-corrosion 0
81 459 107 459 107 504 81 504 severe-corrosion 0
169 449 215 449 215 515 169 515 severe-corrosion 0
230 618 272 618 272 640 230 640 severe-corrosion 0
305 447 313 447 313 475 305 475 mild-corrosion 0
117 454 161 454 161 489 117 489 mild-corrosion 0
23 461 73 461 73 511 23 511 mild-corrosion 0
287 559 303 559 303 603 287 603 mild-corrosion 0
252 294 313 294 313 385 252 385 moderate-corrosion 0
17 294 80 294 80 442 17 442 moderate-corrosion 0
119 311 211 311 211 443 119 443 moderate-corrosion 0
172 527 222 527 222 640 172 640 moderate-corrosion 0
234 416 260 416 260 446 234 446 mild-corrosion 0
264 446 299 446 299 498 264 498 mild-corrosion 0
587.7593762103061 397.48616882319914 560.6870627480384 396.7372292800885 563.474142480045 296.0133033566298 590.5457507656683 296.762233120578 severe-corrosion 0
582.9375313265336 495.2258166502974 519.6351888122445 499.8125937389559 512.586999999985 402.53999999999877 575.8872946139309 397.95329725987074 severe-corrosion 0
376.56725845597975 501.9894965061223 344.0647950739367 512.1426060706146 331.48486688296543 471.8777993646197 363.9868656920589 461.7247679900302 severe-corrosion 0
449.9239999998099 293.9999344320756 449.9240950501553 323.4309984738836 430.9610311569122 323.4310005874512 430.9610000000248 294.00000000000045 severe-corrosion 0
622.9213672826154 523.805025413951 641.8494432605075 525.0054889487745 639.9128130042664 555.5344019918414 620.9847377381811 554.3339458262399 severe-corrosion 0
515.5959143473592 496.0789199941987 515.5960333364055 519.0040243527429 473.2519786601915 519.0039751820644 473.25204283006315 496.0790537131376 severe-corrosion 0