9 0.460938 0.821875 0.540625 0.090625
9 0.503125 0.192188 0.993750 0.281250
7 0.888281 0.568750 0.029687 0.037500
7 0.372656 0.371875 0.057813 0.071875
7 0.428125 0.365625 0.031250 0.053125
7 0.189844 0.738281 0.192188 0.123438
7 0.142187 0.589063 0.043750 0.056250
6 0.097656 0.400000 0.035937 0.050000
6 0.527344 0.510156 0.020313 0.042188
6 0.734375 0.432812 0.012500 0.025000
7 0.804688 0.390625 0.034375 0.028125
7 0.935937 0.378125 0.018750 0.034375
7 0.703906 0.889844 0.032813 0.057813
7 0.552344 0.922656 0.032813 0.035937
7 0.251563 0.561719 0.053125 0.129688
7 0.189062 0.382812 0.040625 0.046875
7 0.320312 0.388281 0.034375 0.057813
7 0.300781 0.457031 0.035937 0.035937
7 0.487500 0.544531 0.028125 0.039062
7 0.792969 0.606250 0.051562 0.128125
7 0.891406 0.569531 0.029687 0.048438