9 0.154688 0.254688 0.309375 0.509375
9 0.654687 0.254688 0.690625 0.509375
9 0.138139 0.774709 0.276278 0.387977
7 0.499219 0.562500 0.104688 0.106250
7 0.335156 0.646094 0.051562 0.085938
6 0.398438 0.929688 0.178125 0.056250
6 0.582812 0.823438 0.115625 0.068750
6 0.653125 0.920312 0.068750 0.071875
7 0.596875 0.659375 0.112500 0.062500
7 0.437500 0.748437 0.059375 0.081250
7 0.332813 0.841406 0.046875 0.070312
6 0.811719 0.840625 0.064062 0.093750
6 0.981250 0.704688 0.037500 0.037500
6 0.634375 0.519531 0.040625 0.020313
6 0.336719 0.764844 0.054688 0.039062