223.99995231782668 58.812923914595615 230.04605697700754 195.25353461614503 1.0242659803770948 205.39995555081063 -5.020191674339003 68.96095503614707 severe-corrosion 0
469 152 599 152 599 289 469 289 moderate-corrosion 0
37.713268461084226 639.9999889579024 7.836319551352062 640.2600711821603 5.545569423993584 377.01435918566716 35.41965003685618 376.7542891392775 severe-corrosion 0
609 583 637 583 637 627 609 627 moderate-corrosion 0
455.23179426192655 396.75450770684444 494.83894259472436 387.9571847170052 507.4947269835684 444.92862929959017 467.887604564894 453.7258717635749 severe-corrosion 0
640.002060480183 464.077 508.74852434542845 464.077 508.75 376.99999999999994 640 376.99999999999994 severe-corrosion 0
640.0000434965477 489.1479999999999 631.0019749255298 489.1479999999999 631.0020580174023 448.60999999999996 639.9999990269862 448.60999999999996 severe-corrosion 0
611.8925456486613 474.7367221099653 649.9326126031519 481.3133466144324 636.9168025019462 556.5839783868798 598.8767601479049 550.0074503906345 severe-corrosion 0
224 615 235 615 235 636 224 636 moderate-corrosion 0
545 532 563 532 563 562 545 562 mild-corrosion 0
538 595 555 595 555 615 538 615 mild-corrosion 0
624 560 640 560 640 580 624 580 moderate-corrosion 0
523 487 539 487 539 527 523 527 mild-corrosion 0
482 377 504 377 504 401 482 401 mild-corrosion 0
251 400 265 400 265 417 251 417 mild-corrosion 0
290 380 302 380 302 400 290 400 mild-corrosion 0