6 0.274611 0.205257 0.185440 0.410515
7 0.118041 0.441844 0.066034 0.209658
6 0.351562 0.127344 0.015625 0.017188
9 0.814844 0.441406 0.214062 0.135937
9 0.414844 0.039844 0.110937 0.079687
9 0.665625 0.457031 0.084375 0.104688
6 0.565625 0.431250 0.043750 0.053125
7 0.485938 0.357812 0.053125 0.159375
6 0.621094 0.152344 0.035937 0.051562
6 0.789062 0.187500 0.031250 0.053125
7 0.857031 0.185938 0.057813 0.371875
6 0.703125 0.175000 0.050000 0.350000
7 0.308594 0.778125 0.101562 0.146875
7 0.214844 0.650781 0.117188 0.054688
7 0.184375 0.832812 0.034375 0.028125
9 0.395187 0.797862 0.071623 0.404277