-7.828165642931708 198.95832424820782 0.8830362177832285 83.13698510479713 296.4355057418288 105.36361231092408 287.7263507372845 221.18331802322032 corroded-part 0
480.59800000002724 248.99999999999 480.5992504899041 154.89981657171472 578.8055558874476 154.90105365619166 578.8049999970099 249.00055666217443 severe-corrosion 0
0 388 70 388 70 447 0 447 mild-corrosion 0
132 336 226 336 226 434 132 434 mild-corrosion 0
211 249 232 249 232 282 211 282 mild-corrosion 0
581 249 607 249 607 274 581 274 mild-corrosion 0
593 306 640 306 640 469 593 469 moderate-corrosion 0
553 452 619 452 619 525 553 525 moderate-corrosion 0
447 506 567 506 567 640 447 640 moderate-corrosion 0
332 478 408 478 408 581 332 581 moderate-corrosion 0
477 367 513 367 513 404 477 404 mild-corrosion 0
480 469 504 469 504 493 480 493 mild-corrosion 0
374 406 389 406 389 421 374 421 mild-corrosion 0
360 386 374 386 374 408 360 408 mild-corrosion 0
560 335 573 335 573 352 560 352 mild-corrosion 0