0 103.32899999999998 124.436 103.32899999999998 124.436 236 0 236 severe-corrosion 0
20 0 54 0 54 63 20 63 mild-corrosion 0
313.00147773043136 236.00000000000009 58.86499387357617 235.99999999999994 58.86757089407183 -6.361109362927034e-14 312.99879882302776 -3.180554681463517e-14 moderate-corrosion 0
632.8074649896735 -17.769693568606307 706.4980438454222 164.2858877442897 355.97688221336284 306.15901245855446 282.29082340811146 124.10734551589556 severe-corrosion 0
0 236 313 236 313 551.378 0 551.378 severe-corrosion 0
492 407 546 407 546 480 492 480 moderate-corrosion 0
502 547 610 547 610 640 502 640 moderate-corrosion 0
493 488 535 488 535 502 493 502 mild-corrosion 0
626 536 640 536 640 558 626 558 mild-corrosion 0
313 236 640 236 640 399 313 399 severe-corrosion 0
495 347 530 347 530 383 495 383 moderate-corrosion 0