9 0.528125 0.962500 0.262500 0.075000
7 0.882031 0.789844 0.160938 0.420312
7 0.439063 0.525000 0.081250 0.815625
9 0.300000 0.520312 0.062500 0.075000
9 0.565625 0.025000 0.081250 0.050000
6 0.675781 0.308594 0.048438 0.092188
6 0.557813 0.267188 0.059375 0.156250
6 0.737500 0.020313 0.087500 0.040625
6 0.644531 0.600000 0.067187 0.071875
6 0.755469 0.646875 0.042188 0.068750
6 0.586719 0.863281 0.120313 0.107813
6 0.543750 0.479687 0.050000 0.071875
6 0.546094 0.679688 0.104688 0.040625
6 0.439063 0.046875 0.031250 0.059375
6 0.159375 0.164844 0.034375 0.060937