180.00012860400602 317.00000000000006 50.207815869216574 317 50.208774826605804 256.2949999999999 179.99931615086098 256.295 severe-corrosion 0
230.00004448535037 142 155.39694031715044 142.00000000000003 155.39700208792055 127.88800000000002 230 127.888 severe-corrosion 0
230 203 604 203 604 227 230 227 severe-corrosion 0
343 140 419 140 419 186 343 186 mild-corrosion 0
230 304 640 304 640 396 230 396 severe-corrosion 0
467 137 491 137 491 152 467 152 mild-corrosion 0
249 0 409 0 409 54 249 54 mild-corrosion 0
510 0 545 0 545 23 510 23 mild-corrosion 0
230 232 553 232 553 302 230 302 mild-corrosion 0
112 396 125 396 125 405 112 405 mild-corrosion 0
14 587 34 587 34 621 14 621 mild-corrosion 0
110 616 134 616 134 634 110 634 mild-corrosion 0
230 444.075 640 444.075 640 640 230 640 severe-corrosion 0