74.29816711119201 111.41103678610024 159.73708943580277 94.3516524712567 187.93384929769672 235.5677820910338 102.49497476033866 252.62701057261606 severe-corrosion 0
162.8338009599247 20.743728698648788 174.11862485925667 -53.19100788121547 595.0911212497886 11.06292188054752 583.8064195877814 84.99783139888116 severe-corrosion 0
113.33046169762383 639.9998421146391 102.09390348820307 641.2135593347249 79.23836743218999 429.6626673979339 90.47399999995832 428.44900000000104 severe-corrosion 0
153.79044941488246 635.3830431153352 109.26429629071208 631.1113512883088 124.22936848044628 475.18000559388616 168.75270006625215 479.4515623015441 severe-corrosion 0
76.60855058704328 270.46344916072854 163.8862408872228 252.0056472334441 196.1330347389594 404.47366791507926 108.85546631245234 422.93111286385084 severe-corrosion 0
58.13957633276004 406.9886737262974 35.32699999996112 407.75600000000105 33.96068918336823 367.1363218173797 56.77299999995739 366.3690000000011 severe-corrosion 0
0 369.90600000000757 -15.607657164364355 310.9018988635969 77.1979999999894 286.35500000001434 92.80609724468377 345.35839390249964 severe-corrosion 0
62.90100765938405 508.4638237176876 9.860230194462929 517.7428868223935 -3.4153850102302385 441.86693945330535 49.623999999967054 432.58799999999974 moderate-corrosion 0
13.881089426067774 406.3759896556647 0.8075259777979227 407.8882706674488 -3.0404369985626545 374.6262736019055 10.032999999966705 373.11400000000276 moderate-corrosion 0
101.70699999995122 475.3540000000082 118.89264737277699 470.58429838906443 140.33831290114904 547.840455840013 123.1526948728424 552.6100846837136 moderate-corrosion 0
625.7255278775119 527.7137835803339 557.6258220880118 702.8904426086672 178.21165699017 555.4062098920579 246.3170219478343 380.2439022540097 severe-corrosion 0
166 395.761 195.241 395.761 195.241 415.9 166 415.9 moderate-corrosion 0