209.99999999992724 -0.00013335312802139018 210.0000790033664 92.00002994001918 101.46889690106036 91.99994079487416 101.46899999999732 1.979895289211039e-11 severe-corrosion 0
52 86 73 86 73 114 52 114 mild-corrosion 0
544 0 640 0 640 236 544 236 severe-corrosion 0
300 0 357 0 357 219 300 219 severe-corrosion 0
510 50 528 50 528 76 510 76 mild-corrosion 0
499 92 528 92 528 124 499 124 mild-corrosion 0
518 121 535 121 535 159 518 159 mild-corrosion 0
390 158 413 158 413 180 390 180 mild-corrosion 0
479 212 497 212 497 232 479 232 mild-corrosion 0
299.9999870305328 235.99770395953212 300.00405745937314 498.7338570125766 153.0209268831095 498.73149560222765 153.0220307001582 236.000107338636 severe-corrosion 0
460 246 546 246 546 343 460 343 severe-corrosion 0