0 206.694 227.993 206.694 227.993 352 0 352 severe-corrosion 0
307 0 606.695 0 606.695 352 307 352 severe-corrosion 0
549 5 567 5 567 28 549 28 severe-corrosion 0
620 149 632 149 632 162 620 162 moderate-corrosion 0
627 179 635 179 635 214 627 214 moderate-corrosion 0
618 16 636 16 636 51 618 51 moderate-corrosion 0
94.39092114080267 352.18130584203914 129.8190871006227 349.43872701566033 152.28047270829848 639.5448798179543 116.85232447998715 642.2873123443774 severe-corrosion 0
14 619 38 619 38 633 14 633 mild-corrosion 0
515.9909314045944 527.5120069803526 532.9990140182053 561.065640220123 468.74381975561846 593.6277641155083 451.73632543330314 560.0746335236558 severe-corrosion 0
586.6769999999815 507.10200000001805 581.1730008216546 500.35679055711347 599.7499999999854 485.20099999998365 605.2539825701388 491.94617960626226 severe-corrosion 0
626.2950103108597 478.15000032297314 620.6487343467597 477.9731389993921 621.3831023396779 454.53336163802646 627.0293324908562 454.7102222443612 severe-corrosion 0