9 0.151126 0.257864 0.302252 0.462397
7 0.382812 0.026562 0.040625 0.046875
6 0.229687 0.174219 0.028125 0.104688
6 0.065625 0.004687 0.031250 0.009375
6 0.365625 0.471875 0.012500 0.015625
9 0.610938 0.222656 0.037500 0.192188
9 0.675000 0.246875 0.050000 0.221875
9 0.747656 0.194531 0.073438 0.389062
9 0.824219 0.300781 0.067187 0.339062
9 0.935156 0.199219 0.042188 0.398438
9 0.990625 0.214062 0.018750 0.378125
9 0.844531 0.054688 0.104688 0.109375
7 0.612500 0.046094 0.031250 0.092188
9 0.885938 0.276562 0.040625 0.296875
7 0.923438 0.461719 0.050000 0.048438
9 0.138851 0.876073 0.277702 0.247855