9 0.200000 0.064244 0.400000 0.128488
6 0.572656 0.178906 0.073438 0.082812
6 0.620313 0.251563 0.034375 0.053125
6 0.733594 0.409375 0.045312 0.040625
6 0.428125 0.151562 0.025000 0.043750
9 0.200000 0.714844 0.400000 0.570312
6 0.778125 0.482031 0.093750 0.104688
6 0.751563 0.604688 0.040625 0.062500
7 0.806250 0.812500 0.112500 0.253125
7 0.737500 0.955469 0.103125 0.089063
6 0.595313 0.808594 0.056250 0.057813
6 0.590625 0.957812 0.037500 0.037500
6 0.863281 0.640625 0.032813 0.062500
6 0.935937 0.648438 0.021875 0.059375
6 0.990625 0.578125 0.018750 0.068750
6 0.417969 0.852344 0.023438 0.023438
6 0.402344 0.826562 0.004687 0.034375
6 0.523438 0.472656 0.012500 0.029687
6 0.532031 0.510938 0.014063 0.025000
6 0.707031 0.742969 0.020313 0.026562