7 0.846126 0.084480 0.163176 0.172829
7 0.397656 0.942187 0.142187 0.115625
7 0.230469 0.982031 0.157812 0.035937
9 0.234375 0.752682 0.468750 0.427239
9 0.017969 0.935937 0.035937 0.121875
9 0.778906 0.981250 0.442188 0.037500
7 0.770312 0.565625 0.053125 0.053125
7 0.825781 0.558594 0.026562 0.039062
7 0.561719 0.921875 0.182812 0.121875
7 0.524219 0.773438 0.039062 0.056250
6 0.493750 0.584375 0.031250 0.050000
6 0.916406 0.695312 0.017188 0.040625
7 0.635938 0.746094 0.043750 0.129688
7 0.587500 0.565625 0.037500 0.046875
7 0.716406 0.571875 0.029687 0.056250
7 0.692969 0.641406 0.032813 0.035937
7 0.871875 0.730469 0.025000 0.039062