330.6503320522461 267.38812557266857 399.83331283714506 145.15776563782345 680.0133109115995 303.73215801699484 610.8350339790923 425.9584767698877 severe-corrosion 0
28 447 106 447 106 640 28 640 severe-corrosion 0
123 377 174 377 174 560 123 560 severe-corrosion 0
175 377 216 377 216 597 175 597 severe-corrosion 0
50 377 116 377 116 438 50 438 severe-corrosion 0
271 468 300 468 300 499 271 499 moderate-corrosion 0
358 470 379 470 379 526 358 526 moderate-corrosion 0
511 472 631 472 631 510 511 510 moderate-corrosion 0
609 536 640 536 640 596 609 596 moderate-corrosion 0
519 611 565 611 565 639 519 639 moderate-corrosion 0
462 377 518 377 518 397 462 397 moderate-corrosion 0
372 540 468 540 468 596 372 596 moderate-corrosion 0
632.3672669210646 366.32797677141446 641.7707582474395 379.47585415040203 495.74217529501766 483.90183728758535 486.33909956253774 470.7543332657775 moderate-corrosion 0
601 612 640 612 640 640 601 640 mild-corrosion 0