9 0.487500 0.515793 0.156250 0.127789
7 0.446875 0.351205 0.075000 0.216339
9 0.194991 0.798049 0.059632 0.402909
6 0.384375 0.933594 0.031250 0.054688
7 0.553125 0.751563 0.015625 0.028125
7 0.934375 0.721875 0.062500 0.050000
6 0.496094 0.875781 0.026562 0.029687
6 0.443750 0.978906 0.034375 0.042188
6 0.434375 0.635938 0.025000 0.043750
6 0.673438 0.907813 0.025000 0.043750
7 0.903125 0.899219 0.021875 0.029687
7 0.837500 0.778125 0.018750 0.028125
6 0.789062 0.763281 0.025000 0.035937
7 0.967187 0.974219 0.034375 0.035937
7 0.868750 0.932031 0.018750 0.023438
6 0.751563 0.582812 0.018750 0.006250
6 0.756250 0.805469 0.012500 0.017188
6 0.540625 0.859375 0.021875 0.050000
6 0.523438 0.800000 0.043750 0.028125
6 0.431250 0.883594 0.028125 0.020313
6 0.837500 0.963281 0.031250 0.054688
6 0.546875 0.935937 0.037500 0.034375
6 0.804688 0.890625 0.018750 0.021875
6 0.704688 0.907031 0.021875 0.029687
6 0.648438 0.700000 0.009375 0.025000
6 0.793750 0.690625 0.018750 0.021875