9 0.408594 0.815625 0.535937 0.100000
9 0.501563 0.182031 0.996875 0.298438
7 0.852344 0.553125 0.026562 0.037500
7 0.349219 0.365625 0.054688 0.071875
7 0.403906 0.359375 0.026562 0.053125
7 0.143750 0.736719 0.184375 0.126562
7 0.103906 0.588281 0.039062 0.057813
6 0.072656 0.398438 0.032813 0.050000
6 0.494531 0.502344 0.017188 0.042188
6 0.705469 0.420312 0.010937 0.025000
7 0.780469 0.376563 0.032813 0.028125
7 0.910156 0.362500 0.017188 0.034375
7 0.646875 0.878906 0.028125 0.057813
7 0.493750 0.913281 0.031250 0.035937
7 0.214844 0.559375 0.045312 0.131250
7 0.164062 0.379688 0.037500 0.046875
7 0.294531 0.383594 0.029687 0.057813
7 0.271094 0.452344 0.032813 0.035937
7 0.452344 0.536719 0.026562 0.039062
7 0.754687 0.593750 0.043750 0.128125
7 0.853906 0.553906 0.026562 0.048438