7 0.365625 0.962500 0.121875 0.075000
6 0.100000 0.477344 0.021875 0.017188
6 0.510938 0.837500 0.025000 0.059375
6 0.392188 0.598437 0.015625 0.025000
6 0.583594 0.660156 0.020313 0.048438
6 0.090625 0.542188 0.018750 0.040625
7 0.081250 0.983594 0.050000 0.032813
7 0.029687 0.955469 0.028125 0.039062
7 0.130469 0.818750 0.054688 0.081250
7 0.103125 0.716406 0.028125 0.064062
7 0.229687 0.621875 0.034375 0.065625
7 0.346875 0.603125 0.043750 0.081250
7 0.369531 0.494531 0.039062 0.051562
7 0.575781 0.725000 0.039062 0.043750
6 0.477344 0.642969 0.020313 0.039062
7 0.236719 0.807813 0.039062 0.084375
7 0.296094 0.717187 0.064062 0.093750
7 0.245312 0.932813 0.075000 0.115625
7 0.328906 0.846094 0.107813 0.132812
6 0.437500 0.871875 0.046875 0.068750
6 0.092188 0.904687 0.040625 0.050000