8.948999999993248 198.00000000003496 8.951539223635336 74.22231955621717 211.00127165736922 74.22593449686704 210.99999997859413 198.00240733245107 severe-corrosion 0
0 518.942 15.487 518.942 15.487 595.966 0 595.966 severe-corrosion 0
59.32535798798199 588.2759672944132 48.647631838102825 589.2514782356301 39.23870532817091 486.283491319009 49.91600000001199 485.30799999999766 moderate-corrosion 0
420 226 450 226 450 310 420 310 mild-corrosion 0
641.5396963174862 496.3446125441495 639.9983711632376 580.8372988682353 266.8054656737513 574.0134092288342 268.35299999998824 489.52700000000596 moderate-corrosion 0
234.54799999999523 197.99999999999943 335.23787249301677 189.1615441024901 366.1085116407776 540.8190813603368 265.41872593574226 549.6571118306143 mild-corrosion 0
211 521.727 250.016 521.727 250.016 627.359 211 627.359 moderate-corrosion 0
317.5805927336478 593.4096520353623 328.2481400780671 633.3559981019412 217.14558675936132 663.0151358552803 206.47929019847652 623.0698668234976 moderate-corrosion 0
501 459 515 459 515 469 501 469 mild-corrosion 0
291 246 301 246 301 260 291 260 mild-corrosion 0
346 354 366 354 366 365 346 365 mild-corrosion 0
412 463 436 463 436 474 412 474 mild-corrosion 0
503 430 519 430 519 439 503 439 mild-corrosion 0
411 333 420 333 420 343 411 343 mild-corrosion 0