166 83.626 281 83.626 281 158 166 158 severe-corrosion 0
101 97 128 97 128 121 101 121 moderate-corrosion 0
44 28 94 28 94 60 44 60 mild-corrosion 0
53 205 73 205 73 222 53 222 mild-corrosion 0
253 212 281 212 281 224 253 224 mild-corrosion 0
0 204 28 204 28 234 0 234 moderate-corrosion 0
0 252 12 252 12 262 0 262 moderate-corrosion 0
151 101 167 101 167 117 151 117 moderate-corrosion 0
163 127 181 127 181 143 163 143 moderate-corrosion 0
196 142 228 142 228 167 196 167 moderate-corrosion 0
85 151 97 151 97 167 85 167 moderate-corrosion 0
49 91 65 91 65 101 49 101 mild-corrosion 0
153 48 166 48 166 62 153 62 mild-corrosion 0
216 73 228 73 228 80 216 80 mild-corrosion 0
182 86 193 86 193 97 182 97 mild-corrosion 0
39 137 53 137 53 149 39 149 mild-corrosion 0
137 193 151 193 151 207 137 207 mild-corrosion 0
187 182 206 182 206 191 187 191 mild-corrosion 0
190 206 198 206 198 214 190 214 mild-corrosion 0
69 251 84 251 84 262 69 262 mild-corrosion 0
89 260 110 260 110 262 89 262 mild-corrosion 0
10 74 21 74 21 82 10 82 mild-corrosion 0
115 148 125 148 125 160 115 160 mild-corrosion 0
515 10 640 10 640 209 515 209 severe-corrosion 0
474 200 508 200 508 236 474 236 severe-corrosion 0
324 256 362 256 362 262 324 262 severe-corrosion 0
0 368.365 182 368.365 182 477 0 477 severe-corrosion 0
311.91751594851667 384.56090355637286 364.2249648622965 223.8905223169289 622.0015289227013 307.804658732046 569.700887632498 468.4691199136003 severe-corrosion 0