120 58 217 58 217 243 120 243 moderate-corrosion 0
346 205 493 205 493 269 346 269 mild-corrosion 0
535 217 591 217 591 243 535 243 mild-corrosion 0
262 256 276 256 276 274 262 274 mild-corrosion 0
226 278 275 278 275 302 226 302 mild-corrosion 0
252 206 309 206 309 223 252 223 mild-corrosion 0
177 446 205 446 205 512 177 512 severe-corrosion 0
0 553 29 553 29 608 0 608 severe-corrosion 0
97 584 125 584 125 640 97 640 moderate-corrosion 0
8 391 18 391 18 415 8 415 mild-corrosion 0
146 446 156 446 156 462 146 462 mild-corrosion 0
392.1094982865179 568.4362580443961 293.52988847429515 462.06974569941065 487.39536748347746 282.42805319103763 585.9708340439101 388.7896121526346 moderate-corrosion 0
575 353 611 353 611 390 575 390 mild-corrosion 0
523 564 545 564 545 586 523 586 mild-corrosion 0
255 488 275 488 275 506 255 506 mild-corrosion 0
355 468 383 468 383 488 355 488 mild-corrosion 0
334 396 348 396 348 410 334 410 mild-corrosion 0