0 140.547 142 140.547 142 221 0 221 severe-corrosion 0
140.46596483480243 223.00001390786116 140.46606898358732 140.7459608822825 160.00000007385097 140.74604371788735 160.00000658612407 222.9999821052454 moderate-corrosion 0
640.0029152032948 416.0000000000001 159.9993654629361 416.00000000000017 160.00262360124907 360.76599999999974 639.9984257734468 360.76599999999985 severe-corrosion 0
379.8733869305579 155.08035836707296 261.14696398508386 164.985144390016 247.68137078121072 3.5705052137777447 366.4065358416701 -6.334224393215255 severe-corrosion 0
390 98 436 98 436 167 390 167 moderate-corrosion 0
317 180 336 180 336 206 317 206 moderate-corrosion 0
620 8 635 8 635 33 620 33 moderate-corrosion 0
162.03056118152745 511.521971416444 159.82994689613406 565.0992049456656 -2.005100085079903 558.4499327522975 0.197163065240602 504.8744166400047 severe-corrosion 0
180.9569403448404 438.4385338235476 259.6507956030837 432.73883093180007 265.5229683087964 513.800876137621 186.8291208626033 519.5004968882184 severe-corrosion 0
470.15186571879894 456.1611753725857 440.52865003046463 512.8641853839547 373.11728065047646 477.65169100176246 402.7405913108669 420.94942616239325 severe-corrosion 0
640.000440836593 527.939 600.4397692310886 527.939 600.4402718602796 463.995 640 463.995 severe-corrosion 0
588.5900123154715 485.7240356538452 573.1698906818929 480.4494519870088 580.747268227642 458.30108215760015 596.1672737974732 463.5756442078136 moderate-corrosion 0
504.76441081591474 494.62402684860507 532.2333857397462 444.1096054951937 592.9299726799218 477.1099780802874 565.4617303847772 527.6237694818054 moderate-corrosion 0
326.84210663435806 462.38493467373934 324.32486436002364 506.81787690549754 274.79481952752394 504.0120222312206 277.3124339710921 459.5794815759958 moderate-corrosion 0