9 0.611719 0.149219 0.045312 0.107813
9 0.837500 0.053906 0.146875 0.107813
9 0.809375 0.165625 0.075000 0.059375
9 0.878125 0.503125 0.037500 0.075000
7 0.709375 0.089063 0.018750 0.034375
9 0.912500 0.207813 0.059375 0.050000
7 0.859375 0.324219 0.025000 0.042188
7 0.787500 0.340625 0.021875 0.025000
7 0.790625 0.407031 0.021875 0.039062
6 0.987500 0.360938 0.025000 0.040625
7 0.635156 0.409375 0.029687 0.025000
7 0.632812 0.540625 0.028125 0.018750
3 0.297701 0.558594 0.032902 0.017188
9 0.650533 0.781518 0.263600 0.436965