4 397 15 397 15 433 4 433 moderate-corrosion 0
75 268 91 268 91 287 75 287 moderate-corrosion 0
201 26 218 26 218 56 201 56 mild-corrosion 0
71 58 82 58 82 68 71 68 mild-corrosion 0
77 130 91 130 91 145 77 145 mild-corrosion 0
51 113 60 113 60 125 51 125 mild-corrosion 0
350 234 362 234 362 259 350 259 mild-corrosion 0
429 250 445 250 445 268 429 268 mild-corrosion 0
370 49 394 49 394 77 370 77 mild-corrosion 0
271 0 281 0 281 26 271 26 mild-corrosion 0
62 446 95 446 95 467 62 467 mild-corrosion 0
205 418 273 418 273 448 205 448 mild-corrosion 0
133 267 161 267 161 292 133 292 mild-corrosion 0
131 201 157 201 157 229 131 229 mild-corrosion 0
199 300 221 300 221 336 199 336 mild-corrosion 0
458 438 465 438 465 461 458 461 mild-corrosion 0
16 394 29 394 29 404 16 404 mild-corrosion 0
80 410 88 410 88 420 80 420 mild-corrosion 0
32 261 40 261 40 275 32 275 mild-corrosion 0
175 70 185 70 185 80 175 80 mild-corrosion 0
67 191 73 191 73 199 67 199 mild-corrosion 0
473 185.99899999999997 629.432 185.99899999999997 629.432 467 473 467 corroded-part 0
0 467 130.452 467 130.452 508.125 0 508.125 severe-corrosion 0
236.66222765772545 515.7530283369146 228.703126972905 483.1967464343152 263.54011510207783 474.68161830071074 271.499359309164 507.23768493258024 moderate-corrosion 0
582 467 636 467 636 529 582 529 severe-corrosion 0
531 467 558 467 558 491 531 491 mild-corrosion 0
618 625 636 625 636 640 618 640 mild-corrosion 0