7 0.635156 0.676562 0.054688 0.146875
7 0.585156 0.632031 0.010937 0.051562
9 0.673438 0.523438 0.131250 0.143750
7 0.851562 0.426563 0.081250 0.293750
7 0.629687 0.252344 0.040625 0.407813
9 0.691406 0.007031 0.042188 0.014063
6 0.746875 0.143750 0.025000 0.046875
6 0.688281 0.123438 0.029687 0.078125
6 0.778125 0.004687 0.043750 0.009375
6 0.732812 0.288281 0.034375 0.035937
6 0.787500 0.312500 0.021875 0.034375
6 0.701562 0.420312 0.059375 0.053125
6 0.681250 0.228125 0.025000 0.034375
6 0.682813 0.329688 0.053125 0.021875
6 0.721094 0.741406 0.029687 0.017188
7 0.951562 0.338281 0.028125 0.032813
6 0.627344 0.013281 0.014063 0.026562
6 0.756250 0.500000 0.025000 0.018750
7 0.758594 0.926562 0.026562 0.053125
6 0.710938 0.759375 0.018750 0.018750
6 0.656250 0.801562 0.015625 0.025000
6 0.892188 0.889062 0.025000 0.037500
6 0.935937 0.909375 0.028125 0.034375
6 0.989062 0.987500 0.012500 0.021875
6 0.792969 0.753125 0.010937 0.006250
6 0.612500 0.864062 0.012500 0.012500