133.23273373571283 337.7175381438411 22.46768276541843 234.17611430734217 302.1239163809514 -64.9835290167124 412.88694390335877 38.55597980366956 severe-corrosion 0
93.979922662038 182.01830832729965 77.2500417054107 189.3685446570217 53.64421520876931 135.64021259116024 70.37399999993795 128.29000000001193 moderate-corrosion 0
183.23611816267658 98.2178226097204 189.66515408086707 117.14162237511742 176.84500000003027 121.49699999999658 170.41597638577514 102.57321067449277 mild-corrosion 0
441 78 531 78 531 162 441 162 severe-corrosion 0
33.00328383615124 332.98305501492365 114.22087128077692 333.09448477875407 113.79958736768458 640.1114239207457 32.581999999965774 639.9999999999999 corroded-part 0
307.91799999999057 371.2860000000027 326.55411746345635 366.83062019162804 331.5260000000126 387.624999999994 312.8898872443824 392.08036635233753 mild-corrosion 0
564.5751312765788 639.9999113644036 564.5769999999902 561.9409999999697 640.0005544004671 561.9426140513755 639.9999999983993 640.00022906157 moderate-corrosion 0
406.1880841006496 441.0422653719792 427.77783664547314 335.3353542842465 606.8783629024256 371.9101427627652 585.2919250557898 477.61417046170976 severe-corrosion 0
429.10556906848797 491.1003310517993 421.8215673525265 471.6156927174271 452.1989675014629 460.2615198024022 459.4830170601199 479.7460456347815 moderate-corrosion 0
633.2061395230994 512.8200102113258 601.822267825919 510.52310702323905 604.5034602240048 473.89804463173266 635.8869115640118 476.19493239612297 moderate-corrosion 0
525.0089169489365 447.0522562242618 528.8285632155748 465.5476748999811 478.3704592633876 475.96625523486915 474.5509999999922 457.47100000000864 moderate-corrosion 0
502.3429999999644 512.4889999999679 495.75694501254475 496.6614442219856 517.5469999999768 487.5959999999753 524.1330790147913 503.42348612698595 mild-corrosion 0
571 321 591 321 591 333 571 333 mild-corrosion 0
457 549 483 549 483 583 457 583 mild-corrosion 0