0 0 326 0 326 377 0 377 severe-corrosion 0
440 203 503 203 503 377 440 377 severe-corrosion 0
328 36 414 36 414 377 328 377 severe-corrosion 0
87 598 115 598 115 640 87 640 moderate-corrosion 0
130 491 145 491 145 515 130 515 moderate-corrosion 0
133 528 152 528 152 554 133 554 moderate-corrosion 0
257 450 270 450 270 477 257 477 moderate-corrosion 0
292 563 304 563 304 587 292 587 moderate-corrosion 0
240 550 256 550 256 578 240 578 moderate-corrosion 0
217 528 231 528 231 542 217 542 moderate-corrosion 0
43 441 55 441 55 459 43 459 mild-corrosion 0
171 609 188 609 188 629 171 629 mild-corrosion 0
638.405060131845 369.91608128380307 689.604475926244 597.3042508836008 356.6992537402257 672.2255596792245 305.51649702028953 444.8511859959417 severe-corrosion 0