21.168000000034226 -7.060831392849007e-12 152.84292951939278 -26.17151367172424 205.09143714793026 236.70082904908398 73.4165928325092 262.8720083693888 severe-corrosion 0
122.2020874703594 328.7378063203394 119.37424796407868 298.1842771311254 148.94883860273694 295.4472423852172 151.77677255371236 326.0006658362681 moderate-corrosion 0
342.98953051576973 421.497863990586 307.86778066845727 300.22108342691666 472.7842902968405 252.4654643561733 507.90752614200755 373.73945557845906 corroded-part 0
513.4170136740431 247.78763225317377 639.58507921212 173.2972491298636 720.9269797373418 311.06449896618227 594.7598284866399 385.5536874641646 corroded-part 0
267.9999999683787 504.9987192734121 268.00350136363704 640.0012187092814 25.24700000001758 639.999999999997 25.25047564820852 505.0048601311057 severe-corrosion 0
0 505 206.206 505 206.206 640 0 640 moderate-corrosion 0
509 505 521 505 521 514 509 514 moderate-corrosion 0
302 619 315 619 315 640 302 640 moderate-corrosion 0
458 617 472 617 472 630 458 630 moderate-corrosion 0
268 506 281 506 281 525 268 525 moderate-corrosion 0
352 533 362 533 362 551 352 551 moderate-corrosion 0
628 505 640 505 640 522 628 522 moderate-corrosion 0
553 535 559 535 559 543 553 543 severe-corrosion 0