123.00008034908387 386.0000000000001 87.44193849437579 386.0000000000001 87.44209171687544 359.6880000000001 122.99997335256194 359.6880000000001 corroded-part 0
259.23831334010174 287.6540968109896 240.2734357976442 326.5894177784861 160.11310786794638 287.5463604192089 179.07805503833515 248.61141503977808 severe-corrosion 0
232.7092870704655 236.44321061624362 241.6093853476923 196.58662473346428 311.6145813822368 212.21837510095807 302.714759007431 252.07472023357684 severe-corrosion 0
562.3827370450454 410.00007463837494 562.3836073766142 290.308223023745 616.0000244437106 290.3090000003693 616.0000029585353 409.9999728218416 corroded-part 0
332.0038729949738 297.3028353447115 328.2156450716866 1.24093098650533 636.7850295657263 -2.7078076282961123 640.5783316161251 293.34927251610657 severe-corrosion 0
332 207.656 381 207.656 381 262 332 262 severe-corrosion 0
334 34 354 34 354 64 334 64 severe-corrosion 0
504 205 543 205 543 239 504 239 severe-corrosion 0
620 182 640 182 640 243 620 243 severe-corrosion 0
432 197 450 197 450 229 432 229 severe-corrosion 0
364 192 376 192 376 212 364 212 severe-corrosion 0
623 109 640 109 640 159 623 159 severe-corrosion 0
424 61 443 61 443 73 424 73 severe-corrosion 0
391 66 398 66 398 88 391 88 severe-corrosion 0
349 9 357 9 357 22 349 22 severe-corrosion 0
586 153 630 153 630 178 586 178 severe-corrosion 0
335 427 347 427 347 449 335 449 moderate-corrosion 0
557 429 577 429 577 443 557 443 moderate-corrosion 0
-0.5197249080083566 557.9873262853341 0.03207187633961439 533.4550941038789 201.3816641995072 537.9786142763639 200.83089509738784 562.5098619331324 severe-corrosion 0
209.40947958071774 560.9999808662672 209.4100000000617 547.3360000000041 332.0001750603842 547.3393009706696 331.99999996264523 561.0029364167829 severe-corrosion 0