627.2129564431089 375.4664466623049 649.3065171357011 444.3310971165758 493.25570645189146 494.38610586100623 471.1642615529854 425.52323772721 severe-corrosion 0
603 337 629 337 629 360 603 360 mild-corrosion 0
409 418 436 418 436 445 409 445 moderate-corrosion 0
186 531 220 531 220 587 186 587 moderate-corrosion 0
248 501 286 501 286 533 248 533 moderate-corrosion 0
122 36 173 36 173 87 122 87 moderate-corrosion 0
247 34 275 34 275 65 247 65 moderate-corrosion 0
310 0 337 0 337 27 310 27 moderate-corrosion 0
249 105 295 105 295 134 249 134 moderate-corrosion 0
129 205 156 205 156 232 129 232 moderate-corrosion 0
123 275 170 275 170 302 123 302 moderate-corrosion 0
588 132 617 132 617 153 588 153 moderate-corrosion 0
388 204 414 204 414 230 388 230 moderate-corrosion 0
404 162 419 162 419 176 404 176 moderate-corrosion 0
417 252 440 252 440 279 417 279 moderate-corrosion 0
340 247 363 247 363 261 340 261 moderate-corrosion 0
397 236 420 236 420 257 397 257 moderate-corrosion 0
352 353 402 353 402 390 352 390 mild-corrosion 0
442 125 477 125 477 139 442 139 mild-corrosion 0
375 30 408 30 408 45 375 45 mild-corrosion 0
44 606 64 606 64 633 44 633 mild-corrosion 0
359 532 379 532 379 551 359 551 mild-corrosion 0
560 516 595 516 595 532 560 532 mild-corrosion 0
209 417 267 417 267 441 209 441 mild-corrosion 0
23 463 44 463 44 477 23 477 mild-corrosion 0
159 457 196 457 196 483 159 483 mild-corrosion 0
145 429 167 429 167 454 145 454 mild-corrosion 0
145 374 165 374 165 389 145 389 mild-corrosion 0
248 341 272 341 272 361 248 361 moderate-corrosion 0
216 335 243 335 243 356 216 356 moderate-corrosion 0
289 302 307 302 307 314 289 314 mild-corrosion 0
207 312 222 312 222 331 207 331 mild-corrosion 0
26 102 57 102 57 128 26 128 mild-corrosion 0
41 383 83 383 83 412 41 412 mild-corrosion 0
0 497 34 497 34 527 0 527 mild-corrosion 0
155 510 191 510 191 534 155 534 moderate-corrosion 0
215 475 234 475 234 503 215 503 moderate-corrosion 0
250 442 279 442 279 468 250 468 moderate-corrosion 0
233 570 252 570 252 594 233 594 moderate-corrosion 0
244 536 335 536 335 577 244 577 moderate-corrosion 0
303 586 319 586 319 598 303 598 moderate-corrosion 0
511 209 535 209 535 226 511 226 moderate-corrosion 0
501 200 516 200 516 214 501 214 mild-corrosion 0
27 327 52 327 52 364 27 364 moderate-corrosion 0
43 260 78 260 78 286 43 286 moderate-corrosion 0
459 417 474 417 474 435 459 435 moderate-corrosion 0
470 442 489 442 489 460 470 460 moderate-corrosion 0
502 452 534 452 534 480 502 480 moderate-corrosion 0
392 476 405 476 405 493 392 493 moderate-corrosion 0
283 73 336 73 336 103 283 103 moderate-corrosion 0
164 172 196 172 196 241 164 241 moderate-corrosion 0
95 456 116 456 116 488 95 488 mild-corrosion 0
198 381 215 381 215 398 198 398 mild-corrosion 0
43 515 56 515 56 528 43 528 mild-corrosion 0
204 80 220 80 220 105 204 105 mild-corrosion 0
193 41 209 41 209 57 193 57 mild-corrosion 0
106 167 128 167 128 185 106 185 mild-corrosion 0
301 237 317 237 317 250 301 250 mild-corrosion 0
357 221 375 221 375 244 357 244 mild-corrosion 0
357 419 373 419 373 431 357 431 mild-corrosion 0
466 252 486 252 486 264 466 264 mild-corrosion 0
461 365 475 365 475 379 461 379 mild-corrosion 0
184 298 195 298 195 310 184 310 mild-corrosion 0
54 248 66 248 66 258 54 258 mild-corrosion 0
166 112 176 112 176 122 166 122 mild-corrosion 0
492 2 500 2 500 17 492 17 mild-corrosion 0
451 2 460 2 460 15 451 15 mild-corrosion 0
524 383 536 383 536 392 524 392 mild-corrosion 0
490 400 501 400 501 412 490 412 mild-corrosion 0
153 565 167 565 167 575 153 575 mild-corrosion 0
247 472 268 472 268 487 247 487 mild-corrosion 0
346 466 361 466 361 480 346 480 mild-corrosion 0
443 511 458 511 458 527 443 527 mild-corrosion 0
494 495 513 495 513 506 494 506 mild-corrosion 0
496 519 504 519 504 528 496 528 mild-corrosion 0
552 567 573 567 573 578 552 578 mild-corrosion 0
375 578 390 578 390 593 375 593 mild-corrosion 0
395 583 416 583 416 595 395 595 mild-corrosion 0
518 264 527 264 527 270 518 270 mild-corrosion 0
594 268 604 268 604 279 594 279 mild-corrosion 0
548 222 557 222 557 231 548 231 mild-corrosion 0
605 172 613 172 613 179 605 179 mild-corrosion 0
233 151 243 151 243 160 233 160 mild-corrosion 0
260 256 272 256 272 281 260 281 mild-corrosion 0
244 305 258 305 258 314 244 314 mild-corrosion 0
317 407 329 407 329 415 317 415 mild-corrosion 0
132 402 147 402 147 412 132 412 mild-corrosion 0
7 429 19 429 19 436 7 436 mild-corrosion 0
421 470 432 470 432 483 421 483 mild-corrosion 0
606 370 619 370 619 381 606 381 mild-corrosion 0
588 315 612 315 612 332 588 332 mild-corrosion 0
183 381 196 381 196 391 183 391 mild-corrosion 0