6 0.673438 0.192188 0.031250 0.031250
7 0.377344 0.289062 0.042188 0.037500
7 0.384375 0.031250 0.037500 0.037500
7 0.262500 0.003906 0.034375 0.007812
7 0.352344 0.005469 0.035937 0.010937
6 0.306250 0.187500 0.078125 0.050000
6 0.089063 0.253125 0.090625 0.028125
6 0.012500 0.306250 0.025000 0.034375
7 0.121875 0.134375 0.037500 0.028125
7 0.075000 0.121875 0.040625 0.028125
6 0.181250 0.074219 0.028125 0.017188
6 0.050781 0.080469 0.023438 0.026562
7 0.069531 0.343750 0.029687 0.040625
7 0.131250 0.297656 0.043750 0.035937
7 0.446875 0.289062 0.025000 0.025000
7 0.467187 0.329688 0.028125 0.025000
7 0.529687 0.360156 0.050000 0.039062
7 0.340625 0.367188 0.018750 0.025000
6 0.039844 0.186719 0.026562 0.023438
6 0.287500 0.268750 0.025000 0.015625
6 0.458594 0.027344 0.029687 0.014063
6 0.447656 0.204687 0.020313 0.021875
6 0.010937 0.049219 0.015625 0.017188
6 0.545312 0.238281 0.018750 0.010937
6 0.491406 0.261719 0.017188 0.017188
6 0.121094 0.335156 0.032813 0.020313
6 0.270313 0.342187 0.021875 0.018750
6 0.532031 0.049219 0.014063 0.007812
6 0.651563 0.073438 0.015625 0.015625
6 0.128906 0.012500 0.017188 0.025000
6 0.107813 0.068750 0.021875 0.012500
6 0.222656 0.240625 0.017188 0.012500
6 0.385937 0.359375 0.015625 0.018750
6 0.674219 0.234375 0.020313 0.015625
6 0.653906 0.151562 0.035937 0.021875
6 0.013281 0.178125 0.020313 0.012500
9 0.787500 0.140625 0.196875 0.281250
9 0.948438 0.137500 0.103125 0.275000
9 0.868109 0.422636 0.375223 0.058134