479.99863181248656 210.34338877926675 488.3394418228272 250.64670608925417 34.29425624337455 344.59811699707825 25.955708595138276 304.2968802779179 severe-corrosion 0
416.00141090370016 640 158.98151358953328 639.9999999999999 158.99574641873187 374.58899999999977 415.9892022587883 374.5889999999998 moderate-corrosion 0
227.45702388478094 348.16567857905693 312.355530139248 442.365202954603 186.09265079387114 556.1406706894941 101.19681858050171 461.94375814761685 moderate-corrosion 0
396 346 416 346 416 369 396 369 mild-corrosion 0
44 481 86 481 86 582 44 582 mild-corrosion 0
43 384 62 384 62 404 43 404 mild-corrosion 0
321 307 363 307 363 351 321 351 mild-corrosion 0
384 443 398 443 398 462 384 462 mild-corrosion 0
419 321 435 321 435 344 419 344 mild-corrosion 0
411 378 429 378 429 400 411 400 mild-corrosion 0
140 578 167 578 167 596 140 596 mild-corrosion 0
480 368.177 640 368.177 640 640 480 640 severe-corrosion 0
480 307 640 307 640 464.654 480 464.654 moderate-corrosion 0