44.64818028252921 356.750074188873 41.74592535448028 298.3447030977647 339.00000000001455 283.5730000000162 341.90420802617155 341.9759845533337 moderate-corrosion 0
271.9149247741734 186.71883620825758 282.8229425756581 210.4691938862105 231.8687569199392 233.8704073232543 220.9608620871586 210.12015435445448 mild-corrosion 0
16.492753953134525 231.39790622071092 27.673084152847878 234.9574052301465 15.064324039631174 274.55948513511237 3.8840000000345754 271.0000000000068 mild-corrosion 0
71.79099582099298 83.27499939188336 77.80198841799574 84.14969929817218 73.6219924051693 112.87469897591953 67.61099999996077 111.99999999999896 mild-corrosion 0
219.91076807447826 112.032451650068 220.05960065718682 116.33495571547591 141.9718342494889 119.03600962031483 141.8230165818386 114.73351998325184 mild-corrosion 0
338.99943160147814 200.30782862907444 341.26995085149247 204.98697340612796 222.12645853498543 262.797529842813 219.85600104591867 258.11843770631947 mild-corrosion 0
582 31 604 31 604 51 582 51 mild-corrosion 0
442.2484227768291 184.0090946241135 446.99376226984896 123.62531787414115 595.7541586416482 135.31538468102502 591.0094113490777 195.69858275811822 severe-corrosion 0
199.5968890133372 639.9999712532424 199.60543876462907 404.5426374529186 318.0031752369541 404.5480258146472 317.99999999937427 640.0000513233225 severe-corrosion 0
589.0014779302146 639.9999999999999 528.2128836576885 639.9999999999999 528.2152203081932 491.4630000000002 588.9999999999418 491.4630000000002 moderate-corrosion 0
545 451 565 451 565 477 545 477 mild-corrosion 0