6 0.445312 0.087500 0.028125 0.112500
6 0.438281 0.004687 0.017188 0.009375
6 0.444531 0.212500 0.029687 0.062500
6 0.295312 0.417969 0.056250 0.057813
6 0.117969 0.461719 0.023438 0.023438
6 0.095312 0.435937 0.021875 0.034375
6 0.047656 0.018750 0.051562 0.037500
6 0.223438 0.082031 0.012500 0.029687
6 0.232031 0.120313 0.014063 0.025000
6 0.407031 0.352344 0.020313 0.026562
3 0.781003 0.057727 0.491686 0.039359
7 0.295312 0.539062 0.037500 0.046875
7 0.198437 0.566406 0.037500 0.095312
7 0.298438 0.667969 0.050000 0.048438
7 0.328906 0.747656 0.026562 0.048438
7 0.242188 0.732031 0.031250 0.054688
6 0.363513 0.985150 0.031132 0.016474
7 0.292291 0.859548 0.040778 0.032411