9 0.622437 0.166640 0.031620 0.039379
9 0.744332 0.243446 0.028225 0.122847
9 0.616613 0.368166 0.022064 0.063669
7 0.954993 0.323300 0.099785 0.105955
9 0.258594 0.728125 0.092188 0.050000
9 0.207813 0.695312 0.040625 0.031250
6 0.407031 0.630469 0.032813 0.029687
6 0.445312 0.548438 0.009375 0.025000
6 0.196875 0.920312 0.025000 0.028125
6 0.285156 0.792188 0.064062 0.034375
6 0.083594 0.765625 0.026562 0.021875
6 0.050781 0.980469 0.035937 0.039062
7 0.176563 0.996094 0.028125 0.007812
6 0.440625 0.659375 0.018750 0.046875
6 0.363281 0.507812 0.039062 0.034375
6 0.081250 0.896875 0.018750 0.012500
6 0.159375 0.768750 0.031250 0.021875
7 0.807813 0.567187 0.053125 0.084375
7 0.703906 0.547656 0.039062 0.039062