9 0.631250 0.032031 0.015625 0.064062
9 0.017188 0.054688 0.031250 0.043750
9 0.439063 0.143750 0.015625 0.056250
9 0.436719 0.025781 0.007812 0.039062
7 0.565625 0.059375 0.021875 0.043750
7 0.596875 0.045312 0.015625 0.034375
9 0.230469 0.061719 0.060937 0.045312
9 0.006250 0.007031 0.012500 0.014063
9 0.760938 0.104688 0.121875 0.209375
9 0.928125 0.106250 0.134375 0.206250
9 0.301563 0.650781 0.034375 0.045312
9 0.590732 0.452588 0.055329 0.015434
6 0.332813 0.691406 0.015625 0.023438
9 0.819531 0.646705 0.360938 0.706589