7 0.160938 0.647656 0.040625 0.023438
7 0.125000 0.317188 0.040625 0.037500
7 0.141406 0.243750 0.023438 0.018750
7 0.169531 0.398438 0.035937 0.037500
7 0.046875 0.367188 0.034375 0.018750
7 0.138281 0.364063 0.035937 0.028125
6 0.090625 0.554688 0.078125 0.050000
6 0.214062 0.193750 0.053125 0.015625
6 0.106250 0.033594 0.050000 0.017188
7 0.315625 0.339062 0.037500 0.021875
6 0.292969 0.320312 0.023438 0.018750
7 0.230469 0.650781 0.023438 0.017188
7 0.010156 0.098437 0.020313 0.037500
6 0.071875 0.335156 0.028125 0.032813
6 0.071875 0.635938 0.025000 0.015625
6 0.243750 0.395313 0.031250 0.015625
6 0.232813 0.572656 0.021875 0.020313
6 0.268750 0.010156 0.012500 0.020313
6 0.205469 0.004687 0.014063 0.009375
6 0.329688 0.606250 0.018750 0.012500
6 0.275781 0.628906 0.017188 0.017188
6 0.315625 0.416406 0.012500 0.007812
6 0.360938 0.357812 0.012500 0.012500
6 0.007812 0.607031 0.015625 0.010937
9 0.189844 0.829688 0.379688 0.340625
9 0.638281 0.775781 0.517188 0.232813