7 0.405469 0.824219 0.229687 0.264062
7 0.551562 0.233594 0.246875 0.314063
7 0.870313 0.256250 0.121875 0.143750
6 0.240625 0.833594 0.096875 0.145313
6 0.041406 0.911719 0.082812 0.120313
6 0.263281 0.056250 0.048438 0.046875
6 0.258594 0.126562 0.042188 0.046875
6 0.746875 0.572656 0.037500 0.060937
6 0.649219 0.660937 0.029687 0.046875
6 0.970313 0.219531 0.028125 0.035937
6 0.924219 0.628125 0.039062 0.056250
6 0.886719 0.919531 0.042188 0.082812
6 0.842187 0.992969 0.037500 0.014063
6 0.724219 0.987500 0.054688 0.025000
6 0.584375 0.967969 0.050000 0.064062
6 0.578125 0.764062 0.040625 0.059375
6 0.596875 0.843750 0.031250 0.040625
6 0.014844 0.783594 0.029687 0.054688
6 0.097656 0.678906 0.026562 0.035937
6 0.079687 0.653906 0.025000 0.035937
6 0.014063 0.076563 0.028125 0.056250
6 0.132031 0.122656 0.023438 0.032813
6 0.128906 0.153125 0.020313 0.025000
6 0.457031 0.426563 0.020313 0.028125
6 0.331250 0.345313 0.021875 0.040625
6 0.189844 0.355469 0.029687 0.051562
6 0.188281 0.978125 0.029687 0.043750
6 0.214062 0.999219 0.028125 0.001563
6 0.246094 0.727344 0.029687 0.039062
6 0.821094 0.835938 0.039062 0.056250
6 0.778906 0.789844 0.020313 0.032813
6 0.516406 0.562500 0.029687 0.037500