6 0.161719 0.753125 0.017188 0.031250
6 0.106250 0.774219 0.028125 0.048438
6 0.139063 0.779687 0.018750 0.056250
6 0.051562 0.348438 0.015625 0.034375
6 0.201563 0.353125 0.012500 0.018750
6 0.251563 0.465625 0.015625 0.021875
6 0.020313 0.760938 0.018750 0.056250
6 0.046875 0.771875 0.015625 0.031250
6 0.076563 0.704688 0.015625 0.028125
6 0.003906 0.503906 0.007812 0.023438
6 0.019531 0.607031 0.007812 0.020313
6 0.246875 0.515625 0.006250 0.015625
6 0.070312 0.184375 0.006250 0.018750
6 0.325000 0.668750 0.009375 0.021875
6 0.317969 0.495312 0.017188 0.040625
6 0.356250 0.457031 0.018750 0.029687
6 0.454688 0.496875 0.012500 0.025000
6 0.460938 0.636719 0.012500 0.029687
9 0.464557 0.779425 0.050669 0.304038
6 0.719531 0.587500 0.007812 0.046875
6 0.698438 0.589063 0.009375 0.025000
6 0.667188 0.609375 0.018750 0.031250
6 0.687500 0.495312 0.009375 0.025000
6 0.612500 0.421875 0.009375 0.021875
6 0.589844 0.439063 0.007812 0.015625
6 0.597656 0.492188 0.007812 0.018750
6 0.589063 0.495312 0.006250 0.012500
6 0.631250 0.482031 0.006250 0.010937
6 0.637500 0.486719 0.009375 0.010937
6 0.537500 0.605469 0.015625 0.054688
6 0.490625 0.534375 0.012500 0.018750
6 0.507812 0.526563 0.006250 0.009375
6 0.540625 0.515625 0.006250 0.012500
6 0.600000 0.573438 0.009375 0.015625
6 0.638281 0.580469 0.010937 0.020313
6 0.620313 0.560156 0.003125 0.010937
6 0.615625 0.567187 0.009375 0.012500
6 0.620313 0.585938 0.009375 0.015625
6 0.798438 0.512500 0.003125 0.009375
6 0.807813 0.528125 0.006250 0.006250
6 0.552344 0.646875 0.020313 0.034375
6 0.556250 0.339844 0.012500 0.026562
6 0.533594 0.421875 0.004687 0.012500
6 0.524219 0.421875 0.007812 0.012500
6 0.517188 0.410938 0.006250 0.012500
6 0.507812 0.400781 0.006250 0.014063
6 0.496094 0.340625 0.007812 0.015625
6 0.481250 0.492969 0.009375 0.014063
6 0.476562 0.468750 0.009375 0.012500
6 0.593750 0.246875 0.009375 0.018750