-0.004012447461718693 363.99999998470037 0.0007923469820525497 154.94043021491547 351.99886649119435 154.94838211009605 352.0012211433641 363.9998335475258 severe-corrosion 0
0 0 352 0 352 275.402 0 275.402 severe-corrosion 0
187 174 267 174 267 264 187 264 moderate-corrosion 0
92 65 140 65 140 147 92 147 moderate-corrosion 0
47 86 64 86 64 116 47 116 moderate-corrosion 0
61 120 87 120 87 151 61 151 moderate-corrosion 0
143 139 179 139 179 159 143 159 moderate-corrosion 0
157 428 213 428 213 523 157 523 severe-corrosion 0
132 382 156 382 156 448 132 448 severe-corrosion 0
166 368 184 368 184 382 166 382 mild-corrosion 0
677.1179457769176 505.076469966294 603.1992836746213 617.9659357742773 380.0107602301432 471.8435840084817 453.928641442908 358.9593040368134 mild-corrosion 0