323.9086149427021 249.79557134561242 273.9800396872306 136.47396303713094 597.4692590624909 -6.051633172209202 647.3979967820196 107.26747141066352 severe-corrosion 0
634 164 640 164 640 177 634 177 mild-corrosion 0
608 155 626 155 626 179 608 179 mild-corrosion 0
614 219 622 219 622 237 614 237 mild-corrosion 0
621 240 631 240 631 252 621 252 mild-corrosion 0
612 284 620 284 620 294 612 294 mild-corrosion 0
592 272 600 272 600 282 592 282 mild-corrosion 0
565 237 575 237 575 253 565 253 mild-corrosion 0
618 258 640 258 640 280 618 280 mild-corrosion 0
365 265 373 265 373 275 365 275 mild-corrosion 0
448 175 458 175 458 189 448 189 mild-corrosion 0
430 169 436 169 436 181 430 181 mild-corrosion 0
498 338 640 338 640 483 498 483 moderate-corrosion 0