15 144 64 144 64 180 15 180 mild-corrosion 0
384 42 503 42 503 144 384 144 severe-corrosion 0
558 117 640 117 640 195 558 195 severe-corrosion 0
328.28371572031756 229.55693313753284 339.00000000001455 81.41100000001565 540.3303392221278 95.97408831353442 529.6159904215892 244.11813669196246 severe-corrosion 0
512 182 590 182 590 242 512 242 severe-corrosion 0
255.30100000003586 560.0880000000107 256.8863422353752 535.2082886885524 340.584812056768 540.5399539752502 338.9999211833492 565.4192372441314 severe-corrosion 0
203.6707519742049 541.1438391944092 202.7885924075963 565.0513940280395 55.719918909453554 559.6236048095309 56.60276954295114 535.7167758493633 severe-corrosion 0
134 586 172 586 172 619 134 619 moderate-corrosion 0
0 591 31 591 31 622 0 622 moderate-corrosion 0
38 615 51 615 51 625 38 625 mild-corrosion 0
56 603 80 603 80 615 56 615 mild-corrosion 0
291 596 301 596 301 607 291 607 mild-corrosion 0
339 262 457 262 457 500 339 500 moderate-corrosion 0