490 0 508 0 508 179 490 179 moderate-corrosion 0
474 25 488 25 488 54 474 54 mild-corrosion 0
602 303 621 303 621 313 602 313 mild-corrosion 0
79 575 93 575 93 619 79 619 moderate-corrosion 0
53 567 64 567 64 593 53 593 moderate-corrosion 0
0 379 34 379 34 438 0 438 moderate-corrosion 0
10 313 65 313 65 363 10 363 moderate-corrosion 0
93.86900815712579 451.41400922598115 76.008286506476 431.21283113571957 103.79938763748214 406.644971343242 121.66002367041074 426.84603039498813 moderate-corrosion 0
215 510 241 510 241 541 215 541 moderate-corrosion 0
178 532 202 532 202 568 178 568 moderate-corrosion 0
144 521 168 521 168 566 144 566 moderate-corrosion 0
176 344 252 344 252 468 176 468 severe-corrosion 0
172.20901146225515 453.3242312785235 116.94525085840723 451.19237486365466 122.32859463518253 311.68640623342634 177.5902588799363 313.8182233964576 severe-corrosion 0
100.34881374158431 537.2112732622866 111.3547645478684 532.7261404198745 119.83448507613502 553.5297598660612 108.82854571202188 558.014872255007 moderate-corrosion 0
257.00700000001234 640.0000000000223 257.007128876794 623.2049335398193 278.744016644996 623.2050930027684 278.74397356856207 640.0000735823484 severe-corrosion 0
241.14496990463522 640.000002203112 241.1450439599139 619.6299559626071 256.674000041603 619.6300269710272 256.674000144194 639.9999989422904 severe-corrosion 0
288.48602945523453 536.9240358138788 255.18342790121096 548.7994150178085 223.98164655773144 461.3142588764862 257.2832128580194 449.43908121206135 severe-corrosion 0
271.4666880982986 476.4182774739971 256.98767627662164 467.1604313991267 266.6588057017361 452.0375688781484 281.13775030164106 461.29538624249835 mild-corrosion 0
249.29904041237023 330.4232089223119 262.54789244834683 325.3194038560412 274.3121760255599 355.85544280955133 261.06333544375957 360.95922653660693 mild-corrosion 0
42.27742431387014 420.3924403963122 29.598751646190067 415.41155344680146 41.921719150122954 384.0478176030308 54.600278038778924 389.0286796021912 mild-corrosion 0
131.5573274082999 483.4517128228738 118.88736287575739 486.0862150296327 114.50204800865322 464.99950379089427 127.17191973424633 462.3650115229777 mild-corrosion 0
410 473 616 473 616 577 410 577 severe-corrosion 0
514 362 580 362 580 406 514 406 severe-corrosion 0