6 0.086719 0.153125 0.089063 0.071875
7 0.439063 0.732812 0.018750 0.025000
7 0.114844 0.537500 0.020313 0.037500
7 0.359375 0.550781 0.021875 0.020313
7 0.060937 0.717187 0.021875 0.031250
7 0.067187 0.760156 0.015625 0.026562
7 0.190625 0.676562 0.015625 0.028125
7 0.173437 0.782813 0.012500 0.037500
7 0.549219 0.784375 0.035937 0.043750
7 0.389062 0.847656 0.015625 0.014063
7 0.426563 0.814063 0.009375 0.018750
7 0.099219 0.903906 0.017188 0.032813
9 0.028125 0.843750 0.028125 0.040625
9 0.015625 0.878125 0.015625 0.018750
9 0.010758 0.981074 0.021516 0.037852
9 0.033347 0.943534 0.044812 0.085726
9 0.501563 0.681250 0.009375 0.012500
9 0.260937 0.771875 0.015625 0.021875
9 0.225000 0.795312 0.006250 0.018750
9 0.106250 0.842187 0.009375 0.021875
9 0.125000 0.943750 0.009375 0.040625
9 0.550000 0.918750 0.015625 0.021875
9 0.581250 0.879687 0.015625 0.021875
9 0.407813 0.746875 0.009375 0.018750
9 0.873437 0.754687 0.159375 0.490625