9 0.241198 0.190625 0.035522 0.053125
9 0.488050 0.171524 0.038600 0.155548
9 0.506250 0.043313 0.046875 0.086627
7 0.141406 0.507031 0.057813 0.035937
7 0.334375 0.579688 0.021875 0.068750
7 0.378125 0.603906 0.018750 0.042188
7 0.442188 0.872656 0.053125 0.092188
7 0.523438 0.830469 0.012500 0.035937
7 0.408594 0.971094 0.085938 0.057813
7 0.112500 0.689844 0.040625 0.048438
7 0.170313 0.653125 0.037500 0.056250
7 0.226562 0.663281 0.037500 0.070312
9 0.135937 0.878125 0.118750 0.193750
9 0.050663 0.512866 0.032731 0.049408
9 0.068385 0.731064 0.100787 0.118141
6 0.048339 0.785581 0.007512 0.038095
6 0.402969 0.882469 0.000556 0.056788
6 0.276516 0.769960 0.026649 0.028832