170.99985174572794 63.41020749655904 293.25671187150874 70.43766352524844 283.84107330632105 234.23975494643983 161.58421991596697 227.21236043144583 severe-corrosion 0
395 109 409 109 409 135 395 135 moderate-corrosion 0
358 94 378 94 378 120 358 120 moderate-corrosion 0
311 59 353 59 353 92 311 92 moderate-corrosion 0
209 251 227 251 227 269 209 269 mild-corrosion 0
409 0 640 0 640 281 409 281 severe-corrosion 0
163.11048721632687 381.366868848914 334.14329641069344 499.3566853946629 221.95009400995332 661.9507446596218 50.920903980440926 543.9653767254258 severe-corrosion 0
234.6280531728553 450.5529774117688 221.35540586365096 539.4024161585256 144.94539078463276 527.9889449545832 158.21905515680555 439.1407483220348 severe-corrosion 0
409 308 452 308 452 640 409 640 severe-corrosion 0
462 299 556 299 556 640 462 640 severe-corrosion 0
579 292 640 292 640 640 579 640 severe-corrosion 0