9 0.725793 0.233594 0.273461 0.232813
9 0.155469 0.675000 0.310937 0.650000
7 0.403125 0.403906 0.087500 0.107813
7 0.767188 0.407813 0.115625 0.056250
7 0.689063 0.728125 0.075000 0.087500
7 0.966406 0.737500 0.067187 0.059375
7 0.971875 0.528906 0.056250 0.045312
7 0.680469 0.968750 0.085938 0.062500
7 0.828125 0.938281 0.040625 0.029687
7 0.900000 0.909375 0.087500 0.046875
7 0.643750 0.882812 0.056250 0.037500
7 0.790625 0.618750 0.150000 0.087500
7 0.954486 0.798225 0.120412 0.055058
6 0.985938 0.475000 0.028125 0.031250