0 450 121 450 121 640 0 640 severe-corrosion 0
609 139 640 139 640 240 609 240 severe-corrosion 0
384 541 426 541 426 567 384 567 severe-corrosion 0
604 380 640 380 640 426 604 426 moderate-corrosion 0
479 599 537 599 537 639 479 639 moderate-corrosion 0
420 449 470 449 470 498 420 498 moderate-corrosion 0
481 105 565 105 565 140 481 140 mild-corrosion 0
273 274 313 274 313 316 273 316 mild-corrosion 0
212 94 245 94 245 152 212 152 moderate-corrosion 0
426 103 454 103 454 127 426 127 moderate-corrosion 0
535 359 569 359 569 404 535 404 mild-corrosion 0
589 485 609 485 609 518 589 518 mild-corrosion 0