9 0.968750 0.135156 0.062500 0.270313
9 0.698438 0.320312 0.193750 0.259375
7 0.593750 0.415625 0.075000 0.056250
7 0.517969 0.221094 0.201563 0.057813
7 0.469531 0.992188 0.029687 0.015625
7 0.392969 0.982812 0.007812 0.034375
7 0.932031 0.857812 0.042188 0.050000
6 0.519531 0.789062 0.014063 0.018750
6 0.476562 0.787500 0.015625 0.021875
6 0.691406 0.968750 0.045312 0.056250
6 0.882031 0.981250 0.035937 0.037500
6 0.678906 0.525000 0.023438 0.028125
6 0.865625 0.643750 0.046875 0.068750
7 0.469531 0.573438 0.042188 0.037500
7 0.397656 0.585938 0.017188 0.031250
6 0.865625 0.892969 0.025000 0.026562
6 0.978906 0.765625 0.042188 0.059375
6 0.396094 0.760938 0.014063 0.146875