253 231 277 231 277 261 253 261 moderate-corrosion 0
191 233 215 233 215 294 191 294 moderate-corrosion 0
251 313 283 313 283 344 251 344 moderate-corrosion 0
278 364 295 364 295 395 278 395 moderate-corrosion 0
221 352 241 352 241 387 221 387 moderate-corrosion 0
298.68600000001607 526.224000000018 307.19000682394835 520.3203343749725 318.6102509267221 536.767344924569 310.10626342787873 542.6709871844357 mild-corrosion 0
250.01755398909154 440.73990361350366 267.66258359115454 435.0897223023785 276.11506347122486 461.48217868017787 258.4700457235158 467.1323337460006 moderate-corrosion 0
284.53384451677266 469.895190227648 296.2950976423599 489.1935172580477 270.37168214570556 504.98947218822127 258.6105506572494 485.6912512496769 moderate-corrosion 0
228.87449660600396 448.32853045271713 223.20174541884626 463.7072505479532 210.8252593671932 459.14260934275933 216.49802565661957 443.7639235303729 mild-corrosion 0
178.06558909724117 512.6867199917663 163.72608638943348 509.8238561054442 168.80599126423476 484.38475699226535 183.14536065277935 487.24760720469584 moderate-corrosion 0
254.03909039763676 544.5999189456718 224.25470426649554 549.8298808302776 216.3670100816671 504.9174609919933 246.15087758786103 499.68754571555286 moderate-corrosion 0
250.76052589058236 604.7240317409469 230.14822977602307 603.0780222224888 233.56740719296795 560.2748811385252 254.17932095981087 561.9208752967043 moderate-corrosion 0
58 327 66 327 66 345 58 345 moderate-corrosion 0
352 312.439 414.82399999999996 312.439 414.82399999999996 571.319 352 571.319 severe-corrosion 0