14.96899999998277 4.945762529675768e-12 81.32386520701402 -67.99619458755393 314.3440441341954 159.39870985763207 247.98982847838488 227.3942296933743 corroded-part 0
275 63.763 640 63.763 640 224 275 224 severe-corrosion 0
234 521 275 521 275 629 234 629 moderate-corrosion 0
78 323 226 323 226 537 78 537 moderate-corrosion 0
631 545 640 545 640 573 631 573 mild-corrosion 0
496.2319999999454 482.0120000000048 574.949063709355 471.36205151108004 588.2748154823639 569.8376431719748 509.5577911889268 580.4873845035845 mild-corrosion 0
427 558 469 558 469 588 427 588 mild-corrosion 0
370 535 382 535 382 554 370 554 mild-corrosion 0
401 512 417 512 417 534 401 534 mild-corrosion 0
283 468 319 468 319 490 283 490 mild-corrosion 0
276 497 331 497 331 578 276 578 mild-corrosion 0