7 0.775000 0.033594 0.015625 0.026562
7 0.881250 0.056250 0.012500 0.037500
7 0.955469 0.394531 0.089063 0.067187
9 0.885938 0.398438 0.018750 0.031250
7 0.807031 0.177344 0.017188 0.032813
9 0.621875 0.223438 0.034375 0.043750
9 0.735938 0.117188 0.028125 0.040625
9 0.723437 0.151562 0.015625 0.018750
9 0.625000 0.330469 0.037500 0.042188
9 0.717463 0.256417 0.001410 0.051546
9 0.741160 0.216972 0.044812 0.085726
9 0.968750 0.045312 0.015625 0.021875
9 0.932813 0.068750 0.006250 0.018750
9 0.814063 0.115625 0.009375 0.021875
9 0.832812 0.217188 0.009375 0.040625
9 0.682031 0.193750 0.017188 0.015625
9 0.137500 0.739844 0.275000 0.520312
9 0.528125 0.908594 0.018750 0.110937
9 0.993750 0.757031 0.012500 0.485938
6 0.742188 0.840625 0.040625 0.062500
6 0.785937 0.791406 0.034375 0.054688
6 0.735156 0.966406 0.026562 0.067187
6 0.617188 0.944531 0.021875 0.098437
6 0.650781 0.978125 0.029687 0.043750
6 0.526563 0.592187 0.015625 0.059375
6 0.717187 0.596875 0.056250 0.056250
6 0.609375 0.606250 0.025000 0.037500
6 0.914062 0.850000 0.034375 0.056250
6 0.614844 0.817187 0.032813 0.037500
6 0.567969 0.492188 0.035937 0.025000