6 0.306250 0.082812 0.081250 0.065625
9 0.769531 0.076873 0.460938 0.153747
9 0.269531 0.593750 0.539062 0.068750
9 0.269531 0.795312 0.539062 0.146875
7 0.357812 0.689063 0.143750 0.065625
9 0.567969 0.952344 0.057813 0.057813
9 0.629687 0.615625 0.037500 0.075000
9 0.986719 0.767969 0.026562 0.020313
7 0.811719 0.885938 0.048438 0.037500
9 0.664062 0.910937 0.059375 0.050000
7 0.610938 0.794531 0.025000 0.042188
7 0.543750 0.776563 0.009375 0.025000
7 0.546094 0.711719 0.014063 0.039062
7 0.909375 0.706250 0.043750 0.053125
7 0.960156 0.831250 0.039062 0.037500
6 0.744531 0.757812 0.035937 0.040625
7 0.815625 0.629687 0.025000 0.034375
7 0.851562 0.571875 0.028125 0.025000
6 0.877344 0.903125 0.026562 0.034375
6 0.840625 0.809375 0.015625 0.025000