9 0.979688 0.099219 0.040625 0.076563
9 0.975000 0.259375 0.050000 0.168750
9 0.847656 0.220312 0.054688 0.090625
9 0.664844 0.040625 0.067187 0.081250
9 0.764844 0.141406 0.042188 0.051562
9 0.220312 0.325781 0.034375 0.048438
9 0.134375 0.116406 0.028125 0.042188
9 0.069531 0.720313 0.032813 0.037500
9 0.070312 0.817969 0.018750 0.035937
9 0.048438 0.529687 0.021875 0.065625
9 0.649219 0.365625 0.020313 0.056250
9 0.636719 0.248438 0.010937 0.040625
9 0.514062 0.195312 0.025000 0.034375
9 0.423438 0.208594 0.025000 0.029687
6 0.989062 0.008594 0.021875 0.017188
6 0.859375 0.456250 0.018750 0.046875
7 0.950781 0.445312 0.020313 0.031250
7 0.769531 0.265625 0.026562 0.046875
7 0.800000 0.249219 0.018750 0.035937
7 0.479687 0.136719 0.018750 0.026562
7 0.916406 0.135937 0.035937 0.081250
7 0.939063 0.057813 0.040625 0.071875
9 0.579520 0.062400 0.030559 0.142976
7 0.804688 0.514062 0.015625 0.018750
9 0.433594 0.308594 0.064062 0.051562
9 0.202344 0.271875 0.023438 0.034375
9 0.077344 0.086719 0.020313 0.026562
9 0.039844 0.153906 0.017188 0.029687
9 0.031250 0.045312 0.021875 0.031250
9 0.707031 0.493750 0.010937 0.015625
9 0.982812 0.400781 0.034375 0.029687
9 0.918750 0.407813 0.021875 0.021875