6 0.296875 0.283594 0.031250 0.010937
6 0.414844 0.258594 0.007812 0.026562
6 0.246875 0.283594 0.034375 0.010937
9 0.133594 0.279687 0.060937 0.018750
9 0.195312 0.095312 0.187500 0.059375
7 0.281250 0.175781 0.050000 0.048438
6 0.010937 0.228125 0.021875 0.050000
6 0.310937 0.229687 0.071875 0.028125
6 0.580613 0.144530 0.085770 0.289059
9 0.331250 0.846875 0.175000 0.306250
9 0.285938 0.416406 0.084375 0.145313
9 0.146875 0.337500 0.062500 0.096875
7 0.235156 0.918750 0.073438 0.056250
7 0.160156 0.724219 0.201563 0.057813
6 0.284375 0.328906 0.078125 0.039062
7 0.629687 0.593750 0.421875 0.159375
9 0.874219 0.707031 0.092188 0.154688