6 0.524219 0.067969 0.104688 0.123438
6 0.509375 0.197656 0.046875 0.067187
7 0.585156 0.399219 0.139063 0.267188
7 0.532031 0.563281 0.114062 0.126562
7 0.421875 0.710938 0.209375 0.231250
7 0.189062 0.670312 0.156250 0.178125
6 0.096094 0.664844 0.035937 0.051562
6 0.375000 0.419531 0.062500 0.064062
6 0.382812 0.569531 0.040625 0.042188
6 0.624219 0.220312 0.039062 0.065625
6 0.698438 0.219531 0.028125 0.060937
6 0.758594 0.143750 0.048438 0.075000
6 0.200000 0.483594 0.025000 0.026562
6 0.175000 0.462500 0.025000 0.037500
6 0.084375 0.035937 0.059375 0.071875
6 0.268750 0.092188 0.015625 0.031250
6 0.280469 0.131250 0.017188 0.028125
6 0.139844 0.875781 0.067187 0.092188
6 0.850000 0.257812 0.031250 0.050000
6 0.846094 0.196875 0.023438 0.037500
9 0.830951 0.697202 0.069419 0.607444
6 0.971094 0.382031 0.020313 0.029687
6 0.954688 0.510156 0.025000 0.039062
6 0.478906 0.341406 0.023438 0.029687