7 0.178125 0.257812 0.059375 0.115625
7 0.311719 0.261719 0.114062 0.164062
6 0.240625 0.285938 0.018750 0.053125
9 0.284375 0.445312 0.128125 0.171875
6 0.039062 0.496875 0.025000 0.050000
6 0.079687 0.525000 0.012500 0.018750
6 0.100000 0.421875 0.028125 0.068750
6 0.008594 0.481250 0.017188 0.021875
9 0.583772 0.187519 0.035971 0.106751
7 0.060156 0.657335 0.120313 0.177170
9 0.584375 0.621875 0.059375 0.050000
9 0.687500 0.591406 0.046875 0.029687
7 0.865625 0.675000 0.025000 0.031250
6 0.471094 0.610156 0.014063 0.035937
6 0.820312 0.603125 0.018750 0.015625