9 0.022656 0.353125 0.045312 0.068750
9 0.209375 0.553125 0.043750 0.084375
9 0.390625 0.604688 0.150000 0.165625
9 0.375000 0.435937 0.053125 0.075000
9 0.859375 0.173437 0.078125 0.153125
9 0.967187 0.196875 0.021875 0.075000
9 0.731250 0.564844 0.034375 0.092188
9 0.752344 0.489844 0.051562 0.060937
7 0.775000 0.376563 0.046875 0.078125
7 0.526563 0.207813 0.053125 0.056250
7 0.514062 0.370312 0.050000 0.068750
7 0.114062 0.060156 0.053125 0.076563
7 0.159375 0.218750 0.025000 0.050000
7 0.237500 0.235937 0.056250 0.106250
7 0.303125 0.106250 0.046875 0.053125
7 0.317969 0.790625 0.029687 0.034375
7 0.617188 0.564063 0.031250 0.056250
7 0.657813 0.486719 0.037500 0.060937
7 0.691406 0.321094 0.020313 0.023438
7 0.638281 0.320312 0.023438 0.043750
7 0.817969 0.493750 0.073438 0.090625
7 0.842969 0.344531 0.067187 0.070312
9 0.580469 0.017188 0.023438 0.034375
7 0.124219 0.476562 0.039062 0.050000
7 0.949219 0.039844 0.020313 0.035937
