7 0.675000 0.168750 0.015625 0.053125
7 0.685156 0.317188 0.045312 0.090625
7 0.521875 0.928125 0.040625 0.037500
7 0.082031 0.546875 0.042188 0.037500
7 0.089844 0.656250 0.073438 0.034375
7 0.485938 0.589063 0.040625 0.037500
7 0.502344 0.515625 0.023438 0.018750
7 0.530469 0.670312 0.035937 0.037500
7 0.407813 0.639062 0.034375 0.018750
7 0.499219 0.635938 0.035937 0.028125
6 0.451562 0.826562 0.078125 0.050000
6 0.234375 0.892188 0.090625 0.028125
6 0.141406 0.945312 0.057813 0.034375
6 0.107813 0.897656 0.034375 0.035937
6 0.104688 0.803125 0.031250 0.018750
7 0.267188 0.773438 0.037500 0.028125
7 0.220312 0.760938 0.040625 0.028125
6 0.326562 0.712500 0.028125 0.015625
6 0.196094 0.719531 0.023438 0.026562
7 0.214844 0.981250 0.029687 0.037500
7 0.277344 0.935937 0.045312 0.034375
7 0.485156 0.996875 0.020313 0.006250
7 0.139063 0.542969 0.050000 0.085938
6 0.028125 0.937500 0.031250 0.046875
6 0.184375 0.826562 0.025000 0.025000
6 0.343750 0.614844 0.025000 0.017188
6 0.432812 0.607031 0.028125 0.032813
6 0.432812 0.907813 0.025000 0.015625
6 0.156250 0.688281 0.015625 0.017188
6 0.265625 0.973437 0.031250 0.018750
6 0.415625 0.981250 0.021875 0.018750
6 0.275000 0.646875 0.018750 0.037500
6 0.253125 0.707812 0.021875 0.012500
6 0.368750 0.880469 0.018750 0.010937
6 0.080469 0.840625 0.023438 0.012500
6 0.530469 0.994531 0.017188 0.010937
6 0.157812 0.817187 0.018750 0.012500
9 0.635156 0.750000 0.170313 0.500000