7 0.193750 0.159375 0.068750 0.037500
7 0.067187 0.184375 0.065625 0.046875
7 0.167969 0.234375 0.064062 0.043750
7 0.292187 0.274219 0.028125 0.023438
7 0.021094 0.345313 0.042188 0.059375
7 0.198437 0.382812 0.056250 0.078125
6 0.242188 0.128125 0.025000 0.018750
7 0.559375 0.048438 0.043750 0.068750
9 0.478129 0.283292 0.125879 0.027640
6 0.668750 0.139063 0.028125 0.046875
6 0.682031 0.046875 0.026562 0.031250
7 0.545312 0.103125 0.028125 0.031250
6 0.706250 0.201563 0.025000 0.062500
6 0.478125 0.154688 0.025000 0.031250
6 0.492969 0.420312 0.048438 0.056250
6 0.764062 0.400000 0.034375 0.065625
9 0.159525 0.734467 0.108568 0.545715