329.4736806360015 50.38280518269821 341.35438128287205 46.247017137381405 359.3304347155936 97.88586321653908 347.4497369577148 102.02164483978657 severe-corrosion 0
358.0009958010487 320.00000000000006 208.56361545535037 320.0000000000001 208.565153890886 233.78899999999993 357.9999370221776 233.78899999999993 severe-corrosion 0
40 21 82 21 82 84 40 84 moderate-corrosion 0
361.89411677412863 216.2818263804004 339.91956740159367 221.4311664830964 323.94500601927575 153.26200567568276 345.9193487048469 148.1126910705474 severe-corrosion 0
279 79 313 79 313 197 279 197 mild-corrosion 0
201 0 251 0 251 56 201 56 moderate-corrosion 0
147 79 169 79 169 109 147 109 moderate-corrosion 0
143 9 159 9 159 34 143 34 moderate-corrosion 0
236.33581024703744 91.92569619373918 333.34618177592347 236.8467377556808 75.439812231416 409.4762371052234 -21.566424345364794 264.5588840802828 moderate-corrosion 0
358 217.663 640 217.663 640 320 358 320 severe-corrosion 0
0 344.69499999999994 358 344.69499999999994 358 640 0 640 severe-corrosion 0
552.5480354465981 639.998665666239 508.65202039523865 648.323912526004 446.43783203420753 320.3484533428606 490.3289125865558 312.02367805818665 severe-corrosion 0