7 0.126562 0.136719 0.253125 0.273438
6 0.464844 0.085156 0.029687 0.035937
9 0.964844 0.053906 0.042188 0.107813
9 0.896875 0.053906 0.037500 0.107813
9 0.833594 0.048438 0.051562 0.096875
9 0.760156 0.145313 0.073438 0.290625
9 0.685156 0.051562 0.067187 0.103125
9 0.572656 0.204687 0.042188 0.409375
9 0.506250 0.103906 0.040625 0.207813
9 0.663281 0.267188 0.104688 0.284375
7 0.900000 0.376563 0.040625 0.065625
7 0.896875 0.196094 0.031250 0.107813
7 0.967187 0.364063 0.037500 0.068750
9 0.621875 0.052344 0.040625 0.104688
7 0.518750 0.298438 0.059375 0.171875
6 0.104688 0.814063 0.018750 0.015625
6 0.253125 0.493750 0.031250 0.053125
6 0.100000 0.460938 0.037500 0.028125
7 0.567187 0.450000 0.040625 0.037500
7 0.807813 0.965625 0.071875 0.037500
7 0.993750 0.831250 0.012500 0.037500
7 0.982031 0.721094 0.035937 0.032813
7 0.604688 0.789062 0.040625 0.037500
7 0.588281 0.862500 0.023438 0.018750
7 0.561719 0.709375 0.035937 0.037500
7 0.681250 0.740625 0.034375 0.018750
7 0.592969 0.742188 0.035937 0.028125
6 0.639062 0.551562 0.078125 0.050000
6 0.514062 0.912500 0.053125 0.015625
6 0.856250 0.485938 0.090625 0.028125
6 0.949219 0.432812 0.057813 0.034375
6 0.982812 0.480469 0.034375 0.035937
6 0.985156 0.573438 0.029687 0.018750
7 0.823438 0.604688 0.037500 0.028125
7 0.870313 0.618750 0.040625 0.028125
6 0.764062 0.664062 0.028125 0.015625
6 0.894531 0.658594 0.023438 0.026562
7 0.814844 0.440625 0.045312 0.034375
7 0.499219 0.451562 0.023438 0.025000
7 0.749219 0.993750 0.082812 0.012500
7 0.951562 0.843750 0.050000 0.103125
6 0.904687 0.553125 0.025000 0.025000
6 0.748437 0.764844 0.025000 0.017188
6 0.659375 0.771094 0.028125 0.032813
6 0.657813 0.470313 0.025000 0.015625
6 0.490625 0.710938 0.021875 0.015625
6 0.498437 0.535156 0.021875 0.020313
6 0.934375 0.689844 0.015625 0.017188
6 0.967187 0.985938 0.015625 0.012500
6 0.860938 0.915625 0.015625 0.012500
6 0.815625 0.732812 0.018750 0.037500
6 0.837500 0.670312 0.021875 0.012500
6 0.723437 0.499219 0.018750 0.010937
6 0.931250 0.560937 0.018750 0.012500