292.0469325214799 88.0456813824439 270.84834857465466 87.99967084767528 271.03946995201113 -0.046010481470312184 292.23799999999756 0 severe-corrosion 0
178 0 328.644 0 328.644 102 178 102 severe-corrosion 0
0 0 196.33000000000004 0 196.33000000000004 111 0 111 moderate-corrosion 0
448 21.447 553.029 21.447 553.029 211.543 448 211.543 severe-corrosion 0
-0.013190354438847862 639.9999995014392 0.00012519936717581004 502.4755535134152 448.0002258066088 502.5041117699249 448.000056418241 640.0154098177929 severe-corrosion 0
38 356.649 65 356.649 65 388 38 388 mild-corrosion 0
65.41385979144252 453.0266432377055 41.87747308249527 450.98025407148805 44.915880671251216 416.04062258297824 68.45200000003388 418.08700000000135 mild-corrosion 0
167 407 189 407 189 425 167 425 mild-corrosion 0
110 379 139 379 139 403 110 403 mild-corrosion 0
488.0406896551722 551.1202490147849 477.1312040286284 574.870357538896 437.0904600225185 556.4818904692387 448.0000000000291 532.7319999999747 mild-corrosion 0
641.0434039549727 451.92019062770817 634.7320350741211 452.83845897545774 630.7476873342239 425.4572641876427 637.0590000000084 424.5390000000011 mild-corrosion 0
487.08800000022165 455.9509999999948 487.41050013260974 451.13666586031934 577.234332290318 457.15208087725694 576.9119101251999 461.9663419688494 mild-corrosion 0
489.04545950827014 599.3733321180291 486.75499999997555 604.092999999989 445.7095309229044 584.1786204568951 448.0000000000291 579.458999999987 mild-corrosion 0