7 0.188281 0.017188 0.042188 0.034375
7 0.196875 0.125000 0.075000 0.034375
6 0.342187 0.360938 0.090625 0.028125
6 0.024219 0.390625 0.032813 0.018750
6 0.249219 0.407813 0.057813 0.021875
6 0.214844 0.366406 0.032813 0.035937
6 0.212500 0.272656 0.031250 0.020313
7 0.375000 0.242188 0.037500 0.028125
7 0.328125 0.229687 0.040625 0.028125
6 0.429688 0.181250 0.018750 0.015625
6 0.303906 0.188281 0.023438 0.026562
6 0.066406 0.281250 0.064062 0.037500
7 0.383594 0.403125 0.045312 0.031250
7 0.030469 0.196875 0.039062 0.053125
7 0.061719 0.085938 0.054688 0.034375
7 0.246875 0.027344 0.050000 0.054688
6 0.135156 0.400000 0.032813 0.037500
6 0.292969 0.294531 0.026562 0.023438
6 0.264062 0.157031 0.015625 0.017188
6 0.060156 0.054688 0.017188 0.012500
6 0.382812 0.115625 0.018750 0.037500
6 0.360938 0.176563 0.021875 0.012500
6 0.188281 0.309375 0.023438 0.012500
6 0.266406 0.285938 0.020313 0.012500
9 0.648981 0.209375 0.419838 0.418750
9 0.038990 0.550000 0.077980 0.262500
9 0.653491 0.803977 0.276888 0.414295