518 89 522 89 522 100 518 100 mild-corrosion 0
567 93 571 93 571 99 567 99 mild-corrosion 0
582 128 587 128 587 135 582 135 mild-corrosion 0
526 203 531 203 531 211 526 211 mild-corrosion 0
488 181 496 181 496 191 488 191 mild-corrosion 0
480 199 486 199 486 209 480 209 mild-corrosion 0
452 197 460 197 460 205 452 205 mild-corrosion 0
471 185 475 185 475 189 471 189 mild-corrosion 0
486 172 490 172 490 176 486 176 mild-corrosion 0
490 164 496 164 496 168 490 168 mild-corrosion 0
503 140 507 140 507 148 503 148 mild-corrosion 0
509 173 511 173 511 179 509 179 mild-corrosion 0
413 187 417 187 417 195 413 195 mild-corrosion 0
417 182 422 182 422 189 417 189 mild-corrosion 0
430 171 433 171 433 177 430 177 mild-corrosion 0
408 207 413 207 413 211 408 211 mild-corrosion 0
400 207 404 207 404 211 400 211 mild-corrosion 0
386 207 395 207 395 211 386 211 mild-corrosion 0
582 145 584 145 584 151 582 151 mild-corrosion 0
425 119 431 119 431 127 425 127 mild-corrosion 0
434 125 438 125 438 131 434 131 mild-corrosion 0
429 134 433 134 433 143 429 143 mild-corrosion 0
390 178 394 178 394 187 390 187 mild-corrosion 0
394 170 399 170 399 176 394 176 mild-corrosion 0
390 149 394 149 394 155 390 155 mild-corrosion 0
379 156 383 156 383 161 379 161 mild-corrosion 0
366 170 370 170 370 178 366 178 mild-corrosion 0
412 159 416 159 416 165 412 165 mild-corrosion 0
392 156 404 156 404 167 392 167 mild-corrosion 0
321 84 324 84 324 90 321 90 mild-corrosion 0
266 159 270 159 270 164 266 164 mild-corrosion 0
307 202 312 202 312 209 307 209 mild-corrosion 0
298 205 301 205 301 211 298 211 mild-corrosion 0
327 54 331 54 331 66 327 66 mild-corrosion 0
297 58 301 58 301 67 297 67 mild-corrosion 0
526 39 528 39 528 45 526 45 mild-corrosion 0
607 193 610 193 610 200 607 200 mild-corrosion 0
603 134 609 134 609 147 603 147 mild-corrosion 0
615 124 621 124 621 134 615 134 mild-corrosion 0
22.598677795831463 313.47912006803637 30.166463763816864 310.46120840933224 42.849310935489484 342.2625266611606 35.281531886867015 345.2804256931381 moderate-corrosion 0
217 211 597 211 597 605 217 605 severe-corrosion 0
600 424 629 424 629 562 600 562 severe-corrosion 0
535 506 567 506 567 640 535 640 severe-corrosion 0
518.7668817056692 347.31094987638386 630.2022802431748 348.8008273187247 627.2180543772993 571.9753132135327 515.782656462834 570.4854918119981 severe-corrosion 0
264.1289829833113 435.2569989958877 281.2167195226357 436.2653016312054 278.10291308443993 489.0269100530576 261.01517733150104 488.018616578944 moderate-corrosion 0