9 0.109375 0.270313 0.059375 0.050000
9 0.211719 0.117188 0.179688 0.181250
9 0.417969 0.117188 0.182812 0.234375
9 0.212500 0.239844 0.046875 0.029687
7 0.390625 0.323437 0.025000 0.031250
7 0.108594 0.017188 0.029687 0.034375
7 0.313609 0.200365 0.056338 0.018696
6 0.278906 0.017969 0.035937 0.035937
6 0.345313 0.250781 0.018750 0.014063
9 0.254688 0.814844 0.509375 0.370312
9 0.754687 0.814844 0.490625 0.370312
9 0.882812 0.968750 0.034375 0.062500
9 0.569531 0.871875 0.029687 0.018750
9 0.510938 0.886719 0.003125 0.035937