9 0.312361 0.214844 0.538697 0.429688
9 0.044531 0.978125 0.057813 0.043750
9 0.178906 0.968750 0.054688 0.062500
9 0.242188 0.968750 0.062500 0.062500
9 0.310937 0.980469 0.050000 0.039062
9 0.377344 0.933594 0.045312 0.132812
9 0.511719 0.942187 0.054688 0.115625
9 0.639844 0.977344 0.045312 0.045312
9 0.189062 0.544531 0.053125 0.229687
9 0.004687 0.633594 0.009375 0.160938
9 0.044531 0.832812 0.057813 0.053125
9 0.317188 0.637500 0.043750 0.271875
9 0.384375 0.597656 0.037500 0.192188
9 0.448437 0.621875 0.050000 0.221875
9 0.521094 0.596875 0.073438 0.334375
9 0.128125 0.523438 0.062500 0.187500
9 0.054688 0.498437 0.040625 0.118750
9 0.442188 0.933594 0.053125 0.132812
9 0.597656 0.675781 0.067187 0.339062
9 0.248438 0.557031 0.050000 0.242188
7 0.246875 0.840625 0.053125 0.168750
7 0.172656 0.863281 0.051562 0.120313
7 0.106250 0.887500 0.037500 0.140625
7 0.119531 0.724219 0.026562 0.064062
7 0.385937 0.448437 0.031250 0.037500
9 0.653906 0.650781 0.029687 0.295312
7 0.053906 0.589063 0.029687 0.040625
7 0.055469 0.653125 0.023438 0.040625
7 0.582812 0.896875 0.046875 0.093750
7 0.637500 0.906250 0.040625 0.068750
9 0.719685 0.856405 0.101870 0.188300