7 0.563281 0.084375 0.032813 0.071875
7 0.638281 0.365625 0.026562 0.028125
6 0.790625 0.149219 0.025000 0.029687
7 0.959375 0.326562 0.018750 0.025000
6 0.491406 0.367188 0.020313 0.025000
6 0.535937 0.271875 0.015625 0.018750
6 0.917188 0.096875 0.018750 0.028125
6 0.950000 0.078125 0.009375 0.012500
6 0.957812 0.046094 0.009375 0.010937
6 0.961719 0.242188 0.017188 0.021875
6 0.687500 0.340625 0.028125 0.025000
6 0.482031 0.090625 0.020313 0.018750
6 0.450000 0.324219 0.012500 0.017188
6 0.648438 0.104688 0.021875 0.028125
6 0.642188 0.192188 0.012500 0.012500
6 0.553125 0.185938 0.009375 0.021875
6 0.559375 0.631250 0.056250 0.043750
6 0.619531 0.598437 0.048438 0.021875