0.009851424911175855 167.15296875150162 -1.489820766801131 93.33062965820018 242.7823917135538 88.3672225860131 244.282888614689 162.18878089558447 severe-corrosion 0
477.2320000000036 416.0000000000109 477.2354631104099 311.84476930568866 640.0011909221939 311.8497916868164 639.9999999726424 416.0027056220897 severe-corrosion 0
556 289 573 289 573 309 556 309 moderate-corrosion 0
590 295 639 295 639 313 590 313 mild-corrosion 0
540 155 594 155 594 267 540 267 moderate-corrosion 0
604 202 640 202 640 235 604 235 moderate-corrosion 0
602 169 640 169 640 194 602 194 mild-corrosion 0
512 38 523 38 523 52 512 52 mild-corrosion 0
481 145 499 145 499 177 481 177 mild-corrosion 0
511 139 531 139 531 156 511 156 mild-corrosion 0
0 416 307 416 307 640 0 640 severe-corrosion 0