209.3241235170717 137.83592837414758 165.98390655679395 162.9682952256146 117.25009636895265 78.9283732036842 160.5900690540875 53.79609220302911 severe-corrosion 0
322.31699526317243 221.61958963831083 283.2192418458726 238.9626899072582 249.13271479585092 162.12095991492714 288.2300586193014 144.7779651459288 moderate-corrosion 0
26.538000000000466 64.25000000000743 23.01562534630648 31.589813909477527 86.24100000000908 24.770999999985147 89.76340488763526 57.43115162695227 moderate-corrosion 0
110.72398843411065 146.9766507708467 79.37270418609842 162.6223936994166 39.79244215712242 83.31122120754924 71.14352176380635 67.66553964031827 moderate-corrosion 0
173.45199999996112 1.5950481727539538e-11 199.03496993225417 -14.072713762692473 246.96691107426886 73.06333065216451 221.38395523616055 87.13602462371968 moderate-corrosion 0
527.9767216760956 4.044750057387063 638.6594320087897 -0.42950810423419383 648.6684044309368 247.1671699243225 537.9856944696803 251.64138146359764 severe-corrosion 0
427.78928251915204 245.92801792549668 411.0593368022819 253.27813191396365 393.6441626591841 213.6400865440409 410.37399999993795 206.29000000001218 moderate-corrosion 0
523.2360172490735 176.21784969617727 529.6651617690077 195.14162260962468 516.8450000000303 199.49700000000365 510.41587653337047 180.57324495794916 mild-corrosion 0
237.5273206266138 598.2940720922717 219.00551593898854 659.3117751698262 155.24153727346857 639.9610145871882 173.76387408912706 578.9442432687499 severe-corrosion 0
4.478999999992084 551.1970000000065 13.806503228988731 539.3077509390263 27.569431043812074 550.1028263948622 18.241974297634442 561.9920327613672 moderate-corrosion 0
391.0932829645026 525.8858360678921 398.2759949622414 542.881044161379 359.2034127146326 559.3904627010993 352.0208719693619 542.3953997573832 moderate-corrosion 0