46 90 82 90 82 127 46 127 severe-corrosion 0
13 113 58 113 58 168 13 168 severe-corrosion 0
44 183 112 183 112 230 44 230 severe-corrosion 0
121 143 136 143 136 160 121 160 severe-corrosion 0
177 148 251 148 251 222 177 222 severe-corrosion 0
426 219 570 219 570 331 426 331 severe-corrosion 0
406 40 432 40 432 81 406 81 severe-corrosion 0
310 445 370 445 370 501 310 501 severe-corrosion 0
66 403 94 403 94 450 66 450 severe-corrosion 0
106 306 124 306 124 332 106 332 severe-corrosion 0
258 12 282 12 282 21 258 21 severe-corrosion 0
563 315 583 315 583 336 563 336 severe-corrosion 0
588 403 608 403 608 429 588 429 severe-corrosion 0
395 456 432 456 432 497 395 497 moderate-corrosion 0
265 366 288 366 288 383 265 383 moderate-corrosion 0
276 245 305 245 305 284 276 284 moderate-corrosion 0
556 70 576 70 576 89 556 89 moderate-corrosion 0
107 495 169 495 169 562 107 562 moderate-corrosion 0
114 351 134 351 134 378 114 378 mild-corrosion 0
53 299 77 299 77 324 53 324 mild-corrosion 0
237 431 253 431 253 454 237 454 mild-corrosion 0
381 307 403 307 403 332 381 332 mild-corrosion 0
384 99 395 99 395 112 384 112 mild-corrosion 0
573 125 601 125 601 164 573 164 severe-corrosion 0
126.32110874379578 657.8612500909751 112.77627429633867 595.1270035074704 637.6953720019083 481.7999042846492 651.245174556534 544.5264414056246 severe-corrosion 0
216 554 265 554 265 582 216 582 severe-corrosion 0
618 331 638 331 638 359 618 359 severe-corrosion 0
496 340 527 340 527 376 496 376 severe-corrosion 0
133 67 145 67 145 81 133 81 mild-corrosion 0
111 48 126 48 126 71 111 71 mild-corrosion 0
32 206 39 206 39 221 32 221 mild-corrosion 0
214 348 233 348 233 361 214 361 mild-corrosion 0
559 416 581 416 581 445 559 445 mild-corrosion 0
628 372 640 372 640 394 628 394 mild-corrosion 0
601 67 629 67 629 93 601 93 mild-corrosion 0
260 210 279 210 279 234 260 234 moderate-corrosion 0