510 244 546 244 546 280 510 280 moderate-corrosion 0
345 70 375 70 375 95 345 95 moderate-corrosion 0
345 116 357 116 357 145 345 145 moderate-corrosion 0
407 149 425 149 425 164 407 164 moderate-corrosion 0
345 200 374 200 374 250 345 250 moderate-corrosion 0
376 57 392 57 392 69 376 69 mild-corrosion 0
475 574 600 574 600 640 475 640 severe-corrosion 0
479 318 585 318 585 386 479 386 severe-corrosion 0
452 394 563 394 563 425 452 425 severe-corrosion 0
602 307 640 307 640 640 602 640 severe-corrosion 0
490 432 555 432 555 456 490 456 moderate-corrosion 0
541 457 581 457 581 481 541 481 moderate-corrosion 0