229 160 277 160 277 245 229 245 moderate-corrosion 0
399 217 453 217 453 309 399 309 moderate-corrosion 0
302 0 385 0 385 168 302 168 moderate-corrosion 0
410 0 502 0 502 30 410 30 moderate-corrosion 0
379 625 449 625 449 640 379 640 moderate-corrosion 0
401 454 509 454 509 596 401 596 moderate-corrosion 0
392 347 458 347 458 443 392 443 moderate-corrosion 0
593 0 640 0 640 58 593 58 moderate-corrosion 0
640.0000122965139 392.69899999999996 636.8759870574286 392.69899999999996 636.8760030170961 360.53200000000004 640 360.53200000000004 moderate-corrosion 0
640.0000909775554 538.8440000000002 623.8618892584054 538.8440000000002 623.8620712121337 494.7050000000001 640 494.7050000000001 severe-corrosion 0
640.0000322297274 640 632.305983847109 640 632.3060455024824 614.033 640 614.033 severe-corrosion 0
563.2650560875481 417.32302661864276 527.3010990920739 400.254819658571 542.1373505307565 368.99787895064605 578.1010000000242 386.0660000000024 mild-corrosion 0
469.77599999998347 640.0000000000058 469.7760007472971 639.1029988567711 471.9720002788381 639.1030003164745 471.97199999995064 640.0000009912794 mild-corrosion 0
35.645716607468785 427.9329495278165 113.04636461172777 413.6775722127799 140.00950117879256 560.0514969197659 62.608964115497656 574.3064820412075 severe-corrosion 0
343.19880915471003 504.1724678607902 283.6040884642716 508.329573644334 278.57349363999674 436.215622748942 338.16674221816356 432.05856784088076 severe-corrosion 0
312.7450783018139 391.0619859286752 266.5652515480906 387.2140420993781 273.5450369906175 303.4621328080602 319.72384427994257 307.3100333360729 severe-corrosion 0
47.531036090585985 5.372411735220751 100.33103913119703 0.9724175672246662 106.15862109523732 70.90345079649131 53.35861875122646 75.30344040412841 severe-corrosion 0
82.67822738875111 375.97042821792184 46.27853020094335 421.03254182585204 -1.7638711867039092 382.22916785891994 34.63562194745464 337.16743762093597 severe-corrosion 0
185.19959874924098 627.5015290379599 141.01535836744006 631.7373447603978 131.31815612759965 530.5992738208175 175.50049582947395 526.3635491948187 severe-corrosion 0
0 165 41 165 41 223 0 223 severe-corrosion 0
516.9285523997678 313.03245217820165 576.6924491745885 335.8811464384078 543.4614849874197 422.7927137278104 483.6977423049393 399.94430842866086 severe-corrosion 0