7 0.691406 0.919531 0.135937 0.160938
7 0.983594 0.941406 0.032813 0.117188
7 0.627344 0.225000 0.060937 0.084375
7 0.630469 0.064062 0.042188 0.071875
7 0.703125 0.050000 0.050000 0.037500
7 0.491406 0.254688 0.032813 0.062500
7 0.454688 0.064844 0.034375 0.057813
7 0.400000 0.099219 0.040625 0.054688
7 0.627344 0.061719 0.042188 0.067187
6 0.575781 0.182031 0.029687 0.042188
6 0.381250 0.372656 0.025000 0.035937
6 0.383594 0.246875 0.026562 0.034375
6 0.396875 0.093750 0.046875 0.068750
6 0.821875 0.759375 0.031250 0.059375
6 0.684375 0.516406 0.018750 0.026562
6 0.879687 0.585938 0.025000 0.050000
6 0.376563 0.446094 0.021875 0.042188
7 0.406250 0.899219 0.056250 0.060937
7 0.264844 0.868750 0.051562 0.043750
7 0.350781 0.854688 0.032813 0.040625
7 0.439844 0.724219 0.060937 0.082812
7 0.402344 0.620313 0.032813 0.065625
7 0.522656 0.530469 0.039062 0.067187
7 0.637500 0.518750 0.050000 0.084375
7 0.653125 0.410938 0.043750 0.056250
7 0.570312 0.342969 0.056250 0.067187
7 0.971875 0.735156 0.043750 0.079687
7 0.989844 0.642969 0.020313 0.114062
7 0.877344 0.650781 0.042188 0.045312
6 0.771094 0.564063 0.023438 0.040625
7 0.900781 0.367969 0.039062 0.060937
7 0.699219 0.119531 0.029687 0.042188
7 0.544531 0.718750 0.045312 0.087500
7 0.596875 0.628906 0.071875 0.095312
7 0.551562 0.945312 0.162500 0.109375
7 0.564844 0.843750 0.085938 0.118750
7 0.640625 0.760938 0.118750 0.137500
7 0.845313 0.950000 0.031250 0.056250
6 0.750781 0.792188 0.051562 0.071875
6 0.408594 0.807813 0.045312 0.053125
7 0.392188 0.956250 0.046875 0.050000
7 0.468750 0.128125 0.025000 0.040625