7 0.015625 0.126562 0.015625 0.028125
7 0.396875 0.096875 0.062500 0.050000
7 0.102344 0.393750 0.026562 0.028125
6 0.165625 0.413281 0.046875 0.035937
6 0.135937 0.282031 0.025000 0.042188
7 0.589844 0.292187 0.035937 0.040625
7 0.485156 0.026562 0.032813 0.053125
7 0.366406 0.273438 0.023438 0.031250
7 0.566406 0.426563 0.035937 0.046875
7 0.495312 0.138281 0.015625 0.026562
7 0.300000 0.152344 0.018750 0.026562
6 0.250781 0.138281 0.023438 0.035937
7 0.417187 0.414062 0.034375 0.046875
7 0.429688 0.348438 0.034375 0.037500
7 0.332031 0.307031 0.020313 0.023438
6 0.603906 0.043750 0.017188 0.021875
6 0.241406 0.396875 0.023438 0.031250
6 0.218750 0.179688 0.012500 0.018750
6 0.006250 0.232813 0.012500 0.050000
6 0.300781 0.337500 0.032813 0.053125
6 0.580469 0.246094 0.060937 0.039062
6 0.013281 0.310937 0.026562 0.034375
6 0.267188 0.264844 0.018750 0.020313
6 0.167187 0.282031 0.021875 0.029687
6 0.110937 0.075000 0.009375 0.025000
6 0.257031 0.066406 0.020313 0.023438
3 0.844531 0.225000 0.310937 0.450000
9 0.576562 0.725000 0.153125 0.550000
9 0.334375 0.725000 0.146875 0.550000
9 0.094531 0.725000 0.189062 0.550000
7 0.469531 0.739062 0.064062 0.150000
9 0.844531 0.668750 0.310937 0.234375