0 176.94099999999997 249 176.94099999999997 249 377 0 377 severe-corrosion 0
0 0 249 0 249 113.195 0 113.195 severe-corrosion 0
181 87 229 87 229 169 181 169 moderate-corrosion 0
54 134 65 134 65 162 54 162 moderate-corrosion 0
58 182 88 182 88 200 58 200 moderate-corrosion 0
136 108 153 108 153 138 136 138 moderate-corrosion 0
150 142 176 142 176 173 150 173 moderate-corrosion 0
232 160 249 160 249 180 232 180 moderate-corrosion 0
363.48884730214195 -29.497227484450008 657.3278734514315 118.41285363322692 533.0767253009981 365.2452298465947 239.2387562924705 217.33747462031818 severe-corrosion 0
249.0014220244484 640 170.42815166867513 640 170.42961163489963 558.879 249.00000000001455 558.879 mild-corrosion 0
317.59734382234456 640.0010168127951 317.602000046536 376.9970371377377 434.9369999999908 377.00000000001927 434.9380817070778 639.9984583735793 severe-corrosion 0