6 0.010156 0.341406 0.020313 0.039062
6 0.505469 0.313281 0.020313 0.020313
7 0.157031 0.504687 0.054688 0.171875
7 0.085938 0.560937 0.053125 0.050000
9 0.196094 0.669531 0.132812 0.145313
7 0.373437 0.767969 0.081250 0.292187
7 0.150781 0.868750 0.042188 0.262500
9 0.081250 0.945312 0.031250 0.037500
6 0.254688 0.905469 0.034375 0.035937
6 0.309375 0.881250 0.021875 0.034375
6 0.223438 0.773438 0.059375 0.053125
6 0.203125 0.965625 0.025000 0.034375
6 0.204687 0.865625 0.053125 0.021875
6 0.242969 0.439844 0.029687 0.042188
6 0.527344 0.591406 0.023438 0.023438
7 0.473438 0.855469 0.028125 0.032813
6 0.034375 0.532031 0.015625 0.029687
6 0.278125 0.693750 0.025000 0.018750
7 0.913281 0.709375 0.173437 0.581250
6 0.590625 0.821875 0.081250 0.037500