279.29015473528125 110.7582549323077 337.9583520194865 134.78840306368713 235.2708141659241 385.48370233486906 176.60297163056384 361.45415092272054 severe-corrosion 0
290 84 313 84 313 110 290 110 mild-corrosion 0
157 242 173 242 173 267 157 267 mild-corrosion 0
233 91 277 91 277 123 233 123 mild-corrosion 0
192 42 205 42 205 81 192 81 mild-corrosion 0
284 6 302 6 302 55 284 55 mild-corrosion 0
314.55205566417135 1.5171204893618735 431.4163863677095 -13.970143107721904 482.4350000000413 370.9999999999993 365.570729264291 386.48683804210907 severe-corrosion 0
286.33267563833215 432.8333625258591 310.74906931571604 428.78851679447416 338.5649242238287 596.6659206537108 314.1485632921831 600.7106338893377 mild-corrosion 0
326 565 535 565 535 636 326 636 severe-corrosion 0
326 371 538 371 538 557 326 557 severe-corrosion 0
546 371 598 371 598 468 546 468 severe-corrosion 0