111.52347661431122 -0.00017831216659891088 111.52400000166381 204.00037605508348 -0.000020447041606530547 203.99999999987506 0.00028109097911510617 0.00011000952630753076 severe-corrosion 0
332.00104412397195 204 215.30299999998533 204 215.3039180952328 -6.361109362927034e-14 331.9999999999709 -7.951386703658792e-14 severe-corrosion 0
456 165 486 165 486 204 456 204 mild-corrosion 0
490 116 562 116 562 174 490 174 mild-corrosion 0
403 0 424 0 424 28 403 28 mild-corrosion 0
167 396 261 396 261 494 167 494 mild-corrosion 0
191 246 233 246 233 316 191 316 mild-corrosion 0
160 301 181 301 181 343 160 343 mild-corrosion 0
332 246 364 246 364 333 332 333 mild-corrosion 0
332 482 354 482 354 515 332 515 mild-corrosion 0
332 596 347 596 347 622 332 622 mild-corrosion 0