9 0.611775 0.670386 0.173405 0.268172
7 0.892188 0.635938 0.034375 0.040625
7 0.833594 0.610156 0.032813 0.042188
7 0.777344 0.559375 0.067187 0.053125
7 0.749219 0.216406 0.054688 0.042188
7 0.005469 0.672656 0.010937 0.095312
7 0.491406 0.978906 0.039062 0.042188
6 0.162500 0.954688 0.018750 0.025000
6 0.516406 0.356250 0.014063 0.021875
6 0.646094 0.350781 0.017188 0.020313
6 0.833594 0.252344 0.014063 0.026562
6 0.977344 0.995313 0.023438 0.009375
6 0.607031 0.912500 0.020313 0.031250
6 0.595313 0.842187 0.028125 0.028125