0 0 82 0 82 118.022 0 118.022 severe-corrosion 0
63.67 0 268 0 268 129 63.67 129 moderate-corrosion 0
427.581867074623 236.64170955643797 390.66582763189217 132.22172422746956 628.3767409614666 48.18349875156198 665.2933758591098 152.60191127302699 severe-corrosion 0
173 284 268 284 268 389 173 389 severe-corrosion 0
203 429 260 429 260 593 203 593 severe-corrosion 0
120 305 174 305 174 376 120 376 severe-corrosion 0
69 305 96 305 96 338 69 338 mild-corrosion 0
13 243 48 243 48 325 13 325 moderate-corrosion 0
156 471 174 471 174 495 156 495 mild-corrosion 0
339 243 436 243 436 640 339 640 severe-corrosion 0
496 243 590 243 590 640 496 640 severe-corrosion 0
458 609 494 609 494 640 458 640 moderate-corrosion 0
437 346 476 346 476 439 437 439 moderate-corrosion 0