397.018832471731 133.6466877674258 439.79964607715374 13.552565261480488 674.734785194596 97.2422313521475 631.9554767340014 217.33508309323722 severe-corrosion 0
368.69299999998475 167.58799999999474 343.21750300463464 144.66127376472113 439.89563037532207 37.23641558282762 465.3709820682707 60.163025878648746 mild-corrosion 0
340.86699999999837 191.44900000000288 357.311319099972 189.6465825967073 361.7363045208185 230.01658980538625 345.2919864602154 231.81900148405424 mild-corrosion 0
85 268 195 268 195 380 85 380 moderate-corrosion 0
179 562 197 562 197 586 179 586 mild-corrosion 0
531 357 559 357 559 385 531 385 severe-corrosion 0
562 347 586 347 586 371 562 371 severe-corrosion 0
590 354 617 354 617 382 590 382 severe-corrosion 0
283.1930268553697 429.7155926887527 438.554696264473 369.9788260542556 518.3976769838773 577.5991085640795 363.03730823456135 637.3333924721749 severe-corrosion 0
236 577.169 307.72 577.169 307.72 640 236 640 severe-corrosion 0
297.2497268470761 468.661964222932 250.66396616581187 477.6667562395513 211.0649789890158 272.81994392930307 257.6480427142087 263.81542523553355 severe-corrosion 0