7 0.816406 0.248438 0.042188 0.046875
7 0.723437 0.277344 0.050000 0.095312
7 0.835938 0.378125 0.056250 0.050000
7 0.788281 0.441406 0.039062 0.054688
6 0.939528 0.693644 0.033053 0.015808
6 0.145313 0.845313 0.018750 0.018750
6 0.164062 0.510938 0.018750 0.018750
6 0.103125 0.643750 0.012500 0.012500
6 0.196875 0.652344 0.015625 0.020313
6 0.147656 0.591406 0.023438 0.020313
6 0.157031 0.678906 0.010937 0.014063
6 0.129688 0.627344 0.021875 0.035937
9 0.877344 0.565625 0.042188 0.053125
9 0.759726 0.666669 0.086312 0.144761
9 0.872368 0.744567 0.062909 0.143895