595 91 640 91 640 237 595 237 severe-corrosion 0
593 39 615 39 615 65 593 65 mild-corrosion 0
592 284 640 284 640 365 592 365 mild-corrosion 0
616 428 640 428 640 640 616 640 moderate-corrosion 0
385 549 458 549 458 623 385 623 mild-corrosion 0
178 626 208 626 208 640 178 640 mild-corrosion 0
149 588 177 588 177 632 149 632 mild-corrosion 0
71 0 137 0 137 101 71 101 mild-corrosion 0
320 138 337 138 337 176 320 176 mild-corrosion 0
329 190 347 190 347 223 329 223 mild-corrosion 0
549 485 575 485 575 519 549 519 mild-corrosion 0