9 0.181250 0.250000 0.362500 0.500000
9 0.694531 0.301774 0.610938 0.396452
9 0.254688 0.639062 0.071875 0.078125
9 0.060156 0.922656 0.032813 0.020313
7 0.238281 0.806250 0.048438 0.037500
9 0.372656 0.778906 0.032813 0.051562
7 0.139063 0.978906 0.043750 0.042188
7 0.089844 0.857812 0.039062 0.037500
6 0.305469 0.934375 0.035937 0.040625
6 0.150000 0.585938 0.065625 0.028125
7 0.085938 0.579688 0.021875 0.018750
6 0.174219 0.785937 0.026562 0.034375
6 0.210938 0.879687 0.015625 0.025000
9 0.482031 0.839984 0.185938 0.320033