140 179 195 179 195 204 140 204 moderate-corrosion 0
246.26911593935802 8.124688898001263 242.1166201360029 172.74175600622226 -4.109249592438573 166.52918906724068 0.04441930170287378 1.9133842093731221 severe-corrosion 0
157 119 193 119 193 155 157 155 moderate-corrosion 0
72 345 219 345 219 409 72 409 mild-corrosion 0
15 591 45 591 45 609 15 609 mild-corrosion 0
0 346 35 346 35 363 0 363 mild-corrosion 0
571 226 640 226 640 322 571 322 mild-corrosion 0
565 346 597 346 597 376 565 376 mild-corrosion 0
423 341 479 341 479 377 423 377 mild-corrosion 0
487 275 537 275 537 321 487 321 mild-corrosion 0
421 287 466 287 466 317 421 317 mild-corrosion 0