570 65 640 65 640 217 570 217 severe-corrosion 0
198 0 279 0 279 44 198 44 severe-corrosion 0
198 72 226 72 226 125 198 125 severe-corrosion 0
305 87 363 87 363 140 305 140 severe-corrosion 0
427 206 488 206 488 217 427 217 severe-corrosion 0
243 178 286 178 286 191 243 191 mild-corrosion 0
198 171 220 171 220 191 198 191 mild-corrosion 0
0 217 198 217 198 487.66700000000003 0 487.66700000000003 severe-corrosion 0
85 217 114 217 114 224 85 224 mild-corrosion 0
198 217 640 217 640 365.316 198 365.316 severe-corrosion 0
198 519.079 334.744 519.079 334.744 640 198 640 moderate-corrosion 0
606 347 624 347 624 392 606 392 mild-corrosion 0