0 8 81 8 81 193 0 193 moderate-corrosion 0
297 201 640 201 640 263 297 263 mild-corrosion 0
349 117 375 117 375 132 349 132 mild-corrosion 0
285 60 313 60 313 74 285 74 mild-corrosion 0
555 51 583 51 583 69 555 69 mild-corrosion 0
0 313 183 313 183 640 0 640 severe-corrosion 0
275 484.60599999999386 267.5622222491802 324.7252109759734 635.1688289316371 307.6194116760179 642.6149855928088 467.491535695683 severe-corrosion 0
389 313 471 313 471 412 389 412 severe-corrosion 0
275 375 282 375 282 406 275 406 mild-corrosion 0
297 403 304 403 304 415 297 415 mild-corrosion 0
304 321 323 321 323 365 304 365 mild-corrosion 0