346 32 366 32 366 51 346 51 mild-corrosion 0
387 87 428 87 428 171 387 171 mild-corrosion 0
593.1030104607635 353.2135162823051 593.0620356920554 437.8028223804145 202.9366553982254 437.5979862190082 202.98249972278427 353.01321584749223 moderate-corrosion 0
217.25545297573262 32.740489744713386 318.4779243673984 36.88695764612041 302.89248026056157 417.3443461947531 201.6700000000128 413.19800000000123 mild-corrosion 0
123.24673912284197 357.308544415452 207.0542996723816 409.15074133256127 145.90704850910697 507.98650112107066 62.10023137406097 456.14526868309633 moderate-corrosion 0
-0.9619669080711901 234.9494623906486 3.664446438124287 162.6382097002012 117.45769513720006 169.9182523396334 112.83194408948475 242.2288740047472 moderate-corrosion 0
17.520999999978812 296.439000000015 44.57449460955104 279.1429579063532 85.00608684618783 342.3792951209108 57.95271411043359 359.67518277584594 moderate-corrosion 0
247.86294930396252 456.9535977449488 255.68367873500392 502.0101514748092 17.854440385854105 543.2785028183138 10.036000000109198 498.2239999999722 moderate-corrosion 0
447 318 462 318 462 328 447 328 mild-corrosion 0
264 109 276 109 276 123 264 123 mild-corrosion 0
306 215 328 215 328 226 306 226 mild-corrosion 0
358 323 383 323 383 334 358 334 mild-corrosion 0
454 289 471 289 471 298 454 298 mild-corrosion 0
374 194 384 194 384 204 374 204 mild-corrosion 0