7 0.071094 0.015625 0.042188 0.031250
7 0.090625 0.122656 0.071875 0.035937
7 0.607031 0.215625 0.045312 0.028125
7 0.293750 0.298438 0.040625 0.037500
7 0.310156 0.225000 0.023438 0.018750
7 0.337500 0.379688 0.037500 0.037500
7 0.216406 0.348438 0.035937 0.018750
7 0.306250 0.345313 0.037500 0.028125
6 0.383594 0.175000 0.054688 0.015625
6 0.275000 0.014844 0.050000 0.017188
7 0.484375 0.320312 0.037500 0.021875
6 0.461719 0.301563 0.023438 0.018750
7 0.148438 0.081250 0.081250 0.037500
6 0.003906 0.071094 0.007812 0.035937
6 0.151562 0.323437 0.025000 0.018750
6 0.239844 0.316406 0.026562 0.032813
6 0.411719 0.375781 0.029687 0.014063
6 0.484375 0.396875 0.012500 0.006250
6 0.530469 0.339844 0.014063 0.014063
6 0.618750 0.270313 0.012500 0.009375
6 0.037500 0.172656 0.015625 0.010937
6 0.082812 0.356250 0.018750 0.037500
9 0.779417 0.136771 0.066159 0.097002
6 0.609375 0.428906 0.021875 0.026562
6 0.589844 0.856250 0.042188 0.112500
6 0.596875 0.751563 0.028125 0.034375