7 0.408594 0.125000 0.014063 0.012500
7 0.215625 0.135937 0.021875 0.015625
6 0.242969 0.368750 0.014063 0.031250
6 0.211719 0.189844 0.010937 0.007812
6 0.351562 0.242188 0.012500 0.009375
6 0.190625 0.245312 0.012500 0.009375
6 0.050000 0.273438 0.012500 0.009375
6 0.096875 0.157812 0.015625 0.009375
6 0.029687 0.194531 0.018750 0.014063
6 0.430469 0.297656 0.017188 0.020313
6 0.206250 0.099219 0.015625 0.007812
6 0.124219 0.092188 0.017188 0.015625
6 0.272656 0.005469 0.010937 0.010937
6 0.261719 0.088281 0.014063 0.007812
7 0.203906 0.362500 0.035937 0.025000
9 0.642019 0.082740 0.017428 0.134991
7 0.717766 0.236590 0.129331 0.140456
9 0.231250 0.582031 0.034375 0.070312
7 0.264844 0.636719 0.017188 0.023438
7 0.857031 0.560156 0.051562 0.085938
7 0.753125 0.539062 0.040625 0.040625