6 0.439844 0.217188 0.051562 0.075000
6 0.525781 0.255469 0.057813 0.067187
6 0.631250 0.412500 0.025000 0.043750
6 0.960938 0.193750 0.059375 0.059375
6 0.776563 0.428125 0.018750 0.050000
9 0.131250 0.744531 0.262500 0.242188
9 0.956250 0.527344 0.087500 0.076563
9 0.939063 0.815625 0.121875 0.321875
9 0.668750 0.703125 0.096875 0.168750
9 0.514844 0.533594 0.076563 0.089063
7 0.506250 0.778125 0.046875 0.087500
7 0.568750 0.751563 0.031250 0.068750
7 0.815625 0.560937 0.059375 0.143750
9 0.257812 0.448437 0.171875 0.078125