364 12 403 12 403 38 364 38 mild-corrosion 0
26 142 62 142 62 175 26 175 moderate-corrosion 0
154 20 188 20 188 56 154 56 moderate-corrosion 0
65 211 105 211 105 238 65 238 moderate-corrosion 0
142 230 178 230 178 256 142 256 moderate-corrosion 0
244 131 266 131 266 155 244 155 mild-corrosion 0
7 324 51 324 51 350 7 350 moderate-corrosion 0
121 134 147 134 147 149 121 149 mild-corrosion 0
385 128 403 128 403 144 385 144 mild-corrosion 0
398 334 403 334 403 363 398 363 mild-corrosion 0
308 410 322 410 322 419 308 419 mild-corrosion 0
47 419 166 419 166 435 47 435 severe-corrosion 0
402.9988572343427 434.9937961500285 403.0094344093959 640.0010896823776 -0.003117129745078273 639.9999999718573 0.0025718562392285094 435.0096586364328 severe-corrosion 0