114.32943503576098 30.33378876085485 71.53125579825428 96.15093728381905 39.88675555505324 75.57384458617828 82.68492567658541 9.75675115476314 severe-corrosion 0
73.02410632932151 177.80039909608115 116.36468751945358 202.93235737175922 67.65086081330082 286.93688625492024 24.310424548966694 261.805136041749 severe-corrosion 0
144.06092836419703 181.44302737048858 147.5769827523618 148.8425372256213 210.75424237540574 155.65620612867087 207.23832975032565 188.25656478673423 moderate-corrosion 0
218.87913902231958 96.06230293635845 198.75512750259077 90.61435576015329 205.54001948265068 65.55205737886942 225.66399999996065 70.9999999999984 mild-corrosion 0
162.6952506795351 192.1557874902966 194.04588776349556 207.80019321912064 154.4836450524599 287.0775983972958 123.13308553799288 271.4333166772229 moderate-corrosion 0
273.40294672314485 54.87303810529458 256.28946264063416 57.55561390722158 252.34900263116288 32.41746726809409 269.4624728663621 29.734892573198103 mild-corrosion 0
12.826171531851287 210.435804354107 -12.75649852999777 196.36326508106404 44.43350870918948 92.39930091474918 70.01587642822415 106.47173335163784 moderate-corrosion 0
539 0 640 0 640 183 539 183 severe-corrosion 0
424.63797268756025 42.10961976519738 530.9083302133513 48.05564937604001 514.2985962537932 344.90590623271936 408.02824595186394 338.96000900632214 severe-corrosion 0
300 0 394 0 394 152 300 152 moderate-corrosion 0
133 401 274 401 274 580 133 580 moderate-corrosion 0
246 585 259 585 259 604 246 604 mild-corrosion 0
379 339 640 339 640 640 379 640 severe-corrosion 0