480.00342320796335 352.00000000000017 237.47000000003027 352 237.47742131839914 18.491999999999912 479.99954975544824 18.491999999999976 severe-corrosion 0
609 0 640 0 640 39 609 39 mild-corrosion 0
560 208 607 208 607 261 560 261 mild-corrosion 0
603 264 625 264 625 298 603 298 mild-corrosion 0
483 203 499 203 499 231 483 231 mild-corrosion 0
0 470 9 470 9 537 0 537 severe-corrosion 0
94 597 132 597 132 630 94 630 severe-corrosion 0
121 457 235 457 235 573 121 573 severe-corrosion 0
252 389 422 389 422 591 252 591 severe-corrosion 0
436 497 480 497 480 580 436 580 severe-corrosion 0
164 584 194 584 194 603 164 603 severe-corrosion 0
104 415 123 415 123 463 104 463 moderate-corrosion 0
72 362 96 362 96 390 72 390 moderate-corrosion 0
26.22837457769492 555.3377822992162 39.97086569288513 551.8264182459047 46.360466626647394 576.8276594431285 32.617982637748355 580.3390044362384 mild-corrosion 0
63.46896631301206 493.80352266809217 51.700604429570376 483.9191744970531 62.34506221459014 471.2480566321199 74.11338122488814 481.13237543274613 mild-corrosion 0
453.27306106984906 368.77993503499334 470.1531347598211 368.20224580507096 471.05132238255464 394.44449399056856 454.17124880696065 395.02218107088675 mild-corrosion 0
225.48499183438253 562.6809776451037 246.0215379911824 549.8377053039284 261.91142106785264 575.2398477917187 241.37493818008807 588.0830386610793 moderate-corrosion 0
418.3266599698254 446.2305618336211 453.08463581619435 438.1216091276916 466.3171436544508 494.8320450681149 431.5591956159915 502.9409150948758 moderate-corrosion 0
4.888835744350217 354.3188190331266 19.87020615793881 343.493843072099 33.98756665235851 363.02993210097 19.00622601242503 373.8548730856319 mild-corrosion 0
216 376 232 376 232 396 216 396 mild-corrosion 0
245 370 263 370 263 392 245 392 mild-corrosion 0
311 355 319 355 319 379 311 379 mild-corrosion 0
36 594 45 594 45 617 36 617 mild-corrosion 0
153 408 161 408 161 424 153 424 mild-corrosion 0
190 424 205 424 205 445 190 445 mild-corrosion 0
211 437 233 437 233 463 211 463 mild-corrosion 0
258 596 270 596 270 606 258 606 mild-corrosion 0
480.1286945042375 444.9014163372545 477.0539671489678 384.3022881818637 622.1498883175082 376.94029587409744 625.2258941651962 437.5380682851709 severe-corrosion 0