9 0.779687 0.269531 0.440625 0.539062
7 0.221875 0.558594 0.078125 0.039062
7 0.399219 0.551562 0.042188 0.025000
7 0.418750 0.656250 0.071875 0.037500
7 0.217969 0.789062 0.042188 0.037500
7 0.225781 0.898438 0.073438 0.034375
7 0.542969 0.879687 0.032813 0.018750
7 0.355469 0.993750 0.042188 0.012500
6 0.462500 0.954688 0.028125 0.015625
6 0.332031 0.961719 0.023438 0.026562
6 0.058594 0.609375 0.048438 0.034375
7 0.058594 0.970313 0.039062 0.053125
7 0.089063 0.859375 0.053125 0.034375
7 0.476562 0.614062 0.081250 0.037500
7 0.276562 0.776563 0.050000 0.103125
6 0.323437 0.603906 0.025000 0.035937
6 0.304688 0.542188 0.025000 0.006250
6 0.178125 0.718750 0.034375 0.025000
6 0.479687 0.857031 0.025000 0.017188
6 0.556250 0.849219 0.006250 0.032813
6 0.292187 0.930469 0.015625 0.017188
6 0.089063 0.828906 0.018750 0.014063
6 0.260937 0.634375 0.015625 0.012500
6 0.365625 0.706250 0.015625 0.012500
6 0.410938 0.889062 0.018750 0.037500
6 0.389062 0.950000 0.021875 0.012500
9 0.910156 0.675781 0.170313 0.273438