645.1503174802201 62.312938504759245 630.0456629678229 647.1719944406186 -14.82906447861751 630.4668187326184 0.3224787100771209 45.64918025200256 severe-corrosion 0
462.86330695220386 672.0622239471854 376.14810842285806 634.3543906255941 496.9199035985366 356.6889345490548 583.6267206920456 394.3947261777123 severe-corrosion 0
524 315 565 315 565 369 524 369 severe-corrosion 0
418 286 475 286 475 377 418 377 severe-corrosion 0
567 404 609 404 609 496 567 496 severe-corrosion 0
612 401 640 401 640 573 612 573 severe-corrosion 0
506 545 616 545 616 621 506 621 severe-corrosion 0
0 632 84 632 84 639 0 639 severe-corrosion 0
0 485 26 485 26 586 0 586 severe-corrosion 0
107 583 177 583 177 640 107 640 severe-corrosion 0
569 330 613 330 613 392 569 392 severe-corrosion 0
265 631 327 631 327 640 265 640 severe-corrosion 0