235 32 265 32 265 116 235 116 mild-corrosion 0
49.19600000001083 7.951386703658792e-13 101.91979272130993 -4.628672196883518 123.0449999999837 236.00000000000264 70.32121403019119 240.62862062673076 mild-corrosion 0
106 52 116 52 116 66 106 66 mild-corrosion 0
161 160 181 160 181 171 161 171 mild-corrosion 0
226 139 235 139 235 149 226 149 mild-corrosion 0
631 173 640 173 640 220 631 220 severe-corrosion 0
511 13 542 13 542 37 511 37 moderate-corrosion 0
602 0 639 0 639 24 602 24 severe-corrosion 0
454 122 477 122 477 156 454 156 moderate-corrosion 0
558 94 581 94 581 120 558 120 mild-corrosion 0
516 177 532 177 532 199 516 199 moderate-corrosion 0
491 216 509 216 509 236 491 236 moderate-corrosion 0
477 1 494 1 494 23 477 23 mild-corrosion 0
504 64 514 64 514 80 504 80 mild-corrosion 0
104.99777821227326 354.51362300785235 103.4995677311963 280.689727762209 414.7822884169 274.3683583453209 416.28312300512334 348.1895995829069 severe-corrosion 0
643.0867203277012 266.5527337057494 638.2308568383451 359.6821304649532 449.6146482697077 349.8450944303969 454.4723850795708 256.7176601255933 severe-corrosion 0
513.8730000000214 574.378999999994 513.8739127800363 501.6548207953022 552.9973434258864 501.6554339237331 552.9969999998139 574.3790446465912 mild-corrosion 0