305 0 330 0 330 15 305 15 moderate-corrosion 0
366 35 398 35 398 66 366 66 moderate-corrosion 0
392 85 403 85 403 116 392 116 moderate-corrosion 0
336 74 356 74 356 109 336 109 moderate-corrosion 0
365.0176904600812 162.74035741792056 382.66250124870567 157.08951480491118 391.1149565770029 183.48183219732238 373.4701502975804 189.1326647514654 moderate-corrosion 0
399.47363043320365 191.93193811272866 411.2335915067524 211.23097916276268 385.371312703719 226.98971338232354 373.61140378634445 207.69071778663556 moderate-corrosion 0
343.8739531762985 170.3283522997771 338.2018315318419 185.7072838222511 325.8255339432799 181.1427018463559 331.4976614261832 165.7637836361505 mild-corrosion 0
293.06553074093245 234.68691121919363 278.7261514347483 231.8236461981922 283.8060236079764 206.38448377979913 298.1453442614293 209.2477428039399 moderate-corrosion 0
369.03897134608997 266.599533251947 339.2548039294343 271.83030572292654 331.3669862128154 226.91814214513 361.15090945102565 221.68739162994154 moderate-corrosion 0
365.7604610893759 326.7241571298783 345.14831872707873 325.07785906838603 348.5673876800138 282.27462078596784 369.1793298366247 283.920910793123 moderate-corrosion 0
319.0255487371178 361.9058357083868 336.0111015435541 365.3176207698225 331.2880453242542 388.82888812797745 314.30249586715945 385.41711448562796 moderate-corrosion 0
173 49 181 49 181 67 173 67 moderate-corrosion 0
431 129 640 129 640 272 431 272 moderate-corrosion 0
108.561882761569 591.3352176683625 119.01899999997113 535.5339999999745 336.61047295390745 576.2960137874181 326.1563908552489 632.0945887161711 severe-corrosion 0
97.98115385012352 475.68991676682236 107.07199999997101 426.251999999977 321.5893687204516 465.68923751170314 312.5006646609836 515.1252632462258 severe-corrosion 0
35 525 53 525 53 547 35 547 mild-corrosion 0
345 482 396 482 396 524 345 524 mild-corrosion 0
365 579 403 579 403 640 365 640 mild-corrosion 0
340 409 379 409 379 441 340 441 mild-corrosion 0
403 409 640 409 640 563 403 563 severe-corrosion 0