9 0.353125 0.804688 0.043750 0.037500
9 0.337500 0.503906 0.093750 0.060937
9 0.287500 0.465625 0.040625 0.037500
6 0.489063 0.428125 0.034375 0.034375
6 0.660156 0.453906 0.029687 0.029687
6 0.001563 0.606250 0.003125 0.031250
6 0.538281 0.351562 0.026562 0.028125
6 0.567187 0.252344 0.018750 0.029687
6 0.604688 0.314063 0.053125 0.065625
6 0.597656 0.392188 0.026562 0.031250
6 0.270313 0.689844 0.025000 0.032813
6 0.362500 0.573438 0.065625 0.043750
6 0.160156 0.519531 0.026562 0.026562
6 0.846094 0.554688 0.023438 0.021875
6 0.123438 0.732812 0.037500 0.050000
7 0.203906 0.980469 0.029687 0.026562
7 0.617188 0.978906 0.053125 0.042188
7 0.303906 0.800781 0.032813 0.039062
7 0.247656 0.774219 0.029687 0.035937
6 0.528906 0.462500 0.032813 0.050000
6 0.696875 0.362500 0.043750 0.053125
6 0.668750 0.392969 0.025000 0.029687
6 0.448437 0.298438 0.040625 0.040625
6 0.154688 0.650000 0.018750 0.015625
6 0.238281 0.531250 0.032813 0.025000
6 0.935156 0.587500 0.020313 0.021875