9 0.287500 0.305799 0.462500 0.207152
6 0.391406 0.166406 0.254688 0.101562
9 0.112500 0.550000 0.071875 0.078125
9 0.318750 0.535156 0.146875 0.110937
9 0.347656 0.648438 0.073438 0.059375
9 0.277344 0.974219 0.035937 0.051562
7 0.096094 0.716406 0.048438 0.035937
7 0.446875 0.571875 0.018750 0.034375
9 0.243750 0.690625 0.059375 0.050000
7 0.297656 0.807031 0.023438 0.042188
7 0.370312 0.823438 0.021875 0.025000
7 0.365625 0.889844 0.021875 0.039062
7 0.009375 0.895312 0.018750 0.053125
6 0.163281 0.845313 0.035937 0.040625
6 0.020313 0.495312 0.040625 0.028125
6 0.493750 0.456250 0.012500 0.021875
7 0.512500 0.892188 0.012500 0.025000
7 0.092188 0.971875 0.025000 0.034375
6 0.032031 0.696875 0.026562 0.034375
6 0.068750 0.790625 0.015625 0.025000
9 0.809759 0.704688 0.380481 0.590625