9 0.209572 0.269531 0.419144 0.539062
6 0.921875 0.056250 0.046875 0.112500
6 0.714125 0.237358 0.200215 0.474715
6 0.704688 0.025000 0.015625 0.021875
6 0.798438 0.191406 0.031250 0.017188
6 0.904687 0.361719 0.037500 0.017188
6 0.891406 0.157812 0.014063 0.015625
7 0.828125 0.792188 0.015625 0.028125
7 0.910937 0.550781 0.028125 0.023438
6 0.771094 0.916406 0.026562 0.029687
6 0.613281 0.784375 0.026562 0.025000
6 0.709375 0.676562 0.025000 0.043750
6 0.948438 0.948438 0.025000 0.043750
6 0.860938 0.547656 0.012500 0.014063
6 0.815625 0.900000 0.021875 0.050000
6 0.798438 0.840625 0.043750 0.028125
6 0.640625 0.901563 0.012500 0.018750
6 0.706250 0.924219 0.028125 0.020313
6 0.621875 0.994531 0.012500 0.010937
6 0.821875 0.976562 0.037500 0.034375
6 0.979688 0.947656 0.021875 0.029687
6 0.923438 0.740625 0.009375 0.025000
6 0.667969 0.759375 0.014063 0.015625
6 0.607031 0.602344 0.014063 0.039062