160.12075020327757 94.67330277107244 137.43468853535887 369.35276940947267 -17.252831013320247 356.5747628089907 5.436218956019729 81.89779769007453 severe-corrosion 0
54 63 70 63 70 83 54 83 moderate-corrosion 0
88 69 137 69 137 87 88 87 mild-corrosion 0
37 0 91 0 91 41 37 41 moderate-corrosion 0
102 0 162 0 162 9 102 9 moderate-corrosion 0
639.9999999971624 -0.0015818613355150933 640.0012066042837 255.00029654661407 451.4910174111719 254.99920341055056 451.49225094421126 0.00009974458655601079 severe-corrosion 0
320 77.049 357.06000000000006 77.049 357.06000000000006 358 320 358 moderate-corrosion 0
445.5755422076618 81.59418713817013 423.871792168502 84.9599664689774 410.7480259492877 0.3332595225400605 432.4517210101476 -3.032515489893756 moderate-corrosion 0
661.3069109687785 297.5524493675851 600.9843358569924 365.29125488815737 386.98107854113914 174.72472153527877 447.3019999999815 106.98799999998849 moderate-corrosion 0
3 426 110 426 110 473 3 473 severe-corrosion 0
0 501 57 501 57 554 0 554 severe-corrosion 0
136 516 193 516 193 569 136 569 severe-corrosion 0
46 382 126 382 126 416 46 416 moderate-corrosion 0
74 607 117 607 117 620 74 620 mild-corrosion 0
19 601 51 601 51 621 19 621 mild-corrosion 0
356.16083769848046 640.000822631024 356.172000013612 357.99960613690615 639.9998543821857 358.0119482652222 640.0037223898835 639.997779785625 moderate-corrosion 0