160 46 194 46 194 92 160 92 moderate-corrosion 0
204 48 221 48 221 82 204 82 moderate-corrosion 0
5 188 30 188 30 217 5 217 moderate-corrosion 0
0 69 9 69 9 101 0 101 mild-corrosion 0
75 148 103 148 103 217 75 217 moderate-corrosion 0
47 59 71 59 71 89 47 89 moderate-corrosion 0
132 60 151 60 151 96 132 96 moderate-corrosion 0
116 111 137 111 137 134 116 134 moderate-corrosion 0
233 167 249 167 249 192 233 192 moderate-corrosion 0
249 0 640 0 640 217 249 217 severe-corrosion 0
249.00135532196146 535.4619999999999 203.68828531820327 535.4619999999999 203.68946107329975 373.481 248.99997359112604 373.481 severe-corrosion 0
249 409.108 640 409.108 640 609.666 249 609.666 severe-corrosion 0