7 0.073438 0.532813 0.146875 0.478125
6 0.571094 0.003125 0.067187 0.006250
6 0.395313 0.152344 0.053125 0.085938
6 0.932031 0.035937 0.070312 0.071875
6 0.904687 0.606250 0.071875 0.156250
6 0.833594 0.800781 0.067187 0.095312
6 0.598437 0.826562 0.096875 0.134375
6 0.314844 0.782031 0.089063 0.129688
6 0.428125 0.892188 0.034375 0.062500
6 0.270313 0.373437 0.071875 0.109375
6 0.320312 0.526563 0.056250 0.075000
6 0.762500 0.456250 0.068750 0.103125
6 0.671875 0.375781 0.034375 0.060937
6 0.113281 0.009375 0.054688 0.018750