275.0000037987047 101 260.27599779081356 101 260.27600399407675 90.644 274.9999991835648 90.644 corroded-part 0
249.33034605441208 48.89250750580543 257.0041284689796 61.35001386237559 227.20328616669576 79.7071602510126 219.52951542596566 67.24966411100439 severe-corrosion 0
206.36359613548848 50.65009176244545 201.40242117144226 35.07184889435291 231.2570551916724 25.564104882210373 236.21823383771698 41.14234070663681 severe-corrosion 0
345.0043656097114 232.95137569476532 324.4785579643212 170.06277002581965 634.9733363964333 68.72159251628881 655.4997782203282 131.6090542789443 severe-corrosion 0
485 93 493 93 493 114 485 114 mild-corrosion 0
556 19 563 19 563 25 556 25 mild-corrosion 0
452 21 460 21 460 27 452 27 mild-corrosion 0
362 39 370 39 370 45 362 45 mild-corrosion 0
604 51 638 51 638 65 604 65 mild-corrosion 0
453 91 475 91 475 107 453 107 moderate-corrosion 0
345.0011330311827 548.92 272.56263380215387 548.92 272.56483065102657 390.58 344.99943863629596 390.58 severe-corrosion 0
7.435444098737207 321.5269662508166 136.1195809471974 284.54087322302433 234.72734713403042 627.5751755109774 106.04423324672098 664.5589072762465 severe-corrosion 0
-27.392420624746592 454.2004085390571 12.506036717168172 437.80486004921556 94.72885658040468 637.8517741890887 54.830802384603885 654.2465908457962 severe-corrosion 0
302.81719584010716 251.69059928997268 454.24920862395084 492.16509776165015 192.7778608547669 656.7785868240804 41.35954065415717 416.3161459563802 moderate-corrosion 0
377.08318096454605 382.47027666826966 349.1164243836829 345.01899795211847 400.3855917880719 306.7372426008702 428.3522332031134 344.1882180079708 severe-corrosion 0
470.2668842487037 275.2467407695612 484.47484427881136 274.7235135265593 485.497382452304 302.4883221939765 471.2894225150376 303.01154787776983 severe-corrosion 0