7 0.140625 0.439844 0.281250 0.379688
6 0.770312 0.015625 0.281250 0.031250
6 0.785937 0.289062 0.250000 0.100000
7 0.014063 0.877344 0.028125 0.051562
7 0.054688 0.825000 0.012500 0.012500
7 0.249219 0.835938 0.020313 0.015625
6 0.252344 0.889062 0.010937 0.006250
6 0.113281 0.942187 0.010937 0.009375
6 0.273438 0.945312 0.012500 0.009375
6 0.367188 0.857812 0.015625 0.009375
6 0.020313 0.993750 0.040625 0.012500
6 0.259375 0.799219 0.015625 0.007812
6 0.339844 0.792188 0.017188 0.015625
6 0.190625 0.704688 0.009375 0.009375
6 0.202344 0.789062 0.014063 0.009375
9 0.583096 0.862219 0.406817 0.275563