9 0.198253 0.052918 0.023798 0.042565
7 0.440625 0.139063 0.050000 0.053125
7 0.750781 0.485938 0.032813 0.046875
7 0.675000 0.208594 0.028125 0.045312
7 0.946094 0.033594 0.064062 0.067187
7 0.872656 0.017188 0.032813 0.034375
6 0.523438 0.433594 0.025000 0.029687
6 0.614062 0.017188 0.012500 0.028125
6 0.364063 0.031250 0.015625 0.018750
6 0.347656 0.144531 0.035937 0.057813
7 0.354687 0.256250 0.018750 0.025000
6 0.663281 0.056250 0.020313 0.025000
6 0.821094 0.015625 0.032813 0.031250
6 0.789844 0.045312 0.023438 0.028125
6 0.822656 0.207031 0.020313 0.042188
6 0.779687 0.312500 0.015625 0.018750
6 0.396875 0.487500 0.018750 0.028125
6 0.363281 0.503906 0.010937 0.010937
6 0.578125 0.177344 0.012500 0.017188
6 0.714063 0.192969 0.018750 0.017188
6 0.352344 0.342187 0.017188 0.021875
6 0.625000 0.243750 0.028125 0.025000
6 0.832031 0.493750 0.020313 0.018750
6 0.865625 0.258594 0.012500 0.017188
6 0.984375 0.192188 0.015625 0.009375
6 0.989062 0.064844 0.012500 0.017188
6 0.664062 0.478125 0.021875 0.028125
6 0.673438 0.390625 0.012500 0.012500
6 0.646875 0.118750 0.018750 0.025000
6 0.547656 0.140625 0.010937 0.012500
6 0.762500 0.396875 0.009375 0.021875
6 0.995313 0.417969 0.009375 0.014063
6 0.035156 0.757812 0.032813 0.034375
6 0.165625 0.756250 0.006250 0.012500
6 0.242188 0.759375 0.015625 0.015625
6 0.309375 0.762500 0.012500 0.018750