7 0.148086 0.204687 0.205788 0.409374
6 0.391406 0.286719 0.023438 0.017188
6 0.271875 0.231250 0.025000 0.025000
6 0.327344 0.380469 0.017188 0.017188
6 0.425000 0.353125 0.012500 0.012500
7 0.707031 0.370312 0.045312 0.068750
7 0.763281 0.187500 0.023438 0.037500
7 0.770312 0.247656 0.031250 0.042188
7 0.959375 0.125000 0.021875 0.040625
7 0.935937 0.282813 0.025000 0.043750
7 0.898438 0.237500 0.021875 0.021875
6 0.625000 0.104688 0.018750 0.028125
6 0.828906 0.368750 0.026562 0.031250
9 0.259375 0.787500 0.518750 0.425000
7 0.468750 0.429688 0.100000 0.040625
7 0.228125 0.504687 0.168750 0.190625
7 0.011719 0.453906 0.023438 0.089063
6 0.481250 0.489063 0.075000 0.059375
6 0.352344 0.488281 0.054688 0.135937
9 0.775781 0.704688 0.326562 0.590625