7 0.136719 0.008594 0.023438 0.017188
6 0.335156 0.371875 0.026562 0.046875
6 0.003125 0.378906 0.006250 0.023438
6 0.127344 0.337500 0.017188 0.015625
6 0.139063 0.221875 0.021875 0.025000
6 0.094531 0.250000 0.014063 0.018750
6 0.439063 0.412500 0.015625 0.034375
6 0.237500 0.009375 0.043750 0.018750
6 0.232813 0.100000 0.040625 0.043750
6 0.064844 0.017969 0.014063 0.020313
6 0.288281 0.320312 0.014063 0.015625
6 0.116406 0.131250 0.007812 0.012500
9 0.754687 0.193425 0.490625 0.136850
6 0.298010 0.804919 0.095628 0.104649
9 0.668750 0.492969 0.131250 0.110937
9 0.754687 0.808594 0.490625 0.382812
7 0.867561 0.525427 0.163010 0.271044