9 0.345819 0.331202 0.019763 0.076900
9 0.514062 0.225000 0.087500 0.450000
9 0.728125 0.247656 0.081250 0.404687
9 0.926562 0.372656 0.081250 0.154688
9 0.939844 0.085938 0.082812 0.171875
9 0.636719 0.053906 0.089063 0.107813
6 0.821094 0.030469 0.048438 0.060937
7 0.829688 0.185938 0.053125 0.071875
6 0.825000 0.321875 0.040625 0.115625
7 0.828125 0.421875 0.037500 0.056250
6 0.923438 0.230469 0.034375 0.067187
9 0.626563 0.281250 0.115625 0.337500
3 0.182159 0.519059 0.361228 0.138117
9 0.566001 0.826798 0.313252 0.346405