0 0 320 0 320 294 0 294 severe-corrosion 0
473.5106218884903 279.0002711726778 473.51129137314274 144.66972214974308 580.9998640044068 144.67040631162553 581.0003360177507 278.9998019517275 corroded-part 0
635.0001415237057 116.00000000000006 534.0299407600833 116 534.030190789781 0 634.9999135988764 7.951386703658792e-15 corroded-part 0
320 26.159 355.21900000000005 26.159 355.21900000000005 112.69400000000002 320 112.69400000000002 corroded-part 0
-7.569467685680138 568.5020051996645 4.355107306910213 514.500268279619 85.17817441417719 532.3432718659136 73.2546472667309 586.3441024321646 severe-corrosion 0
320.0004919892672 510.01300000000003 289.39957986964146 510.01300000000003 289.4001108007069 406.311 319.9999483132706 406.311 severe-corrosion 0
198.70099999854574 293.9997017193286 198.70150430760987 393.9590241361235 169.5491299826972 393.95894485364386 169.54899999996996 294.00000000003524 severe-corrosion 0
229 506 301 506 301 544 229 544 severe-corrosion 0
426.7985466673417 393.9630128600262 428.04242697566224 444.8093448092229 320.5817712150747 447.4366380456376 319.3387680008891 396.59117208242463 severe-corrosion 0
640.0004641323903 344.5760000000001 561.875 344.5760000000001 561.8754722651647 294 640 294 moderate-corrosion 0
362.48206612610375 472.9456606330206 365.4825393407373 497.7716302927 324.358268349024 502.7407834065929 321.3579999999638 477.9149999999797 severe-corrosion 0
589.9861278344906 486.82000196334764 574.4126990876248 486.58081729428255 575.0417934069992 445.63281704253836 590.6149999999616 445.8719999999999 moderate-corrosion 0
522.6129999997647 293.99993934838227 522.6130381624534 305.2839711469327 501.5630117091496 305.2840053233374 501.56300000002375 293.9999999999725 mild-corrosion 0
503.8570005208021 379.663001541941 493.8342555048439 349.9874871292893 507.8372252754343 345.25854524323915 517.8600000000006 374.934000000029 mild-corrosion 0