9 0.119625 0.188381 0.072451 0.097384
9 0.264592 0.012776 0.062127 0.011517
9 0.146681 0.057740 0.016654 0.071972
9 0.189844 0.664844 0.379688 0.670312
7 0.685937 0.935156 0.209375 0.129688
7 0.782813 0.430469 0.225000 0.201563
6 0.522656 0.975781 0.085938 0.048438
6 0.993750 0.698438 0.012500 0.056250
6 0.916406 0.800000 0.026562 0.043750
6 0.853906 0.910156 0.035937 0.054688
6 0.877344 0.983594 0.029687 0.032813
6 0.706250 0.589063 0.018750 0.025000
6 0.575000 0.525781 0.018750 0.039062
6 0.435937 0.552344 0.025000 0.048438
6 0.521094 0.912500 0.026562 0.034375
6 0.775781 0.717187 0.026562 0.034375