7 0.285938 0.374219 0.056250 0.057813
7 0.023438 0.092969 0.046875 0.039062
7 0.009375 0.167969 0.018750 0.045312
7 0.110937 0.207813 0.028125 0.021875
7 0.022656 0.315625 0.045312 0.078125
6 0.060937 0.062500 0.025000 0.018750
9 0.563281 0.214844 0.367188 0.429688
7 0.007031 0.710938 0.014063 0.025000
6 0.375000 0.505469 0.009375 0.010937
6 0.235937 0.534375 0.012500 0.009375
6 0.215625 0.455469 0.018750 0.014063
6 0.157812 0.442188 0.012500 0.012500
6 0.081250 0.618750 0.012500 0.018750
6 0.157812 0.779687 0.021875 0.015625
7 0.375781 0.623437 0.007812 0.025000