252.00365140124632 399.00000000000006 -0.003253463073633611 399 0.0055656175391050056 52.953999999999866 251.9963423631998 52.953999999999866 severe-corrosion 0
239.53087046014844 405.0720376168358 247.56394414500392 434.6582570631854 146.97772754305333 461.96405450395736 138.94523157221556 432.37833053070597 severe-corrosion 0
255.97599604530842 441.00020495540656 255.97772769484436 258.90815078521155 300.0006876917905 258.909000013653 300 440.9999999999675 severe-corrosion 0
273.483 0 300 0 300 165 273.483 165 severe-corrosion 0
300.0000102755439 160 284.4039934242028 160 284.4040095102537 145.15100000000007 300 145.15100000000007 moderate-corrosion 0
535.0000200306386 275 513.9429843338439 275 513.9430197249749 260.2660000000001 534.9999935852247 260.2660000000001 corroded-part 0
493.30380099178 317.1562563253728 484.630776346894 344.07273988356894 431.7218226374098 327.02555292928713 440.3949413148075 300.1092515865431 severe-corrosion 0
448.5747888642072 352.8561112900435 439.92915980874386 380.50802680974465 389.2442300163384 364.6621943527533 397.8899663950142 337.010475010861 severe-corrosion 0
145 489 250 489 250 607 145 607 mild-corrosion 0
552.00131691352 605 456.58317955931125 605 456.5863556935801 470.7729999999999 551.9992974257184 470.7729999999999 severe-corrosion 0
377.2344219437218 639.9999550998323 352.30924038805824 640.7870077956054 345.99999999998545 441.00000000000057 370.92313892215316 440.21298001514566 mild-corrosion 0