7 0.249932 0.279361 0.436289 0.482932
6 0.493750 0.479687 0.053125 0.034375
6 0.404687 0.013281 0.025000 0.026562
9 0.972656 0.118750 0.054688 0.237500
9 0.787500 0.492188 0.081250 0.075000
9 0.790625 0.375781 0.065625 0.139063
9 0.591406 0.264844 0.064062 0.529687
9 0.775000 0.203906 0.081250 0.182812
7 0.898438 0.422656 0.053125 0.129688
6 0.894531 0.259375 0.048438 0.075000
7 0.887500 0.100000 0.053125 0.071875
6 0.793750 0.053906 0.034375 0.067187
7 0.684375 0.239063 0.128125 0.478125
9 0.400000 0.764844 0.146875 0.470313
9 0.146875 0.764844 0.215625 0.470313
7 0.503125 0.971875 0.075000 0.056250
7 0.530469 0.607031 0.057813 0.148438
7 0.779583 0.926798 0.035491 0.110275