6 0.220312 0.480469 0.018750 0.017188
6 0.242969 0.300000 0.014063 0.009375
6 0.150000 0.048438 0.018750 0.009375
6 0.121875 0.410938 0.009375 0.009375
7 0.805469 0.426563 0.139063 0.100000
7 0.540625 0.473438 0.165625 0.031250
7 0.435937 0.403125 0.071875 0.056250
7 0.673438 0.071875 0.187500 0.059375
7 0.792188 0.189062 0.115625 0.093750
7 0.628125 0.281250 0.071875 0.043750
7 0.456250 0.191406 0.112500 0.085938
6 0.976562 0.185156 0.046875 0.045312
6 0.760938 0.285156 0.081250 0.045312
6 0.638281 0.335938 0.039062 0.031250