175.61737673531752 -1.6245575924864053 203.68913640901155 0.8015038994301997 191.83557873046084 137.95761950814634 163.76382000540616 135.53156702718883 severe-corrosion 0
0 0 332 0 332 116.52100000000002 0 116.52100000000002 severe-corrosion 0
522.5238225993235 83.64172260720045 517.386888394467 154.006352592441 406.22517434792826 145.89065717827935 411.3624137215811 75.52632435681052 severe-corrosion 0
418.7681718936801 48.24507541998308 379.16128893761197 57.043510315511554 367.0606866707385 2.57161072031091 406.66753498291655 -6.226820567751174 severe-corrosion 0
332 0 368.808 0 368.808 117.059 332 117.059 severe-corrosion 0
377 106 403 106 403 134 377 134 mild-corrosion 0
370 44 392 44 392 86 370 86 mild-corrosion 0
610 28 624 28 624 45 610 45 mild-corrosion 0
571 46 583 46 583 66 571 66 mild-corrosion 0
498 141 521 141 521 153 498 153 mild-corrosion 0
6 153 320 153 320 473 6 473 severe-corrosion 0
327 271 332 271 332 316 327 316 mild-corrosion 0
320.8352010622184 383.4647120976849 334.63496023665357 306.3034175916691 571.1803347514069 348.6006291427703 557.3834069729492 425.7594927482529 severe-corrosion 0