325 537 377 537 377 574 325 574 moderate-corrosion 0
372 373 461 373 461 437 372 437 moderate-corrosion 0
505 504 577 504 577 550 505 550 moderate-corrosion 0
489 470 529 470 529 502 489 502 moderate-corrosion 0
356 476 480 476 480 522 356 522 moderate-corrosion 0
194 426 300 426 300 520 194 520 moderate-corrosion 0
129 373 203 373 203 409 129 409 moderate-corrosion 0
136 498 158 498 158 516 136 516 moderate-corrosion 0
0 229 37 229 37 260 0 260 moderate-corrosion 0
92 158 140 158 140 214 92 214 moderate-corrosion 0
272 159 392 159 392 197 272 197 moderate-corrosion 0
371 223 445 223 445 283 371 283 moderate-corrosion 0
280 298 326 298 326 326 280 326 moderate-corrosion 0
83 9 139 9 139 51 83 51 moderate-corrosion 0
192 42 218 42 218 61 192 61 moderate-corrosion 0
223 55 279 55 279 85 223 85 moderate-corrosion 0
69 75 105 75 105 99 69 99 moderate-corrosion 0
256 535 295 535 295 557 256 557 moderate-corrosion 0
133 227 229 227 229 283 133 283 moderate-corrosion 0
442.0963895753084 18.486146367545686 451.4985721986159 31.634376935641004 256.741463214712 170.90212643821317 247.339396033276 157.7540039311542 moderate-corrosion 0
512 236 562 236 562 265 512 265 mild-corrosion 0
362 300 414 300 414 329 362 329 mild-corrosion 0
297 337 322 337 322 357 297 357 mild-corrosion 0
606 482 632 482 632 498 606 498 mild-corrosion 0
496 582 540 582 540 620 496 620 moderate-corrosion 0