6 0.166406 0.256250 0.004687 0.025000
6 0.143750 0.046094 0.006250 0.017188
6 0.128125 0.251563 0.009375 0.028125
6 0.141406 0.257812 0.007812 0.015625
6 0.157031 0.224219 0.007812 0.014063
6 0.100000 0.189062 0.012500 0.015625
6 0.085938 0.217188 0.009375 0.015625
6 0.043750 0.212500 0.012500 0.012500
6 0.070312 0.190625 0.006250 0.006250
6 0.093750 0.170313 0.006250 0.006250
6 0.101562 0.157812 0.009375 0.006250
6 0.120313 0.123438 0.006250 0.012500
6 0.128125 0.173437 0.003125 0.009375
6 0.005469 0.170313 0.004687 0.009375
6 0.001563 0.089063 0.003125 0.012500
6 0.012500 0.098437 0.006250 0.009375
6 0.004687 0.114844 0.006250 0.014063
6 0.096094 0.260937 0.017188 0.018750
6 0.111719 0.249219 0.007812 0.014063
9 0.674219 0.206250 0.217188 0.287500
9 0.355469 0.175000 0.373437 0.350000
9 0.941406 0.175000 0.117188 0.350000
7 0.091352 0.667430 0.154795 0.191247
6 0.292187 0.591406 0.053125 0.085938
7 0.389844 0.442969 0.235937 0.179688
6 0.738281 0.715625 0.029687 0.062500
6 0.962500 0.646094 0.025000 0.048438