7 0.211719 0.432812 0.051562 0.034375
7 0.312500 0.401562 0.059375 0.043750
7 0.119531 0.023438 0.073438 0.034375
7 0.437500 0.007031 0.034375 0.014063
6 0.450781 0.193750 0.017188 0.050000
6 0.264062 0.259375 0.090625 0.028125
6 0.171094 0.312500 0.057813 0.034375
6 0.137500 0.264844 0.034375 0.035937
6 0.134375 0.170313 0.031250 0.018750
7 0.296875 0.140625 0.037500 0.028125
7 0.250000 0.128125 0.040625 0.028125
6 0.356250 0.079687 0.028125 0.015625
6 0.225781 0.086719 0.023438 0.026562
6 0.010156 0.178125 0.020313 0.037500
7 0.164062 0.393750 0.056250 0.031250
7 0.244531 0.350000 0.029687 0.040625
7 0.307031 0.303125 0.045312 0.034375
6 0.057813 0.304688 0.031250 0.046875
6 0.214062 0.193750 0.025000 0.025000
6 0.454688 0.275000 0.009375 0.015625
6 0.185938 0.055469 0.015625 0.017188
6 0.295312 0.340625 0.031250 0.018750
6 0.445312 0.348438 0.021875 0.018750
6 0.303906 0.015625 0.017188 0.031250
6 0.282813 0.075000 0.021875 0.012500
6 0.398438 0.247656 0.018750 0.010937
6 0.110156 0.207813 0.023438 0.012500
6 0.187500 0.184375 0.018750 0.012500
7 0.878125 0.167187 0.056250 0.056250
7 0.701562 0.006250 0.028125 0.012500
7 0.609375 0.110937 0.056250 0.078125
6 0.828125 0.286719 0.037500 0.026562
6 0.602344 0.446875 0.032813 0.006250
9 0.366406 0.814063 0.185938 0.259375
9 0.729688 0.825781 0.540625 0.151562
9 0.729688 0.582812 0.540625 0.146875
7 0.484375 0.688281 0.050000 0.064062
7 0.859375 0.719531 0.128125 0.045312