306.23391689259734 80.81094795583249 299.3789517987898 51.24252386476704 380.99076336096914 32.32213777025401 387.84576267629745 61.89050633495988 severe-corrosion 0
191.05900206093793 326.68069741008566 203.80653611056914 341.37197810962266 74.66218167443003 453.4164079669938 61.91502993897302 438.7254903614599 severe-corrosion 0
310.6313469196175 82.77787182674388 344.778762906717 97.35034639627057 249.56428066754597 320.4588864664247 215.4170211219025 305.8866705643637 severe-corrosion 0
121 249 140 249 140 266 121 266 mild-corrosion 0
140 243 153 243 153 256 140 256 mild-corrosion 0
46 353 63 353 63 374 46 374 mild-corrosion 0
73 356 84 356 84 368 73 368 mild-corrosion 0
89 355 113 355 113 382 89 382 mild-corrosion 0
147 311 169 311 169 335 147 335 mild-corrosion 0
108 341 130 341 130 354 108 354 mild-corrosion 0
131 25 145 25 145 38 131 38 mild-corrosion 0
223 119 240 119 240 140 223 140 mild-corrosion 0
237 0 254 0 254 3 237 3 mild-corrosion 0
246 31 260 31 260 60 246 60 mild-corrosion 0
235 76 248 76 248 90 235 90 mild-corrosion 0
243 52 254 52 254 65 243 65 mild-corrosion 0
291 124 303 124 303 141 291 141 mild-corrosion 0
268 116 277 116 277 130 268 130 mild-corrosion 0
273 38 287 38 287 58 273 58 mild-corrosion 0
285 0 300 0 300 5 285 5 mild-corrosion 0
343 1 360 1 360 24 343 24 mild-corrosion 0
255 140 266 140 266 149 255 149 mild-corrosion 0
265 154 274 154 274 165 265 165 mild-corrosion 0
74 455 90 455 90 475 74 475 mild-corrosion 0
98 478 107 478 107 492 98 492 mild-corrosion 0