9 0.162500 0.768750 0.043750 0.084375
9 0.343750 0.820312 0.150000 0.165625
9 0.328125 0.651563 0.053125 0.075000
9 0.678125 0.778906 0.021875 0.092188
7 0.478125 0.440625 0.053125 0.021875
7 0.467187 0.585938 0.050000 0.068750
7 0.111719 0.443750 0.026562 0.028125
7 0.189844 0.467187 0.054688 0.075000
7 0.271094 0.993750 0.029687 0.012500
7 0.570312 0.779687 0.031250 0.056250
7 0.610938 0.702344 0.037500 0.060937
7 0.644531 0.536719 0.020313 0.023438
7 0.591406 0.535937 0.023438 0.043750
6 0.304688 0.546875 0.050000 0.056250
6 0.248438 0.497656 0.021875 0.029687
6 0.539062 0.490625 0.021875 0.040625
6 0.373437 0.539062 0.043750 0.053125
7 0.077344 0.692187 0.039062 0.050000
6 0.470313 0.499219 0.037500 0.054688
6 0.370312 0.664844 0.034375 0.142187
6 0.471875 0.825000 0.078125 0.181250
6 0.251563 0.664062 0.062500 0.115625
7 0.971875 0.682031 0.056250 0.504687