28.544 0 332 0 332 33.403 28.544 33.403 severe-corrosion 0
401.51748985816084 112.54249931426914 491.41804960505397 119.61300457607082 482.19450591765053 236.88680480863442 392.293950775711 229.81635420084726 severe-corrosion 0
234 382 262 382 262 410 234 410 severe-corrosion 0
265 372 289 372 289 396 265 396 severe-corrosion 0
293 379 320 379 320 407 293 407 severe-corrosion 0
-13.807200481605832 454.7148770905244 141.55500899607432 394.9792064973869 221.39788496111578 602.5998093531887 66.03704807937902 662.3328606914948 severe-corrosion 0
333.01635283183714 315.68812574396134 381.2271459835756 315.96720547274265 379.34990449888573 640.2112473116189 331.1391112563433 639.9321836792033 severe-corrosion 0
492 262 502 262 502 296 492 296 moderate-corrosion 0
489 345 518 345 518 403 489 403 moderate-corrosion 0
587 494 601 494 601 544 587 544 moderate-corrosion 0
488 591 501 591 501 637 488 637 moderate-corrosion 0