147.0001182309352 285.01700000000005 110.7548860937095 285.01700000000005 110.75507764333452 241.71799999999996 146.9999999999709 241.71799999999996 severe-corrosion 0
55.29765526924166 257.8416919835792 72.58033282581891 302.5099420769506 16.017901722952956 324.39286305104105 -1.264431523741223 279.7249039524774 severe-corrosion 0
147 225.23699999999997 640 225.23699999999997 640 428 147 428 severe-corrosion 0
640.0003781479609 189.68600000000004 586.2517869487783 189.68599999999998 586.2523169232736 -4.770832022195275e-14 640 -3.180554681463517e-14 severe-corrosion 0
594.2730000000302 -0.000021645733523529505 594.2730195487093 57.949003495539415 532.431980208712 57.9489841725368 532.4319999999716 -1.025728884771984e-11 moderate-corrosion 0
452 126 498 126 498 169 452 169 mild-corrosion 0
147 0 220 0 220 100 147 100 mild-corrosion 0
147 122 179 122 179 187 147 187 mild-corrosion 0
236 115 328 115 328 178 236 178 mild-corrosion 0
387 101 419 101 419 183 387 183 mild-corrosion 0
527 81 541 81 541 117 527 117 mild-corrosion 0
0 428 147 428 147 494.891 0 494.891 severe-corrosion 0
506.48016382197966 502.1337604357822 483.65197259830893 492.7661972146472 495.70216700631136 463.4060896143768 518.5301271616481 472.77359912792974 severe-corrosion 0
353.7594994929532 545.4861305175766 326.6869437768037 544.7372527504324 329.4741803427314 444.01333288680087 356.5457307664474 444.76219672234214 severe-corrosion 0
348.626633167878 638.9315309727594 285.32373747562815 643.5178349092707 278.5870000000432 550.5399999999979 341.8872949978686 545.9537906544382 severe-corrosion 0
216.7289972326398 427.9998587255775 216.72921786492225 471.43101027410216 194.59506040191627 471.43099198809136 194.59499999997206 428.0000000000151 severe-corrosion 0