7 0.234375 0.326562 0.468750 0.159375
9 0.492969 0.246094 0.048438 0.210938
9 0.513281 0.448437 0.073438 0.140625
9 0.109375 0.710156 0.084375 0.110937
9 0.165625 0.861719 0.068750 0.104688
9 0.142187 0.959375 0.040625 0.053125
9 0.421875 0.877344 0.093750 0.179688
9 0.455469 0.992969 0.026562 0.014063
7 0.363281 0.759375 0.029687 0.075000
7 0.345313 0.554688 0.031250 0.031250
7 0.317188 0.660937 0.037500 0.043750
7 0.029687 0.771875 0.012500 0.025000
7 0.018750 0.716406 0.021875 0.020313
6 0.242648 0.957942 0.031456 0.033578
6 0.008068 0.987040 0.016136 0.025920
6 0.279687 0.549219 0.031250 0.020313
6 0.081250 0.979688 0.012500 0.037500
6 0.431250 0.723437 0.012500 0.025000