7 0.087500 0.249219 0.037500 0.039062
7 0.199219 0.304688 0.017188 0.056250
7 0.314063 0.089844 0.025000 0.029687
6 0.557031 0.323437 0.104688 0.031250
6 0.414062 0.092969 0.043750 0.039062
6 0.408594 0.006250 0.039062 0.012500
6 0.512500 0.153125 0.034375 0.056250
6 0.053125 0.056250 0.015625 0.025000
6 0.005469 0.296875 0.010937 0.028125
6 0.065625 0.287500 0.018750 0.018750
6 0.114062 0.313281 0.015625 0.017188
6 0.219531 0.279687 0.020313 0.015625
6 0.315625 0.304688 0.012500 0.015625
6 0.240625 0.075000 0.012500 0.021875
9 0.814844 0.169531 0.370312 0.339062