-9.435892339097336 565.4208324950142 16.392999999952735 351.97000000002157 665.3314623697952 430.45136038219715 639.5313375634578 643.8769320250831 severe-corrosion 0
640.0012210416753 393.82799999999986 580.8222590316291 393.82799999999986 580.8237219066359 192.8999999999999 640 192.8999999999999 moderate-corrosion 0
599.3249406030372 77.1275316713413 559.3480249225104 387.7670137935974 445.8795992541127 373.16333847731124 485.8589999999822 62.52700000000481 severe-corrosion 0
640.0002557919652 203.8990000000001 593.4328314972663 203.8990000000001 593.433161949215 77.668 639.9999901164847 77.66800000000002 moderate-corrosion 0
422.30338564666454 76.98618609174449 505.2669244851859 69.08072729656575 521.7317793290567 241.867938369279 438.768250547364 249.7733149982611 moderate-corrosion 0
358 298 406 298 406 347 358 347 mild-corrosion 0
7 116 125 116 125 243 7 243 mild-corrosion 0
33 254 87 254 87 325 33 325 mild-corrosion 0
142 259 237 259 237 334 142 334 mild-corrosion 0
291 265 327 265 327 351 291 351 mild-corrosion 0
233 61 262 61 262 127 233 127 mild-corrosion 0
265 107 281 107 281 134 265 134 mild-corrosion 0
292 125 302 125 302 145 292 145 mild-corrosion 0
431 263 447 263 447 300 431 300 mild-corrosion 0
570 181 596 181 596 239 570 239 moderate-corrosion 0
163.35664668928075 25.03363544948516 152.48858297229162 112.8851666384415 43.67942610253522 99.42424335098337 54.54767976596486 11.572916542290855 severe-corrosion 0
381.72862299514236 61.351765818680946 370.86289593389665 145.5629162329099 264.06030927581014 131.78198534107486 274.9263167427853 47.571180892820365 severe-corrosion 0