7 0.726562 0.050000 0.050000 0.053125
7 0.960938 0.119531 0.028125 0.045312
6 0.809375 0.344531 0.025000 0.029687
6 0.864062 0.088281 0.012500 0.017188
6 0.994531 0.102344 0.010937 0.017188
6 0.910937 0.154688 0.028125 0.025000
6 0.959375 0.301563 0.012500 0.012500
6 0.932813 0.029687 0.018750 0.025000
6 0.833594 0.051562 0.010937 0.012500
6 0.179688 0.453125 0.262500 0.100000
7 0.604505 0.918992 0.035410 0.183569
6 0.513281 0.948438 0.039062 0.018750
6 0.659375 0.525000 0.012500 0.015625
6 0.650000 0.652344 0.018750 0.026562
9 0.803125 0.506250 0.121875 0.053125
9 0.716406 0.668750 0.054688 0.071875
7 0.763941 0.832933 0.149756 0.334134