276.1801030497736 145.26600603344232 234.47649304573133 142.82430884471185 242.10529390504234 12.529266072121018 283.80863462240086 14.970956318986042 severe-corrosion 0
25.96006954794575 230.15316519298716 28.378072439154494 215.381031179042 52.52796849817969 219.33389892617157 50.10999956371961 234.1060026654519 severe-corrosion 0
294 204 331 204 331 260 294 260 severe-corrosion 0
195.9662472626951 287.99573906625744 195.97297438202077 583.612182271629 -0.0022717135288985446 583.6094662791427 0.0003734562051249668 288.00275758626185 severe-corrosion 0
464 505 468 505 468 511 464 511 mild-corrosion 0
496 502 498 502 498 508 496 508 mild-corrosion 0
482 481 484 481 484 485 482 485 mild-corrosion 0
440 600 442 600 442 606 440 606 mild-corrosion 0
608 454 613 454 613 464 608 464 mild-corrosion 0
597 485 607 485 607 505 597 505 mild-corrosion 0
607 620 610 620 610 626 607 626 mild-corrosion 0
550 291 559 291 559 307 550 307 mild-corrosion 0
423 424 427 424 427 431 423 431 mild-corrosion 0
541 432 557 432 557 451 541 451 mild-corrosion 0
504 387 509 387 509 395 504 395 mild-corrosion 0