7 0.120313 0.008594 0.028125 0.017188
6 0.005469 0.110937 0.010937 0.034375
6 0.410938 0.478906 0.025000 0.057813
6 0.292969 0.241406 0.017188 0.026562
6 0.482812 0.301563 0.018750 0.050000
7 0.030469 0.460938 0.054688 0.081250
7 0.007812 0.357031 0.015625 0.064062
7 0.128906 0.264062 0.032813 0.065625
7 0.246094 0.246094 0.042188 0.082812
7 0.269531 0.135937 0.039062 0.053125
7 0.192188 0.071875 0.050000 0.065625
7 0.562500 0.446875 0.034375 0.078125
7 0.475781 0.367188 0.039062 0.043750
6 0.376563 0.285156 0.018750 0.039062
7 0.521875 0.081250 0.034375 0.059375
7 0.135937 0.450000 0.037500 0.084375
7 0.196094 0.358594 0.064062 0.092188
7 0.145313 0.548438 0.075000 0.062500
7 0.228906 0.488281 0.107813 0.132812
6 0.337500 0.514062 0.046875 0.068750
6 0.006250 0.546094 0.012500 0.051562
6 0.557031 0.661719 0.045312 0.114062
6 0.407031 0.885156 0.032813 0.029687
6 0.489844 0.846094 0.045312 0.039062
3 0.843485 0.750560 0.615378 0.085316