529 101 592 101 592 179 529 179 moderate-corrosion 0
273 441 355 441 355 571 273 571 moderate-corrosion 0
200 442 242 442 242 528 200 528 moderate-corrosion 0
133 468 175 468 175 526 133 526 mild-corrosion 0
138 243 171 243 171 291 138 291 mild-corrosion 0
191 270 228 270 228 313 191 313 mild-corrosion 0
269 378 285 378 285 406 269 406 mild-corrosion 0
623 528 640 528 640 584 623 584 mild-corrosion 0
588 489 606 489 606 523 588 523 mild-corrosion 0
0 454 22 454 22 487 0 487 mild-corrosion 0
98 525 128 525 128 562 98 562 mild-corrosion 0
518 309 538 309 538 351 518 351 mild-corrosion 0
469 233 507 233 507 271 469 271 mild-corrosion 0
565 271 585 271 585 298 565 298 mild-corrosion 0
530 500 547 500 547 526 530 526 mild-corrosion 0
544 373 557 373 557 389 544 389 mild-corrosion 0
18 79 32 79 32 98 18 98 mild-corrosion 0
362 556 379 556 379 578 362 578 mild-corrosion 0
364 386 376 386 376 418 364 418 mild-corrosion 0
632 432 640 432 640 456 632 456 mild-corrosion 0
626 252 640 252 640 294 626 294 mild-corrosion 0