9 0.145471 0.180561 0.076431 0.145276
7 0.762596 0.306050 0.023162 0.093232
7 0.959375 0.381250 0.028125 0.053125
7 0.991406 0.296094 0.017188 0.082812
7 0.086719 0.918750 0.029687 0.040625
7 0.006250 0.896094 0.012500 0.035937
7 0.547656 0.770312 0.042188 0.050000
7 0.892188 0.139063 0.015625 0.037500
6 0.654687 0.187500 0.028125 0.031250
6 0.571875 0.274219 0.018750 0.023438
6 0.675000 0.264062 0.021875 0.018750
6 0.722656 0.250000 0.020313 0.021875
6 0.856250 0.380469 0.021875 0.035937
6 0.312500 0.123438 0.012500 0.034375
6 0.015625 0.058594 0.028125 0.032813
6 0.135156 0.701562 0.014063 0.018750
6 0.092188 0.700000 0.015625 0.021875
6 0.307031 0.881250 0.045312 0.056250
6 0.497656 0.893750 0.035937 0.037500
7 0.659375 0.806250 0.025000 0.025000
6 0.748437 0.743750 0.059375 0.040625
6 0.294531 0.437500 0.023438 0.028125
6 0.481250 0.556250 0.046875 0.068750
7 0.085156 0.485938 0.042188 0.037500
7 0.010937 0.499219 0.021875 0.029687
6 0.267188 0.035937 0.021875 0.034375
6 0.346875 0.267969 0.012500 0.023438
6 0.100000 0.971875 0.018750 0.018750
6 0.927344 0.023438 0.014063 0.025000
6 0.481250 0.805469 0.025000 0.026562
6 0.603125 0.678125 0.056250 0.059375
6 0.659375 0.767969 0.018750 0.057813
6 0.009375 0.675000 0.018750 0.146875
6 0.068750 0.207031 0.025000 0.035937