307 581 314 581 314 591 307 591 mild-corrosion 0
286 583 297 583 297 599 286 599 mild-corrosion 0
297 585 305 585 305 603 297 603 mild-corrosion 0
286 449 292 449 292 460 286 460 mild-corrosion 0
334 456 339 456 339 462 334 462 mild-corrosion 0
345 492 351 492 351 499 345 499 mild-corrosion 0
260 577 267 577 267 595 260 595 mild-corrosion 0
269 585 275 585 275 595 269 595 mild-corrosion 0
281 564 287 564 287 573 281 573 mild-corrosion 0
245 539 254 539 254 550 245 550 mild-corrosion 0
235 556 242 556 242 566 235 566 mild-corrosion 0
207 553 216 553 216 562 207 562 mild-corrosion 0
229 542 234 542 234 547 229 547 mild-corrosion 0
245 530 250 530 250 534 245 534 mild-corrosion 0
250 522 256 522 256 526 250 526 mild-corrosion 0
265 500 269 500 269 508 265 508 mild-corrosion 0
267 533 270 533 270 540 267 540 mild-corrosion 0
-4.732429924115422 584.5343225736179 5.3283872918837005 514.2387723484012 378.03895475350146 567.5583858048547 367.98450231639436 637.8481562357116 severe-corrosion 0
170 540 175 540 175 549 170 549 mild-corrosion 0
174 535 180 535 180 542 174 542 mild-corrosion 0
189 525 193 525 193 531 189 531 mild-corrosion 0
162 560 168 560 168 571 162 571 mild-corrosion 0
155 559 160 559 160 566 155 566 mild-corrosion 0
141 558 151 558 151 571 141 571 mild-corrosion 0
344 510 347 510 347 516 344 516 mild-corrosion 0
190 472 196 472 196 480 190 480 mild-corrosion 0
198 479 202 479 202 485 198 485 mild-corrosion 0
192 488 197 488 197 497 192 497 mild-corrosion 0
148 529 153 529 153 538 148 538 mild-corrosion 0
153 522 159 522 159 528 153 528 mild-corrosion 0
151 500 156 500 156 506 151 506 mild-corrosion 0
140 506 145 506 145 511 140 511 mild-corrosion 0
125 520 130 520 130 528 125 528 mild-corrosion 0
236 584 248 584 248 597 236 597 mild-corrosion 0
250 578 256 578 256 587 250 587 mild-corrosion 0
172 511 177 511 177 517 172 517 mild-corrosion 0
152 508 165 508 165 520 152 520 mild-corrosion 0
89 430 93 430 93 437 89 437 mild-corrosion 0
26 502 31 502 31 507 26 507 mild-corrosion 0
62 548 68 548 68 555 62 555 mild-corrosion 0
53 550 57 550 57 556 53 556 mild-corrosion 0
73 318 77 318 77 325 73 325 mild-corrosion 0
80 312 83 312 83 317 80 317 mild-corrosion 0
97 331 100 331 100 336 97 336 mild-corrosion 0
98 401 103 401 103 413 98 413 mild-corrosion 0
68 402 73 402 73 411 68 411 mild-corrosion 0
334 307 338 307 338 313 334 313 mild-corrosion 0
366 306 369 306 369 312 366 312 mild-corrosion 0
355 284 357 284 357 289 355 289 mild-corrosion 0
299 399 302 399 302 405 299 405 mild-corrosion 0
483 265 489 265 489 275 483 275 mild-corrosion 0
468 296 481 296 481 317 468 317 mild-corrosion 0
363 559 367 559 367 566 363 566 mild-corrosion 0
365 500 372 500 372 513 365 513 mild-corrosion 0
379 491 386 491 386 501 379 501 mild-corrosion 0
410 507 415 507 415 516 410 516 mild-corrosion 0
407 551 413 551 413 561 407 561 mild-corrosion 0
402.85813881280774 552.2176158359024 442.9052733962453 569.2786261308679 407.7029386711365 651.8866686868296 367.6559999999881 634.8259999999946 severe-corrosion 0
424.8090253611008 618.1149387119335 407.38140023961023 594.0726915364485 515.4892671310517 515.7262530009979 532.9166855913354 539.7678462210247 severe-corrosion 0
492 538 496 538 496 553 492 553 mild-corrosion 0
485 542 489 542 489 550 485 550 mild-corrosion 0
473 547 481 547 481 557 473 557 mild-corrosion 0
485 512 489 512 489 520 485 520 mild-corrosion 0
464 487 468 487 468 495 464 495 mild-corrosion 0
456 493 459 493 459 498 456 498 mild-corrosion 0
457 510 460 510 460 516 457 516 mild-corrosion 0
454 511 456 511 456 515 454 515 mild-corrosion 0
468 508 470 508 470 512 468 512 mild-corrosion 0
470 510 473 510 473 514 470 514 mild-corrosion 0
431 538 437 538 437 556 431 556 mild-corrosion 0
421 520 425 520 425 526 421 526 mild-corrosion 0
427 520 429 520 429 523 427 523 mild-corrosion 0
438 516 440 516 440 520 438 520 mild-corrosion 0
455 536 458 536 458 541 455 541 mild-corrosion 0
466 538 470 538 470 545 466 545 mild-corrosion 0
462 533 463 533 463 537 462 537 mild-corrosion 0
460 535 463 535 463 540 460 540 mild-corrosion 0
461 540 464 540 464 545 461 545 mild-corrosion 0
521 522 523 522 523 525 521 525 mild-corrosion 0
523 528 526 528 526 530 523 530 mild-corrosion 0
434 555 442 555 442 566 434 566 mild-corrosion 0
448 458 453 458 453 467 448 467 mild-corrosion 0
439 486 441 486 441 491 439 491 mild-corrosion 0
436 487 439 487 439 491 436 491 mild-corrosion 0
434 483 437 483 437 488 434 488 mild-corrosion 0
432 479 434 479 434 484 432 484 mild-corrosion 0
429 460 432 460 432 465 429 465 mild-corrosion 0
419 508 422 508 422 513 419 513 mild-corrosion 0
418 500 421 500 421 504 418 504 mild-corrosion 0
464 431 468 431 468 437 464 437 mild-corrosion 0
443 98 454 98 454 115 443 115 mild-corrosion 0
302 222 307 222 307 229 302 229 mild-corrosion 0
418 238 436 238 436 258 418 258 mild-corrosion 0
386 191 392 191 392 200 386 200 mild-corrosion 0