0 145.327 307 145.327 307 262 0 262 severe-corrosion 0
399 216 410 216 410 238 399 238 moderate-corrosion 0
513 206 523 206 523 234 513 234 moderate-corrosion 0
608 73 626 73 626 98 608 98 moderate-corrosion 0
322 12 335 12 335 38 322 38 mild-corrosion 0
492 202 499 202 499 227 492 227 mild-corrosion 0
542 0 555 0 555 12 542 12 mild-corrosion 0
-0.0035272388777229935 639.9998321724279 0.00011775497114285827 526.0169123460297 126.01834717810561 526.0212313333844 126.01783506856009 640.0009639357944 severe-corrosion 0
83.49360402549792 428.481481843544 105.39342639633105 436.81784669005003 74.7240452330152 517.3740397387576 52.82428940765385 509.0378005585364 severe-corrosion 0
439.585999996998 261.9996408452725 439.5862672038493 293.4878558419047 384.1640695503884 293.4880522454624 384.16398252215004 262.0000154368855 severe-corrosion 0
473.99968205070763 348.4107692621907 596.2566333962604 355.4373406505328 586.8411326791829 519.2390997309501 464.5841985828156 512.2127120312633 severe-corrosion 0
613 344 640 344 640 377 613 377 moderate-corrosion 0
443 619 468 619 468 640 443 640 moderate-corrosion 0
523 579 535 579 535 599 523 599 mild-corrosion 0
512 536 530 536 530 554 512 554 mild-corrosion 0