236.00007047010877 154.00000000000003 174.73192267352715 154.00000000000003 174.73202831082745 126.16799999999999 235.99999916739762 126.16799999999999 corroded-part 0
559 15 576 15 576 46 559 46 moderate-corrosion 0
502 3 522 3 522 38 502 38 moderate-corrosion 0
579.6860000000015 177.2240000000108 588.1894701528654 171.31960029775203 599.610080358907 187.76707882542752 591.1066168354591 193.6714705026907 mild-corrosion 0
531.017704769547 91.74040916760322 548.6624899200979 86.08949210302436 557.1149447622884 112.48179206029238 539.4701622448338 118.13270320042074 moderate-corrosion 0
565.5343867852207 120.89493162210138 577.2941777755477 140.19405776891293 551.3712666173524 155.98974562085013 539.6115101130999 136.6906495408018 moderate-corrosion 0
509.8738937525195 99.32833607145054 504.20184086746303 114.70728765219441 491.8255651405343 110.14271111392132 497.4976214977505 94.76376748958171 mild-corrosion 0
459.06552065986034 163.68693590709063 444.72616273749736 160.82361917501453 449.80602509429445 135.3844479275637 464.1453434318828 138.2477606237503 moderate-corrosion 0
535.038948820511 195.59947960376917 505.25482083976385 200.83036559581984 497.3669666620117 155.91823947711788 527.1509205499024 150.6873691437752 moderate-corrosion 0
532.198680753645 250.23768076624347 511.5865956138441 248.59133926784648 514.5673779325443 211.27458007719267 535.1793317915144 212.92091632029351 moderate-corrosion 0
0 282.659 73 282.659 73 640 0 640 severe-corrosion 0
409 310 431 310 431 348 409 348 severe-corrosion 0
527 464 579 464 579 532 527 532 severe-corrosion 0
408 615 423 615 423 640 408 640 mild-corrosion 0
302.425531224726 510.3008912054161 248.53219023454585 522.1112354595384 221.92987277718203 400.7330913318696 275.8209999999963 388.9230000000054 mild-corrosion 0
357.6671134175558 515.573433534961 323.47450854351337 527.4647041024276 283.16777878404537 411.5830018572652 317.35899999999674 399.6920000000065 mild-corrosion 0
404 472 438 472 438 516 404 516 mild-corrosion 0
362 481 391 481 391 499 362 499 mild-corrosion 0
583 574 609 574 609 623 583 623 moderate-corrosion 0
564 575 580 575 580 599 564 599 mild-corrosion 0
386 384 406 384 406 396 386 396 mild-corrosion 0