500 190 526 190 526 221 500 221 moderate-corrosion 0
439 187 468 187 468 250 439 250 moderate-corrosion 0
505 272 540 272 540 305 505 305 moderate-corrosion 0
534 324 553 324 553 356 534 356 moderate-corrosion 0
477 308 500 308 500 345 477 345 moderate-corrosion 0
567.0280000000639 488.81599999998423 574.827115438602 483.1538010146812 587.5890950196481 500.7289924099618 579.7899988110294 506.3911687656962 mild-corrosion 0
512.891055081418 400.9852992497759 529.3885816544207 394.6981614522483 539.617930927343 421.536803895319 523.1204188733682 427.823914106767 moderate-corrosion 0
558.4509238685132 438.1303181875602 570.1440324867144 459.11025007748015 545.8005033808149 472.6758413663042 534.1075094795087 451.69600838074024 moderate-corrosion 0
493.1373379025172 406.22277085332365 486.95561557840847 420.48496540893547 473.8068481440132 414.7865316010008 479.98858018705505 400.5243682732151 mild-corrosion 0
530.2802198975405 511.2214632692836 501.81214915646706 518.1177580040508 490.99935845893924 473.4893642258312 519.4669708071888 466.59312745668467 severe-corrosion 0
512.3057959409198 534.7674399739834 533.5973032571928 530.5593162863061 541.2370960909902 569.2051951729211 519.9455986981775 573.4132848241263 severe-corrosion 0
479.7407221839967 622.9661771174008 474.979278344108 597.4383619532372 491.37780562123226 594.3805645514716 496.1393230124668 619.9082833964119 moderate-corrosion 0
78.91100000000733 640.0000000000011 78.91113092395244 626.5479699350977 105.73504595755367 626.5481817148121 105.73499999954947 640.0001269254935 moderate-corrosion 0
85.59185946251091 522.7741936036753 60.352713384709205 524.2014216758396 58.22754463923047 486.62396861341267 83.46633597742766 485.1967505769181 moderate-corrosion 0
59 537 71 537 71 550 59 550 mild-corrosion 0
82 327 93 327 93 339 82 339 mild-corrosion 0
40 409 48 409 48 417 40 417 mild-corrosion 0
100 418 109 418 109 432 100 432 mild-corrosion 0
67 376 81 376 81 389 67 389 mild-corrosion 0
74 435 80 435 80 444 74 444 mild-corrosion 0
55 393 68 393 68 416 55 416 mild-corrosion 0
312 271 322 271 322 290 312 290 moderate-corrosion 0
337 632 367 632 367 640 337 640 moderate-corrosion 0
113.00017209090583 630.0000172044433 85.37587280588923 627.2383320010725 89.73266521192272 583.6738710036705 117.35642809551791 586.4355293658866 severe-corrosion 0
461.9658678431733 482.7141173372781 434.62537794977834 478.34031695525096 441.62714776743087 434.5808482937833 468.9672339866229 438.95461585155573 severe-corrosion 0