6 0.115625 0.400781 0.028125 0.026562
6 0.143750 0.388281 0.018750 0.020313
6 0.005469 0.564063 0.010937 0.018750
6 0.034375 0.574219 0.034375 0.042188
6 0.138281 0.501563 0.032813 0.037500
6 0.070312 0.541406 0.034375 0.020313
6 0.200781 0.047656 0.020313 0.020313
6 0.312500 0.198437 0.025000 0.034375
6 0.372656 0.066406 0.020313 0.045312
6 0.342187 0.126562 0.018750 0.021875
6 0.360938 0.087500 0.015625 0.021875
6 0.410156 0.200781 0.017188 0.026562
6 0.376563 0.187500 0.012500 0.021875
6 0.411719 0.070312 0.020313 0.031250
6 0.446875 0.001563 0.021875 0.003125
6 0.532813 0.015625 0.025000 0.031250
6 0.352344 0.221094 0.017188 0.014063
6 0.360156 0.244531 0.014063 0.017188
6 0.003125 0.756250 0.006250 0.021875