194 305 199 305 199 313 194 313 mild-corrosion 0
174 308 183 308 183 313 174 313 mild-corrosion 0
186 309 192 309 192 313 186 313 mild-corrosion 0
159 176 164 176 164 186 159 186 mild-corrosion 0
208 180 212 180 212 186 208 186 mild-corrosion 0
223 214 227 214 227 222 223 222 mild-corrosion 0
148 304 153 304 153 313 148 313 mild-corrosion 0
157 311 162 311 162 313 157 313 mild-corrosion 0
167 290 172 290 172 300 167 300 mild-corrosion 0
129 268 137 268 137 278 129 278 mild-corrosion 0
121 286 127 286 127 295 121 295 mild-corrosion 0
93 284 101 284 101 292 93 292 mild-corrosion 0
112 272 117 272 117 276 112 276 mild-corrosion 0
127 259 131 259 131 262 127 262 mild-corrosion 0
131 251 136 251 136 255 131 255 mild-corrosion 0
144 227 147 227 147 235 144 235 mild-corrosion 0
150 260 152 260 152 267 150 267 mild-corrosion 0
54 274 59 274 59 283 54 283 mild-corrosion 0
57 269 63 269 63 276 57 276 mild-corrosion 0
71 258 74 258 74 264 71 264 mild-corrosion 0
49 294 54 294 54 306 49 306 mild-corrosion 0
41 294 46 294 46 301 41 301 mild-corrosion 0
28 294 36 294 36 306 28 306 mild-corrosion 0
223 232 225 232 225 237 223 237 mild-corrosion 0
66 206 72 206 72 214 66 214 mild-corrosion 0
75 212 79 212 79 218 75 218 mild-corrosion 0
70 220 74 220 74 230 70 230 mild-corrosion 0
31 264 35 264 35 274 31 274 mild-corrosion 0
35 257 39 257 39 263 35 263 mild-corrosion 0
31 236 35 236 35 242 31 242 mild-corrosion 0
20 242 24 242 24 248 20 248 mild-corrosion 0
7 257 11 257 11 265 7 265 mild-corrosion 0
137 306 142 306 142 313 137 313 mild-corrosion 0
53 246 57 246 57 252 53 252 mild-corrosion 0
33 243 45 243 45 254 33 254 mild-corrosion 0
191 31 194 31 194 37 191 37 mild-corrosion 0
223 28 225 28 225 33 223 33 mild-corrosion 0
209 7 211 7 211 11 209 11 mild-corrosion 0
167 126 169 126 169 132 167 132 mild-corrosion 0
247 280 251 280 251 286 247 286 mild-corrosion 0
244 221 249 221 249 234 244 234 mild-corrosion 0
256 211 262 211 262 220 256 220 mild-corrosion 0
289 224 293 224 293 233 289 233 mild-corrosion 0
291 268 295 268 295 278 291 278 mild-corrosion 0
285.4750000000058 271.7340000000088 288.25386484160845 270.80267809797016 302.15488634807116 312.277804066701 299.37602359830635 313.2091215495479 severe-corrosion 0
297 224 300 224 300 229 297 229 mild-corrosion 0
296 218 298 218 298 222 296 222 mild-corrosion 0
438.9947551041405 41.078709752754826 443.024867176573 118.24176261036277 300.1201098781894 125.70491451553696 296.09035820110876 48.54219196709468 mild-corrosion 0
434 42 487 42 487 60 434 60 mild-corrosion 0
393 314 507 314 507 441 393 441 mild-corrosion 0