7 0.471875 0.349219 0.065625 0.120313
7 0.613281 0.363281 0.135937 0.173437
6 0.532813 0.382812 0.021875 0.053125
9 0.568750 0.545312 0.137500 0.181250
7 0.064844 0.533594 0.029687 0.039062
6 0.320312 0.578906 0.028125 0.051562
6 0.271094 0.478125 0.020313 0.028125
6 0.207031 0.426563 0.026562 0.046875
6 0.360938 0.609375 0.012500 0.018750
6 0.385156 0.507812 0.032813 0.071875
6 0.242188 0.514844 0.096875 0.039062
6 0.284375 0.560937 0.031250 0.025000
7 0.064844 0.034375 0.073438 0.062500
7 0.358594 0.036719 0.048438 0.023438