7 0.722656 0.857812 0.142187 0.175000
7 0.998437 0.837500 0.003125 0.121875
7 0.633594 0.157031 0.064062 0.085938
7 0.631250 0.015625 0.043750 0.031250
7 0.500781 0.203125 0.035937 0.062500
7 0.457031 0.022656 0.035937 0.045312
7 0.403906 0.055469 0.042188 0.054688
7 0.628125 0.013281 0.043750 0.026562
6 0.581250 0.120313 0.031250 0.043750
6 0.392969 0.333594 0.026562 0.035937
6 0.390625 0.206250 0.028125 0.034375
6 0.399219 0.050000 0.048438 0.068750
6 0.847656 0.675781 0.032813 0.060937
6 0.701562 0.444531 0.018750 0.026562
6 0.899219 0.493750 0.026562 0.050000
6 0.392969 0.408594 0.023438 0.042188
7 0.436719 0.864062 0.057813 0.062500
7 0.295312 0.846875 0.053125 0.043750
7 0.378906 0.823438 0.032813 0.040625
7 0.464844 0.681250 0.064062 0.084375
7 0.424219 0.579688 0.035937 0.065625
7 0.539062 0.477344 0.040625 0.067187
7 0.654687 0.453125 0.053125 0.084375
7 0.666406 0.340625 0.045312 0.056250
7 0.580469 0.282031 0.057813 0.067187
7 0.986719 0.633594 0.026562 0.079687
7 0.999219 0.535937 0.001563 0.115625
7 0.898438 0.560156 0.043750 0.045312
6 0.790625 0.484375 0.025000 0.040625
7 0.910937 0.271094 0.040625 0.060937
7 0.703125 0.042969 0.031250 0.042188
7 0.567969 0.664062 0.048438 0.087500
7 0.618750 0.568750 0.075000 0.096875
7 0.585156 0.906250 0.167187 0.137500
7 0.592969 0.788281 0.089063 0.120313
7 0.666406 0.696094 0.123438 0.139063
7 0.878125 0.866406 0.034375 0.057813
6 0.777344 0.715625 0.054688 0.071875
6 0.435937 0.770312 0.046875 0.053125
7 0.424219 0.922656 0.048438 0.051562
6 0.915625 0.937500 0.037500 0.021875
7 0.471875 0.076563 0.025000 0.040625