7 0.534375 0.188281 0.062500 0.042188
7 0.651563 0.217188 0.056250 0.040625
6 0.800000 0.060937 0.034375 0.037500
6 0.610938 0.058594 0.040625 0.023438
6 0.893750 0.485156 0.021875 0.014063
6 0.847656 0.628125 0.035937 0.043750
6 0.898438 0.636719 0.025000 0.020313
9 0.580469 0.521875 0.160938 0.059375
7 0.655469 0.603125 0.051562 0.046875
6 0.683594 0.646094 0.073438 0.007812
7 0.202344 0.726562 0.085938 0.112500
7 0.142187 0.944531 0.168750 0.110937
6 0.209375 0.807813 0.065625 0.021875
6 0.016406 0.889062 0.032813 0.034375
9 0.780842 0.822306 0.594941 0.058046