9 0.101521 0.351888 0.203042 0.096223
9 0.105044 0.577429 0.149069 0.354857
9 0.259375 0.819247 0.518750 0.361506
9 0.533594 0.698438 0.029687 0.143750
7 0.660937 0.601562 0.081250 0.293750
6 0.542188 0.463281 0.034375 0.035937
6 0.596875 0.487500 0.021875 0.034375
6 0.529687 0.594531 0.021875 0.054688
6 0.532031 0.929688 0.026562 0.043750
6 0.544531 0.991406 0.014063 0.017188
6 0.821875 0.777344 0.034375 0.023438
7 0.760938 0.513281 0.028125 0.032813
7 0.917188 0.432812 0.025000 0.028125
6 0.969531 0.411719 0.026562 0.023438
6 0.565625 0.675000 0.025000 0.018750
6 0.947656 0.567187 0.029687 0.025000