355 74 374 74 374 94 355 94 mild-corrosion 0
413 135 445 135 445 221 413 221 mild-corrosion 0
649.7471490877797 427.9147114702747 639.9894621429121 510.99272076840947 258.9936891312391 466.2357113870192 268.75599999999395 383.16299999999717 moderate-corrosion 0
223.65570470712555 64.01175603368559 322.62695460478426 52.54396514539245 366.54196073090134 431.5337466767421 267.57082458614605 443.0011361902809 mild-corrosion 0
131.11190536459617 410.1405952041963 206.4757442248083 364.89727323290055 277.3416029675718 482.92605869931293 201.97854351026763 528.1683447844548 moderate-corrosion 0
1.2109905744728167 232.77387863538513 13.409435131761711 163.0850059752302 163.6483094387222 189.38200568144407 151.45082395712961 259.0700057853156 moderate-corrosion 0
64.44999999999709 302.94899999998245 87.17523544175492 286.2834540861376 137.7196833826747 355.20092378425596 114.99459767554072 371.86629504277386 moderate-corrosion 0
324.41151009566966 492.5987571142094 327.28871718289156 539.981903399504 91.73191072943155 554.2769253338305 88.85700000006182 506.89599999998916 moderate-corrosion 0
500 376 514 376 514 387 500 387 mild-corrosion 0
284 142 294 142 294 156 284 156 mild-corrosion 0
342 255 363 255 363 268 342 268 mild-corrosion 0
411 370 435 370 435 383 411 383 mild-corrosion 0
502 346 518 346 518 357 502 357 mild-corrosion 0
407 241 416 241 416 252 407 252 mild-corrosion 0