235.97698034427594 166.3669069091836 236.5199654312164 181.30021427291882 215.28496389153588 182.07228707147178 214.74199999996927 167.13900000002633 severe-corrosion 0
82.64615809159295 170.9952555659878 88.82025927123323 229.88261101891686 3.98687425571552 238.7762645325085 -2.1868220520264003 179.889269817042 severe-corrosion 0
236 0 605 0 605 256 236 256 severe-corrosion 0
0 256 236 256 236 547.792 0 547.792 corroded-part 0
380.961151720403 533.8525736138264 386.3645837045624 577.8372101229907 349.9580647089897 582.3083040126905 344.5549999999639 538.3239999999647 severe-corrosion 0
474.35719076383975 574.2397029760381 463.2609897987277 569.5470081366846 478.753903697434 532.9216206109672 489.8499451173848 537.6142770283453 severe-corrosion 0
355.42200000003504 486.99999999999943 374.63483649618865 486.47811755587753 375.23783395234204 508.6731197673544 356.0249975390616 509.1950000668477 severe-corrosion 0
326.99999999989814 324.99995524324476 327.0000889057701 371.45200000017974 316.51702585186285 371.45198168179826 316.51700000002165 324.9999999999745 severe-corrosion 0
439.86801436942187 409.83990183362107 452.31207494915 410.62210926486676 447.4766474349599 487.53749194253885 435.0325878000149 486.7552945030047 severe-corrosion 0
584.4394322180597 462.95455758974435 607.179180153762 463.6748782646736 605.9113474554761 503.69216938862144 583.171599767229 502.97185389886954 severe-corrosion 0
480.33365895287716 500.05032092777174 508.8011694488523 450.39131722845076 654.6617092721863 533.9909760537844 626.1960812501638 583.64834716582 severe-corrosion 0
369.64106605548295 464.30699613736454 358.4462343112682 464.9616211421682 356.5929999999935 433.27299999999946 367.78771375589713 432.6183784475901 severe-corrosion 0
357.6139859091927 335.3249994511863 370.9235225318844 335.8433851823866 368.8815364218317 388.26638207388544 355.5720000000292 387.74800000000005 severe-corrosion 0
598.624435624879 437.41207621255705 545.5837105697719 428.1325895212714 558.8604511054291 352.2566187732753 611.9000000000233 361.53599999999875 moderate-corrosion 0
559.0330565696786 496.88600654330827 545.2084498862678 495.2869402941433 549.0565567556769 462.02494329922513 562.8809999999794 463.6239999999976 moderate-corrosion 0