7 0.377766 0.208680 0.001207 0.424231
7 0.246875 0.706250 0.053125 0.071875
7 0.302344 0.700000 0.026562 0.053125
7 0.008594 0.920312 0.017188 0.056250
6 0.391406 0.843750 0.017188 0.040625
6 0.601562 0.768750 0.009375 0.025000
7 0.664844 0.725000 0.007812 0.028125
7 0.110937 0.894531 0.043750 0.129688
7 0.062500 0.714063 0.037500 0.046875
7 0.191406 0.720313 0.029687 0.056250
7 0.167969 0.789844 0.032813 0.035937
7 0.346875 0.878906 0.025000 0.039062
7 0.647656 0.939063 0.042188 0.121875
6 0.797656 0.725000 0.132812 0.184375
7 0.941406 0.691406 0.117188 0.129688