9 0.454131 0.320292 0.013679 0.042938
9 0.578906 0.279687 0.120313 0.559375
9 0.902344 0.036719 0.098437 0.073438
9 0.742188 0.279687 0.115625 0.559375
6 0.917969 0.533594 0.073438 0.051562
7 0.271875 0.705469 0.056250 0.057813
7 0.015625 0.646875 0.031250 0.078125
6 0.221875 0.824219 0.037500 0.026562
6 0.006250 0.990625 0.012500 0.018750
9 0.865625 0.761719 0.165625 0.104688
9 0.827344 0.852344 0.173437 0.048438
7 0.850781 0.906250 0.101562 0.037500
7 0.910937 0.945312 0.062500 0.037500
6 0.726562 0.632812 0.112500 0.034375