9 0.585938 0.031250 0.165625 0.062500
9 0.321875 0.302344 0.084375 0.082812
9 0.004687 0.075781 0.009375 0.039062
7 0.437500 0.303125 0.050000 0.062500
7 0.239844 0.153125 0.032813 0.025000
6 0.007812 0.146875 0.015625 0.040625
6 0.178125 0.262500 0.021875 0.034375
6 0.431250 0.057813 0.031250 0.037500
9 0.613281 0.109375 0.042188 0.056250
6 0.161719 0.125000 0.026562 0.018750
9 0.853125 0.189844 0.215625 0.379688
9 0.334375 0.689844 0.668750 0.620313
6 0.700000 0.622656 0.031250 0.026562
6 0.886719 0.698438 0.023438 0.018750
6 0.732812 0.526563 0.040625 0.046875
6 0.706250 0.561719 0.025000 0.026562
6 0.977344 0.719531 0.020313 0.020313