287.8835686063394 136.5669351147866 291.30054617075075 246.7043292816265 43.95338298527349 254.37486819843014 40.538411006491515 144.2394388147841 severe-corrosion 0
302 0 331 0 331 326 302 326 severe-corrosion 0
288 12 301 12 301 326 288 326 severe-corrosion 0
439 263 453 263 453 301 439 301 mild-corrosion 0
441 6 470 6 470 106 441 106 mild-corrosion 0
551 266 587 266 587 302 551 302 mild-corrosion 0
492 278 508 278 508 302 492 302 mild-corrosion 0
468 117 486 117 486 175 468 175 mild-corrosion 0
462 198 485 198 485 226 462 226 mild-corrosion 0
0 604 288 604 288 640 0 640 severe-corrosion 0
120 446 244 446 244 508 120 508 severe-corrosion 0
0 330 249 330 249 432 0 432 mild-corrosion 0
288 326 418 326 418 640 288 640 severe-corrosion 0
500 326 615 326 615 574 500 574 severe-corrosion 0