268.00520513897936 320.42243164895115 264.89579649307416 336.890995107526 122.36838013639499 309.9812826289702 125.4780000000028 293.5130000000164 moderate-corrosion 0
281.9273132224771 44.440879778645616 301.9726381543296 43.25822902382904 323.54970371277886 408.967569084041 303.5043819792918 410.1501844356838 severe-corrosion 0
510 51 522 51 522 61 510 61 mild-corrosion 0
411 243 431 243 431 277 411 277 mild-corrosion 0
507 272 531 272 531 290 507 290 mild-corrosion 0
281 467.375 640 467.375 640 640 281 640 severe-corrosion 0
391 451 419 451 419 482 391 482 mild-corrosion 0
300 409 345 409 345 463 300 463 mild-corrosion 0
446 431 470 431 470 464 446 464 mild-corrosion 0
487 456 516 456 516 480 487 480 mild-corrosion 0
524 416 600 416 600 452 524 452 mild-corrosion 0