158 196 188 196 188 221 158 221 mild-corrosion 0
141.8918241236679 213.88553395608156 145.12580689464812 236.4577874062404 34.116726030770224 252.3610559613337 30.882987232034793 229.78902172708544 mild-corrosion 0
34.51793125663244 194.56768539740216 38.585240318861906 217.99607749827499 0.11702184237947222 224.67407602467102 -3.9502062722021947 201.24575595410235 mild-corrosion 0
242.15014504829014 132.26166012778 243.9412346600875 192.56208801377932 80.18661493268155 197.42485712823805 78.3961524098413 137.1250485034542 mild-corrosion 0
406 47 443 47 443 94 406 94 severe-corrosion 0
639.9999999993452 -0.00021538691666294374 640.0022130747675 256.00263770407963 242.9994403875753 255.99999999327767 243.0023062088003 0.0033515797813978643 severe-corrosion 0
357 155 396 155 396 203 357 203 severe-corrosion 0
503 33 530 33 530 80 503 80 severe-corrosion 0
276 90 324 90 324 157 276 157 severe-corrosion 0
243 28 274 28 274 97 243 97 severe-corrosion 0
390 0 495 0 495 35 390 35 severe-corrosion 0
-0.9664273321686778 533.7455830822505 0.13604452564322855 520.1628975683119 110.59070180839626 529.1256076491791 109.48854949849192 542.707990857469 severe-corrosion 0
61.334287617210066 518.1514920301205 62.82163519128517 499.9290844930199 147.32420125328645 506.82447376607826 145.83716909946816 525.0465872369286 severe-corrosion 0
399.0661609861854 429.5988674801754 530.5616265461867 454.0988881109852 491.3521454061265 664.4989627365665 359.85700000004726 640.0000000000058 severe-corrosion 0
478.77674727387785 365.99925365882547 475.9488364081335 396.55278349554953 446.374170579802 393.8156414569758 449.2021959185513 363.2622393870672 moderate-corrosion 0