9 0.717187 0.347656 0.156250 0.307812
9 0.935156 0.392188 0.045312 0.150000
9 0.503125 0.959375 0.103125 0.081250
7 0.548438 0.755469 0.093750 0.157812
7 0.051562 0.414844 0.103125 0.114062
7 0.038281 0.739062 0.076563 0.137500
7 0.313281 0.956250 0.073438 0.084375
7 0.382812 0.640625 0.040625 0.046875
7 0.278125 0.641406 0.046875 0.089063
7 0.635938 0.947656 0.146875 0.104688
7 0.685937 0.687500 0.134375 0.140625
9 0.159375 0.034375 0.046875 0.068750
6 0.506250 0.175781 0.025000 0.048438
6 0.396094 0.359375 0.042188 0.053125
6 0.172656 0.548438 0.045312 0.081250
6 0.035937 0.568750 0.071875 0.109375
6 0.971875 0.615625 0.025000 0.050000
7 0.896875 0.079687 0.040625 0.071875
6 0.928125 0.742188 0.025000 0.046875
6 0.810156 0.821875 0.039062 0.100000