7 0.600000 0.038281 0.050000 0.048438
7 0.630469 0.117969 0.026562 0.048438
7 0.543750 0.102344 0.031250 0.054688
7 0.593854 0.229861 0.040777 0.032408
7 0.279687 0.050000 0.012500 0.028125
9 0.914844 0.349219 0.170313 0.079687
7 0.817969 0.281250 0.029687 0.075000
7 0.801562 0.065625 0.031250 0.053125
7 0.771875 0.182812 0.037500 0.043750
6 0.934664 0.013869 0.047525 0.027639
6 0.679110 0.139270 0.020720 0.079398
6 0.988281 0.198437 0.023438 0.031250
6 0.734375 0.064844 0.031250 0.035937
6 0.885938 0.245312 0.012500 0.025000
6 0.949219 0.274219 0.023438 0.032813
6 0.984375 0.298438 0.031250 0.040625
9 0.157031 0.732812 0.067187 0.106250
9 0.459375 0.471094 0.034375 0.139063
9 0.539062 0.646875 0.034375 0.059375
6 0.540625 0.904687 0.053125 0.068750
6 0.471094 0.898438 0.045312 0.028125
6 0.501563 0.742188 0.031250 0.018750
7 0.192969 0.442188 0.073438 0.106250
6 0.014063 0.460938 0.028125 0.143750
9 0.706707 0.875167 0.075914 0.236978