6 0.305469 0.189062 0.082812 0.062500
6 0.281250 0.460938 0.056250 0.037500
9 0.684375 0.437500 0.290625 0.084375
7 0.563281 0.005469 0.026562 0.010937
6 0.653906 0.128125 0.017188 0.040625
6 0.864062 0.053125 0.009375 0.025000
7 0.939844 0.011719 0.032813 0.023438
7 0.609375 0.163281 0.025000 0.039062
7 0.911719 0.226562 0.042188 0.128125
7 0.885938 0.575781 0.028125 0.060937
6 0.975781 0.499219 0.026562 0.039062
6 0.764062 0.698438 0.021875 0.034375
6 0.777344 0.573438 0.023438 0.034375
6 0.754687 0.771875 0.018750 0.040625
7 0.767188 0.946094 0.028125 0.064062
7 0.893750 0.851562 0.034375 0.065625
7 0.993750 0.832812 0.012500 0.081250
7 0.956250 0.660156 0.050000 0.064062
7 0.960156 0.946875 0.064062 0.093750