7 0.250000 0.046875 0.062500 0.050000
6 0.157031 0.407813 0.026562 0.021875
6 0.020313 0.362500 0.040625 0.037500
7 0.436719 0.241406 0.026562 0.042188
7 0.219531 0.223438 0.023438 0.031250
7 0.419531 0.385937 0.035937 0.065625
7 0.348438 0.088281 0.015625 0.026562
7 0.153125 0.102344 0.018750 0.026562
6 0.103906 0.088281 0.023438 0.035937
7 0.270313 0.364063 0.034375 0.046875
7 0.282813 0.298438 0.034375 0.037500
7 0.185156 0.257031 0.020313 0.023438
6 0.094531 0.346875 0.023438 0.031250
6 0.071875 0.129688 0.012500 0.018750
6 0.153906 0.287500 0.032813 0.053125
6 0.425781 0.196094 0.048438 0.039062
6 0.120313 0.214844 0.018750 0.020313
6 0.020313 0.232031 0.021875 0.029687
6 0.110156 0.016406 0.020313 0.023438
9 0.880909 0.285773 0.238181 0.265955
6 0.898438 0.046875 0.053125 0.093750
9 0.225000 0.901645 0.450000 0.196709
7 0.951562 0.746094 0.040625 0.042188
6 0.986719 0.682813 0.010937 0.015625
6 0.990625 0.430469 0.015625 0.023438