9 0.981250 0.099219 0.037500 0.076563
9 0.978125 0.259375 0.043750 0.168750
9 0.853125 0.220312 0.056250 0.090625
9 0.665625 0.040625 0.068750 0.081250
9 0.767969 0.141406 0.042188 0.051562
9 0.225781 0.325781 0.035937 0.048438
9 0.136719 0.116406 0.029687 0.042188
9 0.082812 0.720313 0.034375 0.037500
9 0.084375 0.817969 0.018750 0.035937
9 0.058594 0.529687 0.023438 0.065625
9 0.657031 0.365625 0.020313 0.056250
9 0.643750 0.248438 0.012500 0.040625
9 0.518750 0.195312 0.025000 0.034375
9 0.428125 0.208594 0.025000 0.029687
6 0.989844 0.008594 0.020313 0.017188
6 0.868750 0.456250 0.018750 0.046875
7 0.960938 0.445312 0.021875 0.031250
7 0.775000 0.265625 0.028125 0.046875
7 0.804688 0.249219 0.018750 0.035937
7 0.482812 0.136719 0.018750 0.026562
7 0.920312 0.135937 0.037500 0.081250
7 0.941406 0.057813 0.042188 0.071875
9 0.581781 0.062438 0.033359 0.141568
7 0.814063 0.514062 0.015625 0.018750
9 0.440625 0.308594 0.065625 0.051562
9 0.207031 0.271875 0.023438 0.034375
9 0.078906 0.086719 0.020313 0.026562
9 0.041406 0.153906 0.017188 0.029687
9 0.032031 0.045312 0.023438 0.031250
9 0.716406 0.493750 0.010937 0.015625
9 0.986719 0.400781 0.026562 0.029687
9 0.928125 0.407813 0.021875 0.021875