6 0.058594 0.299219 0.032813 0.029687
6 0.232031 0.301563 0.029687 0.025000
6 0.107031 0.217188 0.026562 0.025000
6 0.131250 0.114844 0.018750 0.026562
6 0.170313 0.171875 0.050000 0.059375
6 0.165625 0.250000 0.025000 0.028125
6 0.417969 0.378125 0.023438 0.018750
6 0.100000 0.329688 0.031250 0.046875
6 0.264844 0.206250 0.042188 0.046875
6 0.237500 0.241406 0.025000 0.026562
6 0.016406 0.175781 0.032813 0.035937
9 0.730891 0.325000 0.461783 0.650000
3 0.242883 0.825239 0.136194 0.348351
6 0.029596 0.961570 0.059192 0.076861
9 0.674219 0.658594 0.348438 0.017188
9 0.750000 0.893750 0.500000 0.212500
6 0.634375 0.729688 0.268750 0.109375