9 0.250000 0.261403 0.500000 0.195944
7 0.261719 0.051562 0.060937 0.103125
7 0.402344 0.065625 0.126562 0.131250
6 0.325000 0.073438 0.018750 0.053125
9 0.368750 0.232813 0.128125 0.171875
6 0.123438 0.284375 0.025000 0.050000
6 0.068750 0.188281 0.018750 0.026562
6 0.007031 0.140625 0.014063 0.043750
6 0.164844 0.312500 0.010937 0.018750
6 0.185156 0.209375 0.029687 0.068750
6 0.043750 0.226562 0.087500 0.031250
6 0.087500 0.268750 0.031250 0.021875
9 0.020862 0.872327 0.041723 0.093936
9 0.328125 0.825000 0.112500 0.059375
9 0.575781 0.676562 0.151562 0.565625
6 0.904687 0.715625 0.028125 0.040625
6 0.896094 0.785937 0.045312 0.050000
6 0.916406 0.835938 0.026562 0.059375
6 0.721094 0.881250 0.035937 0.034375
6 0.856250 0.964063 0.028125 0.031250