71.08399999997346 2.0514577695439685e-12 92.62380865860905 -2.427891481766016 98.20490924845217 47.086596585710794 76.66510082410241 49.51448699454096 severe-corrosion 0
0 258.3829999999883 -13.788192259307834 232.6512894913947 55.50796751449525 195.52078521305745 69.29616826935671 221.25231402333543 severe-corrosion 0
206.10398805132718 166.00380075970673 196.92934848862933 136.66381522466148 287.4161034187273 108.36875333579621 296.5908238635893 137.70860227112365 severe-corrosion 0
138.32500314172648 40.27599971294269 127.64730125294591 41.25161646548758 123.8801041647821 0.021279591715457215 134.55780259115272 -0.9543370957399823 moderate-corrosion 0
0 132.36799999998345 -3.789592379980604 125.83831827857156 21.19813493678521 111.3364962466 24.987727294355864 117.86616941991716 moderate-corrosion 0
536 0 637 0 637 262 536 262 severe-corrosion 0
365 165 412 165 412 199 365 199 mild-corrosion 0
287.27713458094513 358.8787227448074 290.6964892968972 469.01764150269855 0.9830010310543003 478.00143353388444 -2.4312998634559335 367.86732401247724 severe-corrosion 0
639.9967871941044 475.74159787885634 674.584760802536 587.724024539787 306.9109935207234 701.240345981966 272.3340053034917 589.2672476857833 severe-corrosion 0
523.0824852766091 536.9614962653133 513.1571363817056 520.9586823974429 536.5127715058043 506.47588807528285 546.4381119320024 522.4786162991727 moderate-corrosion 0
507 262 522 262 522 266 507 266 mild-corrosion 0
632.6174044267827 344.0374778296851 621.8237774314184 357.9735030171411 530.2924338320008 287.0861117905566 541.0859773364064 273.15027174661657 mild-corrosion 0
618.3290893861704 319.7398912149217 612.8895149304299 326.3599743942865 584.4774419391615 303.0160547563497 589.9169999999867 296.3959999999858 severe-corrosion 0
475.1425890419341 347.3011199819421 483.43472749016655 355.78503067798636 463.9741072304605 374.80387973709975 455.68200000001525 366.31999999998044 severe-corrosion 0