0 0 219 0 219 230 0 230 severe-corrosion 0
571.3945353673626 229.99990278746563 559.3895868160325 232.17977283922392 523.8908084922878 36.68474176334337 535.8955441904254 34.50489048816995 severe-corrosion 0
230 0 487.169 0 487.169 230 230 230 severe-corrosion 0
545 1 558 1 558 12 545 12 mild-corrosion 0
491 9 503 9 503 21 491 21 mild-corrosion 0
74.03650332154939 494.0265176493948 132.4850982998032 518.6872818585224 98.81181686570926 598.4787332108741 40.36346731205413 573.8184021968109 severe-corrosion 0
230.00046323570132 640 172.28799999997136 640 172.28885516778973 582.667 229.99981043372827 582.667 severe-corrosion 0
326.3200750936812 337.16386685057876 346.3656532493769 335.5944721011266 356.4232184679713 464.0432813604252 336.37764379520377 465.61264552658145 severe-corrosion 0
366.1064817883016 581.6335466053633 365.5501877901406 549.6349866831105 457.87799780453497 548.0296265399934 458.4349013531755 580.0275672405012 severe-corrosion 0
640.0014277631271 560.056 564.6915913047997 560.056 564.6927095874707 473.2099999999999 640 473.2099999999999 severe-corrosion 0
545.4200653458247 573.8817650361565 539.8526295640477 593.9005017124465 512.1094882244506 586.1866126744508 517.6769999999669 566.1679999999797 moderate-corrosion 0
230 566.2850000000062 228.44716808242083 552.1252550607122 274.3100912182854 547.0967652742745 275.8630409647594 561.256373510427 moderate-corrosion 0