6 0.649219 0.088281 0.035937 0.035937
6 0.075781 0.363281 0.089063 0.157812
6 0.087500 0.148438 0.034375 0.031250
6 0.557031 0.043750 0.076563 0.075000
6 0.555469 0.561719 0.064062 0.057813
6 0.417187 0.880469 0.040625 0.035937
6 0.016406 0.759375 0.032813 0.028125
6 0.603906 0.238281 0.026562 0.029687
6 0.686719 0.049219 0.029687 0.035937
6 0.663281 0.137500 0.032813 0.034375
6 0.799219 0.574219 0.210938 0.120313
6 0.180469 0.730469 0.048438 0.032813
6 0.153906 0.613281 0.026562 0.023438
6 0.201563 0.450781 0.046875 0.029687