9 0.057813 0.044531 0.115625 0.089063
9 0.275000 0.058594 0.265625 0.117188
9 0.464844 0.050781 0.070312 0.101562
6 0.489063 0.214844 0.021875 0.029687
9 0.028125 0.122656 0.046875 0.029687
7 0.206250 0.206250 0.025000 0.031250
7 0.129215 0.084312 0.056913 0.019618
6 0.160938 0.134375 0.018750 0.015625
9 0.571875 0.607812 0.143750 0.496875
6 0.896875 0.612500 0.028125 0.040625
6 0.888281 0.682813 0.045312 0.050000
6 0.908594 0.732812 0.026562 0.059375
6 0.713281 0.778125 0.035937 0.034375
6 0.848437 0.860938 0.028125 0.031250
9 0.957812 0.709375 0.078125 0.143750