7 0.323437 0.118750 0.068750 0.037500
7 0.196875 0.143750 0.065625 0.046875
7 0.297656 0.193750 0.064062 0.043750
7 0.421875 0.233594 0.028125 0.023438
7 0.134375 0.304688 0.075000 0.059375
7 0.328125 0.342187 0.056250 0.078125
6 0.037500 0.146875 0.021875 0.025000
6 0.371875 0.087500 0.025000 0.018750
9 0.546285 0.239844 0.173820 0.479687
7 0.968750 0.552344 0.062500 0.060937
7 0.601562 0.546875 0.140625 0.106250
7 0.548438 0.632812 0.059375 0.043750
7 0.915625 0.720313 0.078125 0.087500
7 0.796875 0.735938 0.031250 0.056250
7 0.700781 0.709375 0.048438 0.056250
9 0.592966 0.817253 0.172464 0.222188
9 0.501713 0.925370 0.084677 0.107089