7 0.834375 0.621875 0.040625 0.037500
7 0.575781 0.007812 0.042188 0.015625
7 0.595313 0.107813 0.071875 0.037500
7 0.798438 0.282813 0.040625 0.037500
7 0.814844 0.209375 0.023438 0.018750
7 0.842969 0.364063 0.035937 0.037500
7 0.720313 0.332813 0.034375 0.018750
7 0.811719 0.329688 0.035937 0.028125
6 0.764062 0.520312 0.078125 0.050000
6 0.887500 0.159375 0.053125 0.015625
6 0.778906 0.003906 0.051562 0.007812
6 0.546875 0.585938 0.090625 0.028125
6 0.466406 0.639062 0.032813 0.034375
7 0.579688 0.467187 0.037500 0.028125
7 0.532813 0.454688 0.040625 0.028125
6 0.639062 0.406250 0.028125 0.015625
6 0.508594 0.413281 0.023438 0.026562
7 0.527344 0.672656 0.029687 0.032813
7 0.589844 0.629687 0.045312 0.034375
7 0.985156 0.304688 0.029687 0.021875
6 0.966406 0.285938 0.023438 0.018750
7 0.905469 0.621875 0.023438 0.025000
7 0.925781 0.662500 0.029687 0.025000
7 0.980469 0.681250 0.039062 0.015625
7 0.653125 0.065625 0.081250 0.037500
7 0.463281 0.228125 0.026562 0.103125
6 0.496875 0.520312 0.025000 0.025000
6 0.500000 0.055469 0.025000 0.035937
6 0.656250 0.308594 0.025000 0.017188
6 0.745313 0.300781 0.028125 0.032813
6 0.745313 0.601562 0.025000 0.015625
6 0.917188 0.360938 0.031250 0.015625
6 0.906250 0.538281 0.021875 0.020313
6 0.468750 0.382031 0.015625 0.017188
6 0.996875 0.570312 0.006250 0.012500
6 0.949219 0.594531 0.017188 0.017188
6 0.578125 0.667188 0.031250 0.018750
6 0.728125 0.675000 0.021875 0.018750
6 0.989062 0.382031 0.012500 0.007812
6 0.542188 0.157812 0.015625 0.012500
6 0.587500 0.340625 0.018750 0.037500
6 0.565625 0.401562 0.021875 0.012500
6 0.681250 0.574219 0.018750 0.010937
6 0.842969 0.685937 0.017188 0.006250
6 0.470313 0.510938 0.018750 0.012500