0 53.138 22.17 53.138 22.17 81.67699999999999 0 81.67699999999999 severe-corrosion 0
407.9429175633413 254.4338202640722 418.89813569025137 170.3657852208483 618.2135213768925 196.33713818590445 607.2598605389794 280.40382116146685 severe-corrosion 0
393 163 428 163 428 275 393 275 moderate-corrosion 0
358 165 382 165 382 198 358 198 moderate-corrosion 0
393 66 477 66 477 158 393 158 severe-corrosion 0
523 0 575 0 575 143 523 143 moderate-corrosion 0
393 0 420 0 420 68 393 68 moderate-corrosion 0
434 29 472 29 472 63 434 63 mild-corrosion 0
457 246 476 246 476 274 457 274 mild-corrosion 0
480 91 496 91 496 103 480 103 mild-corrosion 0
358.0065462656785 614.022 225.9786011667893 614.022 225.98382342534023 342.577 357.9995840185438 342.577 severe-corrosion 0
474.77345362174674 661.2100915105398 289.7502438513766 607.4679190155055 393.5215692388738 250.3166798572619 578.525883287657 304.0561547527417 corroded-part 0