148.16290174065216 187.0000132656511 148.16313800685748 112.36573931207624 210.99999999998545 112.36599999997507 211.00002615246922 186.9999999999526 severe-corrosion 0
44.50888364677667 182.68237431976365 35.4769465962454 117.8959553968966 128.38573727218318 104.9436256980381 137.41794823828968 169.72969915803165 severe-corrosion 0
0 110.386 36 110.386 36 158 0 158 severe-corrosion 0
639.9999999999272 -0.00010899858609556951 640.000193641099 126.00001393056226 517.6238875597483 125.99984011315578 517.6240600026358 0.00007945062569039176 moderate-corrosion 0
251.76379479802563 91.3357941003777 281.09043620839657 -20.97019637800277 461.9068874243385 26.24656306395789 432.58079206425464 138.55208197688017 moderate-corrosion 0
621.5262825079844 212.9413903705531 630.3607940071379 246.5333202696813 545.2082026005519 268.92666278318535 536.3740000001417 235.3350000000072 moderate-corrosion 0
452.98140846738534 111.33791038470655 465.5529295314045 65.41702967643054 575.063871444363 95.39691921910416 562.4925833441375 141.31760271537306 mild-corrosion 0
0 345 22 345 22 413 0 413 severe-corrosion 0
34.319999737490434 517.1737217988018 -15.809352159703849 508.3285155708885 10.413606701185927 359.74331556587566 60.54052536113886 368.58830067351687 mild-corrosion 0
128.42551333480515 506.30087486339966 74.53219319038908 518.1112450917058 47.9298743965046 396.73311948862056 101.82100000005448 384.9229999999943 mild-corrosion 0
183.66709245587117 511.5734136855442 149.47450822197425 523.464708519356 109.16778800121392 407.58302829344217 143.3589999999822 395.6919999999966 mild-corrosion 0
188 477 211 477 211 495 188 495 mild-corrosion 0
282 464 356 464 356 512 282 512 mild-corrosion 0