99 18 283 18 283 78 99 78 mild-corrosion 0
106 208 269 208 269 254 106 254 mild-corrosion 0
421.9999999999709 202.35300000000208 421.61838249005086 29.37330527126036 639.9998314078402 28.890813495505036 640.3829542000312 201.869401937342 severe-corrosion 0
0 394 359 394 359 640 0 640 severe-corrosion 0
422 268 496 268 496 361 422 361 moderate-corrosion 0
592 268 640 268 640 300 592 300 moderate-corrosion 0
556 450 577 450 577 486 556 486 mild-corrosion 0
501 519 518 519 518 547 501 547 mild-corrosion 0
458 586 481 586 481 621 458 621 mild-corrosion 0
615 613 637 613 637 640 615 640 mild-corrosion 0
592 594 603 594 603 614 592 614 mild-corrosion 0
422 469 428 469 428 490 422 490 mild-corrosion 0