9 0.063002 0.264844 0.126005 0.529687
9 0.550000 0.182031 0.053125 0.364063
9 0.360156 0.338281 0.020313 0.160938
9 0.405469 0.519531 0.057813 0.020313
9 0.678125 0.342187 0.043750 0.271875
9 0.745313 0.302344 0.037500 0.192188
9 0.809375 0.326562 0.050000 0.221875
9 0.882812 0.246875 0.075000 0.446875
9 0.482031 0.053906 0.039062 0.107813
9 0.490625 0.218750 0.062500 0.206250
9 0.415625 0.203125 0.040625 0.118750
9 0.958594 0.369531 0.067187 0.320312
9 0.609375 0.261719 0.050000 0.242188
7 0.606250 0.495312 0.053125 0.068750
7 0.480469 0.428906 0.026562 0.064062
9 0.963281 0.094531 0.073438 0.189062
7 0.748437 0.117969 0.031250 0.107813
7 0.412500 0.014844 0.037500 0.029687
7 0.414844 0.293750 0.029687 0.040625
7 0.416406 0.357812 0.023438 0.040625