201 184 275 184 275 299 201 299 moderate-corrosion 0
0 9 19 9 19 38 0 38 mild-corrosion 0
5 161 25 161 25 181 5 181 mild-corrosion 0
38 83 41 83 41 89 38 89 mild-corrosion 0
368.9939999996568 -0.0006167094102310233 368.9946394760045 325.3623254588216 289.20013490300335 325.361530996829 289.20100000003004 1.692055090538591e-11 severe-corrosion 0
447.95399999980873 -0.0004049028176857187 447.95448105920514 382.00318537053863 417.5276569440757 382.0027763217741 417.52800000002026 -1.170444122778574e-11 severe-corrosion 0
454.33499999999185 -7.474303501439264e-13 467.6432442567602 -0.4861044658184663 474.0792192576919 175.71289922835274 460.7709752073424 176.1990009055863 severe-corrosion 0
495.98802649335994 403.1893387657408 470.52700000000186 403.0000000000001 473.52565918597975 -0.12787530608688727 498.9854479072528 0.061459601946125986 severe-corrosion 0
508.3789983106544 10.21299998188619 523.7268185104767 10.37756473033234 522.6688201946672 109.04956438598754 507.3210000000108 108.88500000000029 severe-corrosion 0
630.3089999999793 164.4950000000034 639.4432459139352 163.5181375406353 648.3191922838887 246.51114940147139 639.1849474422634 247.48800562075755 severe-corrosion 0
275.0039013380592 640 31.96136862890853 639.9999999999999 31.973250452938373 402.9999999999999 274.9931766115333 403.00000000000006 moderate-corrosion 0
92.89152942408691 540.237084478312 -7.824806990247453 531.9355602777958 3.433059833769221 395.4088315021508 104.14470319119573 403.7101634400914 moderate-corrosion 0
257 440 271 440 271 459 257 459 mild-corrosion 0
13 575 40 575 40 593 13 593 mild-corrosion 0
314.457125944391 555.4457149615525 359.41308347180893 402.3396432679439 567.2097246620979 463.3425292307236 522.2610295662162 616.4424597899365 moderate-corrosion 0
271.52350766496966 576.7084880876407 284.33644778022426 530.8243682411829 380.2632046287181 557.6047899938978 367.4513934063725 603.4879408912362 mild-corrosion 0