7 0.185717 0.215910 0.226759 0.465877
9 0.783905 0.429847 0.451892 0.089038
7 0.490435 0.443132 0.162120 0.132486
9 0.525212 0.150459 0.034026 0.219459
7 0.330469 0.781250 0.051562 0.037500
9 0.356250 0.578906 0.106250 0.139063
6 0.618750 0.955469 0.006250 0.017188
6 0.695312 0.957812 0.006250 0.009375
6 0.474219 0.996094 0.007812 0.007812
6 0.668750 0.725000 0.006250 0.009375
6 0.717187 0.720313 0.003125 0.009375
6 0.695312 0.685937 0.003125 0.006250
6 0.629687 0.873437 0.003125 0.009375
6 0.894531 0.648438 0.007812 0.015625
6 0.881250 0.704688 0.015625 0.031250
6 0.901563 0.992188 0.006250 0.012500
6 0.887500 0.997656 0.003125 0.004687
6 0.871875 0.950000 0.006250 0.012500
6 0.860938 0.990625 0.003125 0.006250
6 0.854688 0.992188 0.003125 0.006250
6 0.853125 0.985938 0.003125 0.006250
6 0.848437 0.979688 0.003125 0.006250
6 0.840625 0.950000 0.003125 0.006250
6 0.891406 0.904687 0.004687 0.009375
6 0.604688 0.599219 0.006250 0.010937
6 0.798438 0.621094 0.025000 0.029687
6 0.732031 0.542188 0.007812 0.012500