7 0.312500 0.457813 0.025000 0.031250
6 0.233594 0.465625 0.076563 0.028125
7 0.309375 0.320312 0.084375 0.175000
7 0.203125 0.332813 0.093750 0.053125
6 0.196875 0.274219 0.112500 0.039062
6 0.385937 0.060937 0.015625 0.021875
6 0.428125 0.242188 0.028125 0.050000
6 0.378906 0.220312 0.032813 0.028125
9 0.126886 0.115992 0.109339 0.224831
9 0.329688 0.769531 0.659375 0.460938
9 0.735938 0.817969 0.153125 0.164062
9 0.853906 0.823438 0.082812 0.112500
6 0.954688 0.793750 0.043750 0.053125
6 0.731250 0.557813 0.031250 0.037500
7 0.675000 0.636719 0.031250 0.195312
6 0.815625 0.625781 0.050000 0.173437