77.80188302524039 530.4535412276912 42.71905609952228 395.0700088334697 614.7079083216522 246.85013603789758 649.7979429743282 382.2204608825407 severe-corrosion 0
60 404 85 404 85 422 60 422 moderate-corrosion 0
445 173 472 173 472 208 445 208 moderate-corrosion 0
420 155 430 155 430 164 420 164 moderate-corrosion 0
295 175 309 175 309 187 295 187 moderate-corrosion 0
336 317 348 317 348 339 336 339 mild-corrosion 0
301 213 309 213 309 218 301 218 mild-corrosion 0
181 98 193 98 193 107 181 107 mild-corrosion 0
203 26 214 26 214 35 203 35 mild-corrosion 0
233 28 243 28 243 38 233 38 mild-corrosion 0
49 216 61 216 61 223 49 223 mild-corrosion 0
32 195 41 195 41 203 32 203 mild-corrosion 0
600 111 616 111 616 130 600 130 mild-corrosion 0
635 121 640 121 640 128 635 128 mild-corrosion 0
556 41 566 41 566 52 556 52 mild-corrosion 0
139 12 146 12 146 18 139 18 mild-corrosion 0
312 15 323 15 323 25 312 25 mild-corrosion 0
474 116 482 116 482 124 474 124 mild-corrosion 0
578 90 587 90 587 100 578 100 mild-corrosion 0
395 235 403 235 403 242 395 242 mild-corrosion 0
292 250 300 250 300 257 292 257 mild-corrosion 0
204 278 213 278 213 284 204 284 mild-corrosion 0
501.06699999996636 193.08800000001315 506.58438887490775 185.18803340182797 544.5492864588596 211.7021634270036 539.0319284331053 219.60210247187155 mild-corrosion 0
223 201 234 201 234 208 223 208 mild-corrosion 0
177 56 184 56 184 60 177 60 mild-corrosion 0
70 106 84 106 84 120 70 120 mild-corrosion 0
42 50 55 50 55 58 42 58 mild-corrosion 0
103 99 110 99 110 106 103 106 mild-corrosion 0
182 228 196 228 196 238 182 238 mild-corrosion 0
146 224 156 224 156 232 146 232 mild-corrosion 0
137 212 146 212 146 220 137 220 mild-corrosion 0
568 253 578 253 578 264 568 264 mild-corrosion 0
449 259 484 259 484 276 449 276 mild-corrosion 0
113 340 123 340 123 353 113 353 mild-corrosion 0
174 439 189 439 189 450 174 450 mild-corrosion 0
290 43 296 43 296 50 290 50 mild-corrosion 0
287 155 298 155 298 161 287 161 mild-corrosion 0
233 155 245 155 245 166 233 166 mild-corrosion 0
323 90 330 90 330 97 323 97 mild-corrosion 0
322 144 332 144 332 151 322 151 mild-corrosion 0
502 32 514 32 514 40 502 40 mild-corrosion 0
304 318 329 318 329 337 304 337 moderate-corrosion 0