594 78 639 78 639 106 594 106 mild-corrosion 0
500 34 535 34 535 60 500 60 mild-corrosion 0
592 41 608 41 608 58 592 58 mild-corrosion 0
43 82 144 82 144 131 43 131 moderate-corrosion 0
251 194 288 194 288 228 251 228 moderate-corrosion 0
203 143 229 143 229 167 203 167 moderate-corrosion 0
383 78 419 78 419 116 383 116 moderate-corrosion 0
289 265 330 265 330 294 289 294 moderate-corrosion 0
365 287 402 287 402 314 365 314 moderate-corrosion 0
470 192 493 192 493 217 470 217 mild-corrosion 0
90 329 137 329 137 359 90 359 moderate-corrosion 0
228 375 273 375 273 402 228 402 moderate-corrosion 0
192 359 213 359 213 375 192 375 mild-corrosion 0
348 190 375 190 375 206 348 206 mild-corrosion 0
74 388 98 388 98 404 74 404 mild-corrosion 0
0 361 14 361 14 380 0 380 mild-corrosion 0
612 196 635 196 635 213 612 213 mild-corrosion 0
618 402 629 402 629 431 618 431 mild-corrosion 0
596 635 623 635 623 640 596 640 mild-corrosion 0
377 615 397 615 397 633 377 633 mild-corrosion 0
526 473 540 473 540 483 526 483 mild-corrosion 0
460 597 474 597 474 615 460 615 mild-corrosion 0
490 555 513 555 513 587 490 587 mild-corrosion 0
526 569 543 569 543 583 526 583 mild-corrosion 0
343 613 366 613 366 637 343 637 mild-corrosion 0
263 605 302 605 302 639 263 639 severe-corrosion 0
88 464 139 464 139 514 88 514 moderate-corrosion 0
265 473 386 473 386 516 265 516 severe-corrosion 0
362 533 396 533 396 565 362 565 moderate-corrosion 0
129 532 167 532 167 578 129 578 moderate-corrosion 0
0 531 19 531 19 561 0 561 moderate-corrosion 0
5 451 25 451 25 460 5 460 mild-corrosion 0
166 557 212 557 212 591 166 591 mild-corrosion 0
373 573 421 573 421 594 373 594 mild-corrosion 0
84 131 103 131 103 142 84 142 mild-corrosion 0
108 147 134 147 134 163 108 163 mild-corrosion 0
177 194 186 194 186 204 177 204 mild-corrosion 0