547.8749999999854 225.57599999999258 545.8960605923494 135.59049433695952 638.6640101866942 133.55027094994136 640.6434904408525 223.53526234826435 moderate-corrosion 0
640.0001042995427 273.038 628.1128602763056 273.038 628.1130258923076 94.032 639.9999996186671 94.032 severe-corrosion 0
589.6500192233361 103.85500027187766 575.8847056050581 103.66031621129954 576.6117279788159 52.25731623609582 590.3770000000077 52.45199999999962 mild-corrosion 0
504.2670416619512 147.3229022813133 489.06999999999243 146.97699999999952 489.6459969532589 121.6720981594999 504.84300000003714 122.01800000000009 mild-corrosion 0
508.5880498812912 186.32332376062166 486.79940447051194 186.27496837572937 486.82999999997264 172.49899999999994 508.61860539516783 172.5473553405138 mild-corrosion 0
489.8570002690394 260.66300079661585 479.8347278316214 230.98734258598498 493.83770758977334 226.25838203787805 503.85999999998603 255.9339999999682 mild-corrosion 0
0 413.12200000000007 198 413.12200000000007 198 556.412 0 556.412 severe-corrosion 0
599 281 623 281 623 292 599 292 moderate-corrosion 0
537 281 562 281 562 325 537 325 moderate-corrosion 0
598 345 630 345 630 376 598 376 moderate-corrosion 0
624 395 640 395 640 426 624 426 moderate-corrosion 0
568 384 588 384 588 419 568 419 moderate-corrosion 0
597.0175300561095 472.73982569744084 614.6625969529123 467.0897583131318 623.1150819744653 493.48223791915046 605.47002777741 499.1322771952593 moderate-corrosion 0
631.5337665972766 501.89523112290686 643.2952315639704 521.1934374892281 617.3717437197774 536.9894328132709 605.6104083817627 517.6913395091603 moderate-corrosion 0
575.874590938256 480.3285626801114 570.2017304384208 495.70724484858704 557.8252121739206 491.1425929459238 563.4980888421705 475.7639474740978 mild-corrosion 0
525.065597745197 544.6866883126038 510.72607677677297 541.8238909097212 515.8059848296398 516.3848020211192 530.1453638832027 519.2475848665883 moderate-corrosion 0
601.0391072557832 576.5999812975131 571.254689374764 581.8298124506773 563.3670074440306 536.9173519113399 593.1508751052752 531.687570203478 moderate-corrosion 0
597.7605337684508 636.7240120739299 577.1482189903327 635.0780478340913 580.5674085899227 592.2749217436045 601.1793200518878 593.9208697823848 moderate-corrosion 0
405 359 413 359 413 377 405 377 moderate-corrosion 0