9 0.314844 0.314844 0.629687 0.629687
9 0.964844 0.448437 0.070312 0.231250
7 0.055469 0.776563 0.042188 0.037500
7 0.394531 0.642188 0.051562 0.025000
7 0.296875 0.670312 0.059375 0.043750
6 0.126562 0.878125 0.078125 0.050000
6 0.343750 0.812500 0.090625 0.028125
6 0.436719 0.759375 0.057813 0.034375
6 0.471875 0.807031 0.034375 0.035937
6 0.475000 0.900000 0.031250 0.018750
7 0.310937 0.931250 0.037500 0.028125
7 0.357812 0.945312 0.040625 0.028125
6 0.251563 0.990625 0.028125 0.015625
6 0.382031 0.985156 0.023438 0.026562
6 0.607812 0.892188 0.043750 0.037500
7 0.443750 0.678125 0.056250 0.031250
7 0.363281 0.721875 0.029687 0.040625
7 0.302344 0.767188 0.045312 0.034375
7 0.092188 0.698438 0.018750 0.025000
6 0.550000 0.768750 0.031250 0.046875
6 0.392188 0.879687 0.025000 0.025000
6 0.627344 0.700000 0.004687 0.018750
6 0.145313 0.796875 0.025000 0.015625
6 0.310937 0.729688 0.031250 0.018750
6 0.162500 0.723437 0.021875 0.018750
6 0.010156 0.637500 0.020313 0.015625
6 0.324219 0.995313 0.020313 0.009375
6 0.210938 0.825781 0.018750 0.010937
6 0.497656 0.864062 0.023438 0.012500
6 0.047656 0.706250 0.017188 0.018750
6 0.418750 0.887500 0.018750 0.012500
9 0.974099 0.813684 0.106092 0.367993