7 0.201563 0.040625 0.103125 0.081250
7 0.137500 0.387500 0.062500 0.050000
7 0.260937 0.181250 0.034375 0.037500
7 0.226562 0.313281 0.034375 0.060937
7 0.235937 0.428906 0.015625 0.026562
7 0.040625 0.442969 0.018750 0.026562
6 0.344531 0.334375 0.017188 0.021875
6 0.003906 0.102344 0.007812 0.026562
6 0.036719 0.028125 0.057813 0.046875
6 0.162500 0.132812 0.018750 0.028125
6 0.039844 0.141406 0.051562 0.098437
6 0.132812 0.181250 0.018750 0.062500
6 0.003125 0.356250 0.006250 0.021875
6 0.327344 0.258594 0.014063 0.026562
6 0.131250 0.078906 0.050000 0.045312
9 0.179688 0.556698 0.359375 0.154022
9 0.259447 0.811043 0.266584 0.247149
6 0.471094 0.622656 0.054688 0.085938
7 0.567969 0.521875 0.235937 0.084375
6 0.916406 0.746875 0.029687 0.062500