354.09999999996217 138.63000000000832 383.9098887578439 120.04573122859946 430.16100000000733 194.23300000000904 400.3511898231227 212.81716825187254 severe-corrosion 0
454.5054322965734 381.53174484789827 414.66661308149924 405.0455213779355 360.843647847214 313.86185969130383 400.68164215335855 290.34839061403125 severe-corrosion 0
640.0026968237944 640.0000000000002 67.47414541445323 640.0000000000002 67.49556597591436 433.45000000000016 639.9766879122762 433.4500000000002 severe-corrosion 0
496.03464695661387 412.557216015845 531.9316864024586 395.19013380025945 571.1386977660732 476.21819969196156 535.2418267464236 493.5850225042498 moderate-corrosion 0
267.19040170944936 254.62498901395247 328.27642567172006 253.2944607021469 328.9979999999923 286.4209999999999 267.91197619786544 287.75152387942444 moderate-corrosion 0
251.92699999999604 191.97899999996594 243.29109909966064 166.15081407700438 263.2280852808617 159.4848628241508 271.8640039246384 185.31301173767147 mild-corrosion 0
108.76381580077577 20.369511855184754 103.41473459753615 65.7489694607221 13.823871743006748 55.18841681252276 19.17300000000978 9.809000000003175 moderate-corrosion 0
356.01370535907336 377.85471837130757 327.1457010978338 392.85289880338905 283.2071767035086 308.2884671708318 312.0745973682642 293.2904709724121 moderate-corrosion 0
635.5970241659088 96.62998811105885 651.4266472490999 158.3660516422876 424.29403349342465 216.6019755291751 408.4653912506474 154.8667656638409 moderate-corrosion 0
209.54400908922253 147.78400318384377 190.89317237681826 141.25084619756493 198.86053265698138 118.50602917944379 217.51132918878284 125.03917850425275 mild-corrosion 0
9.161000000021886 92.56799999998421 11.783382903740858 76.52887790330439 27.34937296176213 79.07389121844605 24.726999146514572 95.11300522005624 mild-corrosion 0
400.9060000000318 220.6819999999979 424.4288873777259 207.40711217057685 487.43010639751446 319.0386562501519 463.90734140979475 332.3133716648143 moderate-corrosion 0
93.66099999999278 250.97400000003472 111.6156876351306 188.74106900945432 201.63792046114395 214.71218402701464 183.68382477143314 276.94460737376164 severe-corrosion 0
173.29900380667823 80.1467008178133 156.93099999996775 140.10800000002055 87.59589246357791 121.18114802603954 103.96399999997811 61.22000000000661 mild-corrosion 0
521.0599999999977 68.63699999998855 538.8766155823396 58.36711353805725 551.1929999999847 79.73400000000203 533.376389573823 90.00387938883259 mild-corrosion 0