9 0.173437 0.036719 0.103125 0.073438
9 0.318750 0.461719 0.084375 0.082812
9 0.003125 0.235156 0.006250 0.039062
7 0.434375 0.462500 0.050000 0.062500
7 0.236719 0.312500 0.032813 0.025000
7 0.280469 0.139063 0.039062 0.059375
7 0.016406 0.563281 0.032813 0.101562
6 0.006250 0.306250 0.012500 0.040625
6 0.175000 0.421875 0.021875 0.034375
6 0.428906 0.217188 0.029687 0.037500
9 0.145313 0.618750 0.071875 0.040625
6 0.159375 0.284375 0.028125 0.018750
7 0.253125 0.072656 0.025000 0.035937
3 0.754687 0.344531 0.490625 0.689063
9 0.782162 0.759980 0.407382 0.035826