-10.697799426634447 155.78926258915817 7.4315614996885415 65.91600643862894 297.97510913755104 124.5227594583656 279.8473055253271 214.39470403214835 severe-corrosion 0
48 0 153 0 153 20 48 20 mild-corrosion 0
274.0373141798045 309.028851329413 282.09933268772147 223.7628941647073 646.9698751719989 258.25516109368243 638.9114265509852 343.5177913234724 severe-corrosion 0
281 0 300 0 300 45 281 45 severe-corrosion 0
287 73 331 73 331 140 287 140 severe-corrosion 0
281 152 307 152 307 186 281 186 severe-corrosion 0
416 199 454 199 454 232 416 232 severe-corrosion 0
443 59 557 59 557 175 443 175 severe-corrosion 0
574 0 640 0 640 192 574 192 severe-corrosion 0
486 186 516 186 516 205 486 205 severe-corrosion 0
607 239 623 239 623 259 607 259 moderate-corrosion 0
426 17 445 17 445 65 426 65 moderate-corrosion 0
348.22841823654016 157.3379967801153 361.97071114132996 153.82591228925818 368.3602855131903 178.82692249331552 354.61799478012836 182.339001334028 mild-corrosion 0
385.46837238420267 95.80421002372141 373.700847590444 85.91890187515415 384.345336192564 73.24771900611482 396.1128534353338 83.1330219924971 mild-corrosion 0
547.4855136673432 164.68183214371604 568.0207388666895 151.83650168997823 583.9101869113802 177.2377060025269 563.3749809183792 190.08301193604274 moderate-corrosion 0
358 196 367 196 367 219 358 219 mild-corrosion 0
475 10 483 10 483 26 475 26 mild-corrosion 0
512 26 527 26 527 47 512 47 mild-corrosion 0
533 39 555 39 555 65 533 65 mild-corrosion 0
580 198 592 198 592 208 580 208 mild-corrosion 0
26 332 126 332 126 375 26 375 moderate-corrosion 0
238 434 274 434 274 467 238 467 moderate-corrosion 0
187 384 213 384 213 406 187 406 moderate-corrosion 0
81 575 127 575 127 603 81 603 moderate-corrosion 0
219 615 263 615 263 640 219 640 moderate-corrosion 0
183 601 204 601 204 617 183 617 mild-corrosion 0
65 634 89 634 89 640 65 640 mild-corrosion 0
0 611 5 611 5 629 0 629 mild-corrosion 0
68 378 86 378 86 388 68 388 mild-corrosion 0
93 392 119 392 119 406 93 406 mild-corrosion 0
163 436 172 436 172 446 163 446 mild-corrosion 0
614 332 639 332 639 351 614 351 moderate-corrosion 0
602.0656050650723 570.6866611038615 587.7260686433874 567.8239208057718 592.8059791893611 542.3848406711431 607.1453667121386 545.2475656939932 moderate-corrosion 0
482 385 490 385 490 403 482 403 moderate-corrosion 0