9 0.660937 0.187500 0.193750 0.096875
6 0.777344 0.058594 0.445312 0.117188
9 0.189844 0.409375 0.379688 0.037500
6 0.113281 0.332031 0.120313 0.064062
9 0.189844 0.665625 0.379688 0.234375
6 0.189844 0.490625 0.379688 0.109375
6 0.639844 0.539844 0.082812 0.095312
6 0.468750 0.401562 0.012500 0.046875
6 0.937500 0.842187 0.043750 0.043750
6 0.765625 0.893750 0.031250 0.056250
6 0.639062 0.747656 0.034375 0.076563
6 0.604688 0.734375 0.025000 0.037500
6 0.550000 0.800000 0.043750 0.053125
7 0.714063 0.389844 0.209375 0.179688