0 0 326 0 326 249 0 249 severe-corrosion 0
326 104 342 104 342 188 326 188 severe-corrosion 0
550.6497519933328 261.97422156911574 401.40186211268883 247.39140683812388 425.0254238047637 5.6397314236644664 574.2697513732855 20.22237143438511 severe-corrosion 0
158 260 316 260 316 464 158 464 severe-corrosion 0
274 493 309 493 309 521 274 521 moderate-corrosion 0
292 575 314 575 314 613 292 613 mild-corrosion 0
639.9931399720663 357.8057601072624 708.6595989915804 530.3645441636058 388.169740255762 657.8556805559779 319.5161155952519 485.30758027392005 severe-corrosion 0
494.692 268.308 522.385 268.308 522.385 300.615 494.692 300.615 mild-corrosion 0
494.69199999999546 365.23100000001136 490.2893483838852 330.01169997402826 514.9052550465422 326.93483212631924 519.3080024487426 362.1540195881281 mild-corrosion 0
372 319 394 319 394 337 372 337 mild-corrosion 0
421 291 450 291 450 315 421 315 mild-corrosion 0