50.692686134934775 361.34810098685335 35.557150992026436 273.1656056237393 453.923406939939 201.35385550986257 469.06202677251713 289.53247738657564 severe-corrosion 0
0 269.303 50.75699999999999 269.303 50.75699999999999 396 0 396 moderate-corrosion 0
52.30652638019819 -1.6300740573440542 65.51985665173561 0.06836474607588482 57.3796720286191 63.39645090501055 44.166341945310705 61.698013398618265 severe-corrosion 0
10.247393202298554 47.067107815013635 29.273528898265795 46.69553879615279 32.0237860733323 187.5208730432504 12.99765042575018 187.89243978702376 severe-corrosion 0
452.07468727479863 -10.936203414038573 457.6914268270775 20.968027199758165 2.361427482101135 101.12802298558947 -3.2550041875219904 69.22413152012203 severe-corrosion 0
0 128.066 83.454 128.066 83.454 223.77000000000004 0 223.77000000000004 moderate-corrosion 0
454.00001651374623 85.37800000000001 437.91098700559814 85.37800000000004 437.91100377056864 39.092 453.9999998560961 39.092 mild-corrosion 0
79.97206681437092 141.21635550338067 92.61700969102094 110.19140297885853 137.21130541576713 128.3666221302096 124.566450743514 159.39150002595773 mild-corrosion 0
196.6440164996311 208.3080025995759 177.34355098378728 205.2671485162591 180.25340619205963 186.79887025493997 199.55382014122733 189.83972022264905 mild-corrosion 0
123.28035553327936 215.7903731068112 122.01098651421489 235.68946890098977 107.69567205345083 234.77630295760252 108.96506326462259 214.8772308541575 mild-corrosion 0
507.06993838372 403.36876212952836 407.86019989049237 377.0348314690387 514.9370936581545 -26.33281839221796 614.1411199062713 0.00029727222654794166 severe-corrosion 0
454.00000000001455 152.03800000000444 421.8967141058238 138.10357833605937 487.8891654552717 -13.934265128017696 519.9922755030275 0.00011958233731718084 severe-corrosion 0
25.962668288120767 524.1409538308606 0.4657216603663983 525.9024271307692 -8.469106346965418 396.5851065459305 17.02671627768723 394.8236721251682 mild-corrosion 0