7 0.214062 0.589063 0.040625 0.043750
7 0.332031 0.629687 0.023438 0.059375
7 0.425781 0.397656 0.026562 0.032813
7 0.869531 0.795312 0.023438 0.034375
7 0.953125 0.771094 0.018750 0.032813
6 0.135156 0.930469 0.026562 0.026562
6 0.078906 0.674219 0.026562 0.029687
6 0.056250 0.486719 0.018750 0.035937
6 0.586719 0.012500 0.032813 0.025000
6 0.216406 0.111719 0.017188 0.023438
6 0.251563 0.041406 0.015625 0.026562
6 0.382812 0.064062 0.018750 0.018750
6 0.406250 0.178906 0.025000 0.026562
6 0.357812 0.156250 0.015625 0.021875
6 0.849219 0.286719 0.023438 0.042188
6 0.976562 0.287500 0.028125 0.031250
6 0.858594 0.009375 0.042188 0.018750
6 0.447656 0.678906 0.054688 0.039062
6 0.770312 0.664062 0.034375 0.021875
6 0.693750 0.603906 0.109375 0.060937
6 0.527344 0.385156 0.048438 0.045312
6 0.512500 0.286719 0.043750 0.048438
6 0.630469 0.432031 0.039062 0.060937
6 0.384375 0.944531 0.025000 0.029687
6 0.535156 0.764062 0.014063 0.021875
6 0.162500 0.403125 0.018750 0.028125
6 0.137500 0.650781 0.015625 0.029687
6 0.197656 0.632031 0.020313 0.020313
6 0.250000 0.650781 0.018750 0.020313
6 0.350000 0.601562 0.021875 0.018750
6 0.448437 0.611719 0.012500 0.017188
6 0.351562 0.392969 0.015625 0.023438
6 0.545312 0.058594 0.015625 0.017188
6 0.392188 0.272656 0.009375 0.014063
9 0.929984 0.194797 0.033031 0.125031
9 0.904385 0.443244 0.082390 0.206969