196 61 250 61 250 105 196 105 moderate-corrosion 0
337 29 371 29 371 87 337 87 moderate-corrosion 0
0 149.378 170.411 149.378 170.411 377 0 377 moderate-corrosion 0
267 15 281 15 281 27 267 27 mild-corrosion 0
141 0 161 0 161 10 141 10 mild-corrosion 0
278 151 294 151 294 165 278 165 mild-corrosion 0
130 138 146 138 146 156 130 156 mild-corrosion 0
416 45 629 45 629 85 416 85 severe-corrosion 0
416 0 627 0 627 25 416 25 severe-corrosion 0
0 377 238.343 377 238.343 640 0 640 severe-corrosion 0
288 377 315 377 315 395 288 395 moderate-corrosion 0
195 441 213 441 213 508 195 508 mild-corrosion 0
416 377 640 377 640 640 416 640 severe-corrosion 0