6 0.112500 0.025000 0.028125 0.025000
6 0.481250 0.002344 0.031250 0.004687
6 0.461719 0.218750 0.026562 0.028125
9 0.750000 0.397742 0.500000 0.142016
9 0.772656 0.273438 0.185938 0.159375
9 0.975781 0.173437 0.048438 0.121875
9 0.939844 0.085938 0.120313 0.093750
9 0.139063 0.734375 0.087500 0.531250
9 0.353125 0.737500 0.081250 0.525000
7 0.450781 0.949219 0.042188 0.101562
6 0.446094 0.479687 0.048438 0.021875
6 0.454688 0.615625 0.053125 0.071875
6 0.450000 0.751563 0.040625 0.115625
6 0.453125 0.854688 0.037500 0.062500
9 0.251563 0.771094 0.115625 0.457813
9 0.750000 0.734375 0.500000 0.531250