48 295 142 295 142 345 48 345 moderate-corrosion 0
47.482848608342465 263.903701452232 -40.761741532114684 69.95210014312691 284.49600478641514 -78.03318456844409 372.7404190409288 115.91496095254386 severe-corrosion 0
371 191 392 191 392 239 371 239 mild-corrosion 0
367 55 413 55 413 149 367 149 mild-corrosion 0
393 0 412 0 412 55 393 55 mild-corrosion 0
398 296 414 296 414 334 398 334 mild-corrosion 0
234 345 269 345 269 363 234 363 moderate-corrosion 0
154 345 172 345 172 380 154 380 moderate-corrosion 0
79 429 93 429 93 451 79 451 mild-corrosion 0
87 349 102 349 102 371 87 371 mild-corrosion 0
268 515 278 515 278 531 268 531 mild-corrosion 0
74 474 86 474 86 500 74 500 mild-corrosion 0
79 578 97 578 97 619 79 619 moderate-corrosion 0
158 517 180 517 180 559 158 559 moderate-corrosion 0
230 500 258 500 258 552 230 552 moderate-corrosion 0
246 439 271 439 271 473 246 473 moderate-corrosion 0
193 395 225 395 225 436 193 436 moderate-corrosion 0
160 629 185 629 185 640 160 640 moderate-corrosion 0
191 569 232 569 232 629 191 629 moderate-corrosion 0
301.56922845199006 534.0587822198789 322.9647863028367 484.063008645775 567.5404540599993 588.7013493454597 546.1481629739137 638.6943559260247 severe-corrosion 0
601 593 640 593 640 640 601 640 moderate-corrosion 0
639.9994123410579 344.99503601636127 640.0059550936567 571.3444142615971 421.0784063419851 571.3417168578227 421.0800507893873 345.0000948361745 severe-corrosion 0
387 356 411 356 411 404 387 404 severe-corrosion 0
361 452 393 452 393 490 361 490 severe-corrosion 0
380 500 394 500 394 526 380 526 severe-corrosion 0
423 472 442 472 442 504 423 504 severe-corrosion 0
428 437 448 437 448 457 428 457 severe-corrosion 0