241 311 263 311 263 343 241 343 moderate-corrosion 0
136 82 164 82 164 108 136 108 moderate-corrosion 0
576 569 592 569 592 589 576 589 moderate-corrosion 0
478 295 508 295 508 349 478 349 moderate-corrosion 0
370 367 416 367 416 424 370 424 moderate-corrosion 0
179 464 199 464 199 482 179 482 moderate-corrosion 0
231 421 243 421 243 445 231 445 moderate-corrosion 0
327 254 339 254 339 270 327 270 severe-corrosion 0
15 363 33 363 33 391 15 391 severe-corrosion 0
385 551 406 551 406 580 385 580 severe-corrosion 0
424 502 444 502 444 532 424 532 severe-corrosion 0
207 334 219 334 219 358 207 358 severe-corrosion 0