9 0.219531 0.344531 0.439063 0.689063
7 0.889844 0.515625 0.042188 0.050000
6 0.914062 0.019531 0.018750 0.023438
6 0.477344 0.446875 0.014063 0.018750
6 0.649219 0.626563 0.045312 0.056250
6 0.839844 0.639062 0.035937 0.037500
7 0.994531 0.550000 0.010937 0.025000
6 0.636719 0.182812 0.023438 0.028125
6 0.823438 0.301563 0.046875 0.068750
7 0.443750 0.229687 0.009375 0.037500
6 0.689063 0.013281 0.012500 0.023438
6 0.823438 0.550781 0.025000 0.026562
6 0.945312 0.423438 0.056250 0.059375
6 0.996094 0.511719 0.007812 0.057813