9 0.969531 0.231250 0.023438 0.043750
7 0.329688 0.384375 0.043750 0.068750
9 0.157031 0.534375 0.045312 0.068750
7 0.385937 0.201563 0.021875 0.037500
7 0.394531 0.260937 0.029687 0.040625
7 0.583594 0.139844 0.020313 0.042188
7 0.690625 0.281250 0.028125 0.028125
7 0.637500 0.314063 0.018750 0.037500
7 0.559375 0.296875 0.025000 0.043750
7 0.521875 0.251563 0.021875 0.021875
9 0.400619 0.719295 0.245650 0.174650
9 0.248442 0.619230 0.125883 0.027644
7 0.948438 0.352344 0.025000 0.032813
7 0.005469 0.450000 0.010937 0.071875
6 0.020313 0.131250 0.040625 0.081250
6 0.248438 0.118750 0.018750 0.028125
6 0.439063 0.475000 0.028125 0.046875
6 0.452344 0.382812 0.026562 0.031250
7 0.315625 0.439063 0.028125 0.031250
6 0.476562 0.537500 0.025000 0.062500
6 0.248438 0.490625 0.025000 0.031250
6 0.263281 0.756250 0.048438 0.056250
6 0.548438 0.821875 0.040625 0.043750
6 0.534375 0.735938 0.034375 0.065625
6 0.903125 0.691406 0.021875 0.026562
6 0.840625 0.721875 0.018750 0.031250
6 0.735938 0.871875 0.034375 0.031250