7 0.841406 0.979688 0.042188 0.040625
7 0.937500 0.109375 0.050000 0.059375
7 0.239063 0.517188 0.050000 0.053125
7 0.549219 0.876563 0.032813 0.071875
7 0.473438 0.586719 0.028125 0.045312
7 0.485156 0.245312 0.026562 0.053125
7 0.744531 0.396094 0.064062 0.101562
7 0.672656 0.378906 0.032813 0.067187
7 0.943750 0.592187 0.037500 0.071875
7 0.968750 0.882031 0.034375 0.048438
7 0.032813 0.945312 0.040625 0.040625
7 0.031250 0.903125 0.015625 0.028125
6 0.321875 0.811719 0.025000 0.029687
6 0.412500 0.395313 0.012500 0.028125
6 0.162500 0.409375 0.015625 0.018750
6 0.142187 0.523438 0.046875 0.059375
7 0.153125 0.634375 0.018750 0.025000
7 0.828125 0.892188 0.040625 0.053125
6 0.439063 0.074219 0.018750 0.029687
6 0.382812 0.120313 0.015625 0.025000
6 0.140625 0.168750 0.012500 0.025000
6 0.461719 0.434375 0.020313 0.025000
6 0.619531 0.388281 0.032813 0.045312
6 0.618750 0.207813 0.025000 0.037500
6 0.662500 0.228125 0.028125 0.034375
6 0.715625 0.306250 0.012500 0.021875
6 0.992969 0.434375 0.014063 0.043750
6 0.966406 0.396094 0.014063 0.026562
6 0.146875 0.250781 0.012500 0.017188
6 0.505469 0.367188 0.023438 0.025000
6 0.588281 0.423438 0.023438 0.028125
6 0.621094 0.585156 0.020313 0.042188
6 0.900000 0.607031 0.021875 0.035937
6 0.936719 0.721094 0.039062 0.051562
6 0.953125 0.759375 0.015625 0.025000
6 0.988281 0.750000 0.023438 0.037500
6 0.578125 0.690625 0.015625 0.018750
6 0.910937 0.257812 0.015625 0.034375
6 0.881250 0.195312 0.031250 0.028125
6 0.948438 0.221875 0.015625 0.021875
6 0.871875 0.919531 0.025000 0.029687
6 0.012500 0.628125 0.015625 0.018750
6 0.121875 0.358594 0.034375 0.026562
6 0.195312 0.865625 0.018750 0.028125
6 0.162500 0.882812 0.009375 0.012500
6 0.153125 0.916406 0.009375 0.010937
6 0.982812 0.639062 0.012500 0.018750
6 0.918750 0.400781 0.012500 0.020313
6 0.928125 0.298438 0.009375 0.012500
6 0.376563 0.555469 0.012500 0.017188
6 0.512500 0.571094 0.018750 0.017188
6 0.519531 0.068750 0.010937 0.015625
6 0.150781 0.720313 0.017188 0.021875
6 0.032813 0.701562 0.018750 0.018750
6 0.423438 0.621875 0.028125 0.025000
6 0.630469 0.871875 0.020313 0.018750
6 0.248438 0.968750 0.018750 0.021875
6 0.664062 0.636719 0.012500 0.017188
6 0.782813 0.570312 0.015625 0.009375
6 0.787500 0.442969 0.012500 0.017188
6 0.787500 0.314063 0.009375 0.025000
6 0.462500 0.856250 0.021875 0.028125
6 0.471875 0.768750 0.012500 0.012500
6 0.445312 0.496875 0.018750 0.025000
6 0.346094 0.518750 0.010937 0.012500
6 0.339062 0.182812 0.012500 0.012500
6 0.050000 0.987500 0.018750 0.018750
6 0.560937 0.775000 0.009375 0.021875
6 0.796875 0.797656 0.012500 0.014063
6 0.859375 0.706250 0.018750 0.028125
6 0.996875 0.346875 0.006250 0.018750
6 0.994531 0.213281 0.010937 0.032813