6 0.513281 0.392188 0.079687 0.065625
6 0.528906 0.264844 0.060937 0.060937
6 0.510938 0.179688 0.059375 0.040625
6 0.484375 0.112500 0.050000 0.043750
6 0.446875 0.060937 0.034375 0.034375
6 0.404687 0.014063 0.043750 0.028125
9 0.107369 0.859563 0.214737 0.280875
7 0.180469 0.626563 0.082812 0.065625
6 0.088281 0.681250 0.017188 0.015625
9 0.400009 0.616670 0.192562 0.300372
9 0.763170 0.713667 0.192452 0.124633
7 0.602344 0.856250 0.042188 0.050000
6 0.292187 0.471875 0.021875 0.025000
6 0.841406 0.967187 0.045312 0.056250
6 0.650781 0.979688 0.035937 0.037500
7 0.489063 0.892188 0.025000 0.025000
6 0.401562 0.829688 0.059375 0.040625
6 0.853906 0.523438 0.023438 0.028125
6 0.667188 0.642188 0.046875 0.068750
6 0.667188 0.891406 0.025000 0.026562
6 0.546875 0.764062 0.056250 0.059375
6 0.489063 0.853906 0.018750 0.057813