9 0.872656 0.275781 0.107813 0.385937
9 0.579688 0.524219 0.193750 0.270313
9 0.525000 0.111719 0.084375 0.145313
7 0.475000 0.614062 0.075000 0.056250
7 0.464844 0.419531 0.070312 0.057813
7 0.832812 0.045312 0.334375 0.090625
6 0.523438 0.024219 0.078125 0.039062
9 0.156013 0.829932 0.300653 0.340137
9 0.649219 0.975781 0.060937 0.048438
9 0.621094 0.825000 0.035937 0.071875
3 0.832317 0.878067 0.372304 0.237491
9 0.989145 0.819797 0.055921 0.220640
9 0.695902 0.692307 0.042291 0.065863
7 0.518750 0.803125 0.034375 0.059375
6 0.564063 0.716406 0.059375 0.054688
6 0.441406 0.689063 0.023438 0.046875