7 0.684375 0.960156 0.084375 0.079687
7 0.098437 0.754687 0.065625 0.143750
7 0.889844 0.186719 0.076563 0.142187
7 0.941406 0.767188 0.070312 0.096875
7 0.656250 0.785937 0.081250 0.106250
6 0.242188 0.170313 0.040625 0.084375
6 0.802344 0.215625 0.045312 0.071875
6 0.873437 0.443750 0.078125 0.103125
6 0.909375 0.520312 0.034375 0.050000
6 0.977344 0.500000 0.045312 0.078125
6 0.156250 0.381250 0.031250 0.037500
6 0.743750 0.840625 0.050000 0.059375
6 0.968750 0.279687 0.025000 0.037500
6 0.023438 0.142187 0.037500 0.034375
6 0.260937 0.745313 0.040625 0.037500
6 0.326562 0.275000 0.021875 0.034375
6 0.566406 0.142187 0.032813 0.018750
6 0.121875 0.552344 0.018750 0.042188
6 0.593750 0.596875 0.025000 0.028125
6 0.721875 0.412500 0.037500 0.056250