9 0.652162 0.279687 0.344950 0.559375
9 0.166406 0.623437 0.195312 0.128125
9 0.032031 0.701562 0.051562 0.056250
7 0.768750 0.923438 0.081250 0.153125
7 0.546094 0.807813 0.042188 0.384375
9 0.485938 0.817187 0.012500 0.037500
9 0.608594 0.571094 0.042188 0.023438
6 0.664062 0.712500 0.025000 0.046875
6 0.605469 0.692187 0.029687 0.078125
6 0.695312 0.568750 0.043750 0.018750
6 0.650000 0.857031 0.034375 0.035937
6 0.704688 0.881250 0.021875 0.034375
6 0.618750 0.980469 0.059375 0.039062
6 0.598437 0.796875 0.025000 0.034375
6 0.600000 0.898438 0.053125 0.021875
7 0.868750 0.907031 0.028125 0.032813
6 0.545312 0.581250 0.015625 0.031250