339.00218897622835 428 106.54829944760422 428 106.54991742827406 372.94399999999996 339.00000000001455 372.944 severe-corrosion 0
0 381.209 107.713 381.209 107.713 428 0 428 moderate-corrosion 0
130.35366583484574 -1.4992984123896829 143.57212447052007 0.18246092341777406 120.39069359874702 182.3851572179603 107.1722366719041 180.70340886201905 severe-corrosion 0
73.24739501324075 166.06710595677316 92.27353607624536 165.69554828709315 95.02378565746767 306.520876538098 75.9976447106601 306.89242961692105 severe-corrosion 0
338.999764508917 139.86562152116892 344.1369247797411 169.93650838015782 3.939897292802925 228.0486318079548 -1.1964676572824828 197.9784405703919 severe-corrosion 0
146.454000414451 247.1103884143358 146.38921094789112 342.81845651827666 39.37821458668623 342.7446295011366 39.44410980642715 247.0376118017719 moderate-corrosion 0
142.97184657596517 260.21625522800093 155.61724531333311 229.1914324769509 200.21149686283024 247.36675644232352 187.56626432805206 278.39143845508625 mild-corrosion 0
259.6440265583806 327.3080041841696 240.34351582122326 324.26728101198364 243.25340183160733 305.7989272710656 262.5538296515879 308.8396438120945 mild-corrosion 0
186.2803810013429 334.790362566955 185.01096543936 354.6894673622364 170.6956334849383 353.77630134539925 171.96508298780827 333.87723287116614 mild-corrosion 0
479.01886330779234 114.64671272498666 521.7992189709184 -5.447471836129505 680.9352964713617 51.24036888971836 638.1556605606602 171.33395289290095 severe-corrosion 0
450.69299999995565 148.5879999999759 425.21755465626484 125.66127200113581 521.8956258161052 18.236388108624716 547.3709555450478 41.16302357766837 mild-corrosion 0
422.86699999996927 172.44899999999998 439.3113172118319 170.64657229214842 443.73630396992667 211.01657884637777 427.29198771303345 212.81900134674873 mild-corrosion 0
27.488951549094054 500.56599640108294 43.046946284666774 501.7216390651501 36.395679359702626 591.2459421244979 20.837686912200297 590.0903206388346 moderate-corrosion 0
508.4785486687906 496.84921202387585 536.6668775821017 484.4457574126791 603.7720701623039 636.9163755076995 575.5840012067347 649.319395765036 severe-corrosion 0