405.27547704179597 643.5074668398097 264.28100000004633 640.0000000000002 268.50948238185083 470.30362490523004 409.49419557189685 473.81097140007387 severe-corrosion 0
322.1436140267906 332.0749050201896 377.81332636339357 345.77401485654065 351.80964138402487 451.43489511998035 296.14000000001397 437.7360000000028 moderate-corrosion 0
570 453 606 453 606 521 570 521 moderate-corrosion 0
618 326 640 326 640 431 618 431 moderate-corrosion 0
494 155 515 155 515 202 494 202 moderate-corrosion 0
181 221 217 221 217 260 181 260 mild-corrosion 0
80 336 106 336 106 366 80 366 mild-corrosion 0
211 326 239 326 239 348 211 348 mild-corrosion 0
273 306 299 306 299 334 273 334 mild-corrosion 0
443 464 471 464 471 510 443 510 mild-corrosion 0
540 13 558 13 558 45 540 45 mild-corrosion 0