9 0.635156 0.076563 0.098437 0.153125
9 0.940625 0.289844 0.118750 0.579688
9 0.500781 0.289844 0.064062 0.579688
7 0.773438 0.820312 0.043750 0.068750
9 0.599219 0.967969 0.045312 0.064062
7 0.829688 0.637500 0.021875 0.037500
7 0.838281 0.696875 0.029687 0.040625
7 0.995313 0.732031 0.009375 0.045312
7 0.965625 0.687500 0.021875 0.021875
6 0.882812 0.910937 0.028125 0.046875
6 0.896094 0.818750 0.026562 0.031250
7 0.759375 0.875000 0.028125 0.031250
6 0.918750 0.970313 0.025000 0.059375
6 0.692187 0.926562 0.025000 0.031250