322.0000096518197 78 299.26598972313514 78 299.2660113668535 44.00000000000002 321.99999509852205 44.00000000000002 severe-corrosion 0
140.29596788990602 123.00001078975208 140.29600782851048 23.44897799445784 164.99999828498403 23.44902280804909 165.00002764441888 122.99998115516885 severe-corrosion 0
160.64568893205433 222.43861445261695 97.34422085282858 227.02423805761225 90.29800000003888 129.75199999999842 153.59867120125273 125.16640514087904 severe-corrosion 0
28.000000000029104 -0.000005440772439347083 28.000005376088666 50.00000242244411 1.4899931187392212 49.99999598561247 1.4900000471970998 9.413231457291046e-7 severe-corrosion 0
201.2053742979333 251.1469829655331 227.7365029817156 252.82992574802142 225.82698931648338 282.9313162868769 199.29586113008554 281.2483785612467 severe-corrosion 0
93.0000303581619 245.99999999999997 51.395971101592295 245.99999999999997 51.39606081604143 223.27199999999993 92.99995441142528 223.27199999999993 severe-corrosion 0
459.83223409275524 160.57600088837916 562.8323363188247 136.2522445460516 598.669000000009 288.000000000003 495.66901634774695 312.32344515145354 severe-corrosion 0
99.15602193672385 639.9999441795047 99.15999999997439 583.2749999999708 298.93838675932784 583.2861825504929 298.936999797952 640.0085099808457 severe-corrosion 0
77.63247162205516 523.9207987109525 86.72399999995832 474.4820000000077 299.8857213653537 513.6698973523454 290.7965362176765 563.106646931311 severe-corrosion 0
302.451341722699 442.17691603134506 293.009039847675 482.19062003192045 108.10287833955954 438.5613572310434 117.5460000000021 398.54900000001487 severe-corrosion 0
143.2555736739596 381.16458618010967 152.1369188825338 346.0615455683849 318.25515048105444 388.08439661503627 309.3747927914228 423.1865994757971 severe-corrosion 0
190.6359999999404 334.6040000000343 198.6515745903307 306.76495374012273 336.89860251943173 346.5656792397937 328.88362173893256 374.4042169971482 severe-corrosion 0
247.64586176286684 308.7259060986153 256.20079233798606 282.91728435825326 340.5543846434739 310.8763507796637 331.9997656077612 336.68470713399637 severe-corrosion 0
15 573 33 573 33 595 15 595 mild-corrosion 0
320 450 332 450 332 489 320 489 mild-corrosion 0
341 288 378 288 378 317 341 317 severe-corrosion 0
332 288 640 288 640 640 332 640 severe-corrosion 0
438 288 465 288 465 303 438 303 severe-corrosion 0