117 437 463 437 463 544 117 544 severe-corrosion 0
4 0 640 0 640 213 4 213 severe-corrosion 0
555 274 574 274 574 300 555 300 moderate-corrosion 0
217 182 254 182 254 232 217 232 moderate-corrosion 0
262 180 281 180 281 216 262 216 moderate-corrosion 0
55 413 177 413 177 509 55 509 moderate-corrosion 0
73 349 100 349 100 389 73 389 moderate-corrosion 0
49 233 72 233 72 268 49 268 mild-corrosion 0
328 269 341 269 341 297 328 297 mild-corrosion 0
463 205 471 205 471 222 463 222 mild-corrosion 0
502 169 524 169 524 190 502 190 moderate-corrosion 0
590 149 602 149 602 172 590 172 moderate-corrosion 0
434 492 454 492 454 531 434 531 moderate-corrosion 0
336 534 357 534 357 559 336 559 moderate-corrosion 0
140 297 173 297 173 384 140 384 moderate-corrosion 0
106 214 131 214 131 247 106 247 moderate-corrosion 0
191 203 212 203 212 242 191 242 moderate-corrosion 0
178 255 200 255 200 281 178 281 moderate-corrosion 0
299 295 317 295 317 322 299 322 moderate-corrosion 0
487 278 519 278 519 363 487 363 moderate-corrosion 0
557 272 576 272 576 305 557 305 moderate-corrosion 0