9 0.380469 0.417187 0.264062 0.206250
6 0.204687 0.384375 0.037500 0.028125
6 0.987500 0.618750 0.012500 0.012500
6 0.923438 0.603125 0.006250 0.012500
6 0.930469 0.594531 0.007812 0.010937
6 0.949219 0.576562 0.004687 0.009375
6 0.943750 0.496875 0.009375 0.012500
6 0.956250 0.504687 0.006250 0.009375
6 0.948438 0.521094 0.006250 0.014063
6 0.887500 0.589844 0.006250 0.014063
6 0.894531 0.575000 0.007812 0.009375
6 0.887500 0.542188 0.006250 0.009375
6 0.870313 0.552344 0.006250 0.007812
6 0.850000 0.576562 0.006250 0.012500
6 0.921875 0.557813 0.006250 0.009375
6 0.896875 0.557031 0.018750 0.017188
6 0.778906 0.440625 0.004687 0.009375
6 0.693750 0.557031 0.006250 0.007812
6 0.757031 0.625000 0.007812 0.009375
6 0.742969 0.627344 0.004687 0.004687
6 0.735156 0.267188 0.004687 0.009375
6 0.742969 0.256250 0.004687 0.006250
6 0.773438 0.285156 0.003125 0.007812
6 0.789062 0.398438 0.006250 0.018750
6 0.742188 0.402344 0.006250 0.014063
7 0.856250 0.759375 0.068750 0.059375
7 0.960156 0.643750 0.054688 0.028125