6 0.655469 0.088281 0.032813 0.035937
6 0.101562 0.363281 0.078125 0.157812
6 0.004687 0.382031 0.009375 0.160938
6 0.006250 0.578125 0.012500 0.046875
6 0.099219 0.148438 0.032813 0.031250
6 0.559375 0.043750 0.071875 0.075000
6 0.593750 0.561719 0.059375 0.057813
6 0.479687 0.880469 0.037500 0.035937
6 0.068750 0.759375 0.034375 0.028125
6 0.620313 0.238281 0.025000 0.029687
6 0.689844 0.049219 0.026562 0.035937
6 0.673438 0.137500 0.031250 0.034375
6 0.839844 0.574219 0.201563 0.120313
6 0.232813 0.730469 0.046875 0.032813
6 0.196875 0.613281 0.025000 0.023438
6 0.232813 0.450781 0.043750 0.029687