525.9447850866854 194.0923178279682 527.52143580743 168.3671362284898 641.5763927272201 175.35676643814583 639.9999537858093 201.08175414340462 severe-corrosion 0
329.37375496316236 176.55642207694564 330.8550114188256 152.9016517367505 478.0529621347523 162.11844365304404 476.57193791208556 185.77299165475176 severe-corrosion 0
41.775204281293554 183.40526656739326 33.48341624972818 108.907615752126 238.31858381956408 86.10863501538594 246.61105415972997 160.6054486804234 severe-corrosion 0
398 101 441 101 441 138 398 138 moderate-corrosion 0
258 84 298 84 298 118 258 118 moderate-corrosion 0
172 29 203 29 203 50 172 50 moderate-corrosion 0
227 58 250 58 250 73 227 73 mild-corrosion 0
301 85 315 85 315 96 301 96 mild-corrosion 0
321 97 346 97 346 111 321 111 mild-corrosion 0
138 76 155 76 155 92 138 92 mild-corrosion 0
598 87 611 87 611 98 598 98 mild-corrosion 0
556 128 568 128 568 140 556 140 mild-corrosion 0
10 78 50 78 50 142 10 142 mild-corrosion 0
296 47 312 47 312 61 296 61 mild-corrosion 0