7 0.189062 0.137500 0.059375 0.115625
7 0.056250 0.141406 0.112500 0.164062
6 0.128125 0.165625 0.018750 0.053125
9 0.084375 0.325000 0.128125 0.171875
6 0.328125 0.376563 0.025000 0.050000
6 0.384375 0.280469 0.018750 0.026562
6 0.450000 0.233594 0.025000 0.045312
6 0.287500 0.404687 0.012500 0.018750
6 0.267188 0.301563 0.028125 0.068750
6 0.410938 0.320312 0.093750 0.031250
6 0.364844 0.361719 0.029687 0.023438
7 0.865625 0.403125 0.146875 0.146875
7 0.978125 0.435156 0.043750 0.054688
9 0.734375 0.133775 0.531250 0.267550
7 0.350000 0.817969 0.025000 0.029687
6 0.347656 0.599219 0.023438 0.020313
6 0.248438 0.821094 0.043750 0.039062
6 0.254688 0.720313 0.040625 0.043750
6 0.153125 0.881250 0.034375 0.056250
6 0.421875 0.803125 0.012500 0.021875
6 0.371875 0.689063 0.009375 0.012500
9 0.538225 0.919066 0.138950 0.161867
6 0.614062 0.653125 0.012500 0.021875
6 0.484375 0.644531 0.018750 0.020313