76.28076115863223 337.152507353548 619.0384063176316 261.7470683708867 648.2914661685209 472.2940685068369 105.53510648249357 547.6970287538218 severe-corrosion 0
5.445 12.386 640 12.386 640 408.083 5.445 408.083 severe-corrosion 0
462 310 547 310 547 404 462 404 moderate-corrosion 0
359 209 412 209 412 294 359 294 moderate-corrosion 0
68 248 124 248 124 293 68 293 moderate-corrosion 0
38 387 61 387 61 408 38 408 moderate-corrosion 0
236 266 249 266 249 294 236 294 moderate-corrosion 0
243 312 274 312 274 332 243 332 moderate-corrosion 0
316 235 335 235 335 265 316 265 moderate-corrosion 0
332 267 359 267 359 299 332 299 moderate-corrosion 0
416 280 454 280 454 302 416 302 moderate-corrosion 0
35 525 55 525 55 545 35 545 moderate-corrosion 0
44 0 119 0 119 44 44 44 moderate-corrosion 0
215 20 236 20 236 38 215 38 moderate-corrosion 0
328 0 355 0 355 30 328 30 moderate-corrosion 0
593.810999999987 -0.000007018433108060092 593.8110040152969 21.385000557650162 479.4069944529474 21.38499278642351 479.40699999999197 2.210485503617144e-12 moderate-corrosion 0
294.7540000000299 -2.2639585791992493e-11 294.75400112081843 9.801998434075292 171.2909990909975 9.801998591482743 171.2910000001284 -9.671725224575465e-8 moderate-corrosion 0
1 9 16 9 16 48 1 48 mild-corrosion 0
152 297 164 297 164 307 152 307 mild-corrosion 0