9 0.644531 0.307031 0.710938 0.145313
7 0.142187 0.521875 0.015625 0.028125
7 0.229687 0.789062 0.028125 0.028125
6 0.085156 0.646094 0.026562 0.029687
6 0.026562 0.934375 0.034375 0.037500
6 0.034375 0.756250 0.034375 0.056250
6 0.023438 0.406250 0.025000 0.043750
6 0.278906 0.807813 0.020313 0.037500
6 0.262500 0.678125 0.025000 0.043750
7 0.206250 0.965625 0.040625 0.053125
6 0.120313 0.932031 0.034375 0.032813
6 0.229687 0.876563 0.021875 0.050000
6 0.129688 0.629687 0.021875 0.050000
6 0.112500 0.570312 0.043750 0.028125
6 0.020313 0.653906 0.028125 0.020313
6 0.283594 0.951562 0.010937 0.031250
6 0.135937 0.706250 0.037500 0.034375
6 0.285938 0.677344 0.006250 0.029687
6 0.237500 0.470313 0.009375 0.025000
7 0.507419 0.894966 0.038078 0.090699