7 0.141130 0.419683 0.092157 0.048741
9 0.581250 0.579688 0.053125 0.059375
9 0.650781 0.564844 0.054688 0.089063
9 0.714063 0.564844 0.062500 0.089063
9 0.782813 0.576562 0.050000 0.065625
9 0.849219 0.529687 0.045312 0.159375
9 0.978125 0.538281 0.043750 0.142187
9 0.660937 0.121094 0.053125 0.242188
9 0.789062 0.220312 0.043750 0.271875
9 0.856250 0.180469 0.037500 0.192188
9 0.920312 0.204687 0.050000 0.221875
9 0.978125 0.173437 0.043750 0.346875
9 0.600000 0.100000 0.062500 0.200000
9 0.914062 0.529687 0.053125 0.159375
9 0.720313 0.139844 0.050000 0.242188
7 0.718750 0.423438 0.053125 0.168750
7 0.644531 0.446094 0.051562 0.120313
7 0.578125 0.470313 0.037500 0.140625
7 0.591406 0.307031 0.026562 0.064062
7 0.857812 0.025000 0.031250 0.050000