0 4.238 60 4.238 60 121 0 121 moderate-corrosion 0
313.5636691387481 302.97331471799293 295.27302014910674 206.4916038797357 627.686404534179 143.4727404096705 645.9791562468308 239.95166731526137 severe-corrosion 0
553 47 575 47 575 79 553 79 moderate-corrosion 0
531 25 539 25 539 33 531 33 moderate-corrosion 0
406 31 419 31 419 41 406 41 moderate-corrosion 0
425 175 433 175 433 196 425 196 mild-corrosion 0
406 68 413 68 413 72 406 72 mild-corrosion 0
496 101 503 101 503 107 496 107 mild-corrosion 0
392 103 400 103 400 109 392 109 mild-corrosion 0
605.8260000000155 70.41899999998635 612.3422068799846 63.24394400453574 645.8491673869867 93.67398602356964 639.3329708404053 100.84903210793615 mild-corrosion 0
331 47 341 47 341 53 331 53 mild-corrosion 0
544 133 578 133 578 147 544 147 mild-corrosion 0
401 10 411 10 411 15 401 15 mild-corrosion 0
348 3 359 3 359 13 348 13 mild-corrosion 0
437 3 446 3 446 9 437 9 mild-corrosion 0
393 173 415 173 415 189 393 189 moderate-corrosion 0
-0.050327732824371196 300.0118840750813 103.2484587613726 275.6194859564499 138.601588360616 425.3228157403458 35.30297572033305 449.71470545334626 severe-corrosion 0
301 547.998 313 547.998 313 574.419 301 574.419 moderate-corrosion 0
313 300 428 300 428 550 313 550 moderate-corrosion 0