7 0.173437 0.129688 0.053125 0.081250
7 0.750781 0.071094 0.107813 0.110937
7 0.289844 0.471094 0.017188 0.029687
7 0.671875 0.432812 0.062500 0.050000
7 0.803906 0.224219 0.035937 0.039062
7 0.383594 0.219531 0.029687 0.039062
7 0.024219 0.950000 0.042188 0.065625
7 0.017188 0.806250 0.034375 0.046875
7 0.124219 0.153906 0.023438 0.029687
6 0.011719 0.135156 0.023438 0.054688
6 0.086719 0.008594 0.014063 0.017188
6 0.134375 0.040625 0.009375 0.018750
6 0.376563 0.020313 0.012500 0.028125
7 0.365625 0.735938 0.028125 0.028125
6 0.226562 0.596094 0.028125 0.029687
6 0.565625 0.800781 0.028125 0.032813
6 0.158594 0.886719 0.035937 0.039062
6 0.171094 0.708594 0.035937 0.057813
6 0.041406 0.666406 0.023438 0.042188
6 0.074219 0.468750 0.032813 0.025000
6 0.176563 0.357812 0.028125 0.043750
6 0.428125 0.754687 0.046875 0.037500
6 0.403906 0.623437 0.026562 0.043750
7 0.335938 0.913281 0.043750 0.054688
6 0.250781 0.881250 0.035937 0.034375
7 0.857031 0.622656 0.039062 0.042188
7 0.764844 0.355469 0.035937 0.060937
7 0.635156 0.608594 0.023438 0.029687
7 0.857812 0.950781 0.056250 0.057813
7 0.828125 0.773438 0.037500 0.078125
7 0.903125 0.833594 0.021875 0.026562
6 0.949219 0.839063 0.029687 0.034375
7 0.769531 0.471094 0.017188 0.026562
7 0.572656 0.490625 0.020313 0.028125
6 0.525000 0.477344 0.025000 0.035937
6 0.361719 0.823438 0.023438 0.050000
7 0.680469 0.748437 0.035937 0.046875
7 0.694531 0.682813 0.035937 0.037500
7 0.599219 0.644531 0.020313 0.023438
6 0.722656 0.888281 0.026562 0.029687
6 0.881250 0.375000 0.018750 0.021875
6 0.990625 0.021094 0.018750 0.023438
6 0.495312 0.290625 0.018750 0.018750
6 0.540625 0.150781 0.031250 0.026562
6 0.586719 0.075781 0.060937 0.048438
6 0.504687 0.734375 0.025000 0.031250
6 0.648438 0.861719 0.018750 0.035937
6 0.962500 0.741406 0.015625 0.026562
6 0.331250 0.224219 0.012500 0.014063
6 0.490625 0.519531 0.012500 0.017188
6 0.707812 0.177344 0.018750 0.029687
6 0.272656 0.578125 0.023438 0.050000
6 0.257812 0.520312 0.043750 0.028125
6 0.099219 0.585156 0.014063 0.020313
6 0.163281 0.605469 0.029687 0.020313
6 0.075781 0.684375 0.014063 0.025000
6 0.029687 0.870313 0.018750 0.031250
6 0.420312 0.898438 0.025000 0.031250
6 0.786719 0.942187 0.023438 0.018750
6 0.584375 0.189062 0.056250 0.100000
6 0.675000 0.226562 0.021875 0.062500
6 0.567187 0.674219 0.034375 0.054688
6 0.850781 0.578125 0.064062 0.040625
6 0.275781 0.655469 0.039062 0.035937
6 0.535937 0.603125 0.018750 0.021875
6 0.435156 0.622656 0.023438 0.029687
6 0.388281 0.417187 0.010937 0.025000
6 0.130469 0.441406 0.014063 0.017188
6 0.065625 0.286719 0.037500 0.039062
6 0.533594 0.405469 0.020313 0.023438
6 0.867969 0.299219 0.014063 0.026562
6 0.695312 0.014844 0.031250 0.026562
6 0.677344 0.124219 0.051562 0.045312