435.7990000000427 160.11299999999926 474.6553722504177 158.24185842727877 497.8308562980965 639.4574327400519 458.97449365736975 641.3284349657229 severe-corrosion 0
422.5223682613432 53.45645141931325 347.3589484585682 669.9960838662596 16.145263164144126 629.6025768300249 91.33096810117422 13.085668164214272 severe-corrosion 0
507.49799999997776 107.9018490000263 507.35843069480325 88.86460972123841 639.9786605356348 87.89201276198091 640.1183209967712 106.92916505465175 severe-corrosion 0
559.4819999999891 350.94700000001666 575.6802523216174 339.6991731089773 609.148640662097 387.89305185545504 592.9504632294265 399.1407881847274 mild-corrosion 0
84 74 101 74 101 101 84 101 mild-corrosion 0
17 507 41 507 41 523 17 523 mild-corrosion 0
457 127 470 127 470 139 457 139 mild-corrosion 0
403 130 416 130 416 144 403 144 mild-corrosion 0
426.9459600187838 641.3000639112853 366.70889683526184 639.5956259330485 371.65588717478386 464.8866982223351 431.88854541447654 466.5910731168967 severe-corrosion 0
105.8403747871489 432.8282015941613 111.94609340869647 483.4027915197795 2.0123466876975726 496.67109343388404 -4.092306429301971 446.0974753348682 severe-corrosion 0
0 599 79 599 79 640 0 640 severe-corrosion 0