148.94871386328305 7.104490073062825 203.84195846381772 -85.39141152881359 425.8922843329492 46.38838378461309 370.99946749825904 138.8838972756372 severe-corrosion 0
371.51619873206073 142.23518108961622 370.9666498693696 166.75930174139097 159.61860043265915 162.02175662934908 160.16843686214997 137.497904658202 severe-corrosion 0
0 139 151.59 139 151.59 152.664 0 152.664 severe-corrosion 0
640 -0.000013550824242161351 640.0006278271758 258.13124445126857 531.8404381038999 258.13056404028475 531.8411407797976 0.0006387274144648134 corroded-part 0
583.8423598482768 256.93496655923786 557.9819281028176 259.3381803462149 544.6580632874247 115.96446359275119 570.5179649062484 113.56127511170824 severe-corrosion 0
255.6751154574158 598.1087916717051 98.76140416068665 675.8839612055897 -46.71795020622085 382.4109757588286 110.18111932906322 304.63997639653735 corroded-part 0
509 573 569 573 569 640 509 640 mild-corrosion 0
545 510 571 510 571 550 545 550 mild-corrosion 0
486 315 558 315 558 477 486 477 moderate-corrosion 0
533 313 599 313 599 332 533 332 moderate-corrosion 0
475 486 496 486 496 526 475 526 mild-corrosion 0
432 483 446 483 446 521 432 521 mild-corrosion 0
383 523 410 523 410 567 383 567 mild-corrosion 0
580 433 593 433 593 450 580 450 mild-corrosion 0