7 0.196875 0.157812 0.037500 0.065625
7 0.332813 0.206250 0.040625 0.071875
7 0.267969 0.065625 0.064062 0.131250
7 0.356250 0.011719 0.071875 0.023438
7 0.516406 0.014063 0.029687 0.028125
7 0.623437 0.925000 0.059375 0.084375
7 0.520312 0.989062 0.043750 0.021875
7 0.431250 0.829688 0.021875 0.068750
7 0.388281 0.803125 0.017188 0.040625
7 0.323437 0.535156 0.053125 0.092188
7 0.239063 0.577344 0.018750 0.035937
7 0.356250 0.410156 0.084375 0.110937
7 0.332813 0.309375 0.053125 0.075000
7 0.500000 0.022656 0.071875 0.045312
7 0.564063 0.103125 0.028125 0.043750
7 0.758594 0.015625 0.023438 0.031250
9 0.893413 0.447548 0.033775 0.192553
9 0.821907 0.163125 0.039957 0.047325
7 0.603159 0.352145 0.028784 0.043384
7 0.507407 0.293623 0.020157 0.029171
7 0.653125 0.717969 0.040625 0.048438
7 0.593750 0.756250 0.037500 0.056250
7 0.540625 0.746094 0.037500 0.070312
9 0.631250 0.531250 0.118750 0.193750
7 0.468893 0.749016 0.030446 0.025497
9 0.684983 0.881050 0.033989 0.022473
6 0.705946 0.433030 0.039083 0.039738