231 30 356 30 356 229 231 229 severe-corrosion 0
190 219 223 219 223 255 190 255 severe-corrosion 0
39 276 77 276 77 301 39 301 severe-corrosion 0
561.3847769807762 255.07622883243488 546.2960954659502 437.7713312635749 415.02386929081695 426.9281398047291 430.11528141447343 244.23608677748928 severe-corrosion 0
455 223 472 223 472 243 455 243 moderate-corrosion 0
489 229 538 229 538 247 489 247 mild-corrosion 0
439 89 493 89 493 201 439 201 moderate-corrosion 0
504 136 564 136 564 170 504 170 moderate-corrosion 0
501 103 573 103 573 128 501 128 mild-corrosion 0
581.5115967521706 94.10241256874707 547.0936662900203 86.04760437457955 568.9694448624505 -7.42636199859739 603.3872699660424 0.6284330359683176 severe-corrosion 0
428 595.27 640 595.27 640 640 428 640 severe-corrosion 0