6 0.497656 0.152344 0.104688 0.117188
6 0.467187 0.062500 0.018750 0.021875
6 0.456250 0.275781 0.046875 0.064062
7 0.490625 0.487500 0.140625 0.259375
7 0.406250 0.640625 0.115625 0.118750
7 0.269531 0.768750 0.210938 0.218750
7 0.064062 0.689844 0.128125 0.167187
6 0.279687 0.474219 0.062500 0.060937
6 0.259375 0.623437 0.040625 0.040625
6 0.564844 0.318750 0.039062 0.062500
6 0.637500 0.328125 0.028125 0.059375
6 0.712500 0.264062 0.050000 0.071875
6 0.747656 0.079687 0.020313 0.037500
6 0.097656 0.509375 0.026562 0.025000
6 0.076563 0.482031 0.025000 0.035937
6 0.076563 0.043750 0.059375 0.081250
6 0.243750 0.133594 0.015625 0.029687
6 0.247656 0.174219 0.017188 0.026562
6 0.923438 0.564063 0.040625 0.053125
6 0.894531 0.891406 0.042188 0.076563
6 0.778125 0.391406 0.031250 0.048438
6 0.786719 0.330469 0.023438 0.035937
6 0.745313 0.078906 0.037500 0.045312
6 0.871094 0.532813 0.020313 0.028125
6 0.887500 0.721094 0.025000 0.045312
6 0.829688 0.656250 0.025000 0.037500
6 0.397656 0.412500 0.023438 0.028125