7 0.639062 0.371094 0.078125 0.070312
7 0.815625 0.370312 0.043750 0.043750
7 0.910937 0.419531 0.040625 0.045312
7 0.834375 0.259375 0.071875 0.037500
7 0.633594 0.125000 0.042188 0.037500
7 0.639844 0.015625 0.073438 0.031250
7 0.959375 0.034375 0.034375 0.018750
6 0.473438 0.303906 0.046875 0.035937
7 0.504687 0.054688 0.053125 0.034375
7 0.892188 0.301563 0.081250 0.037500
7 0.692187 0.137500 0.050000 0.103125
6 0.739062 0.310156 0.025000 0.035937
6 0.721875 0.379688 0.025000 0.021875
6 0.593750 0.196875 0.034375 0.025000
6 0.895312 0.058594 0.025000 0.017188
6 0.984375 0.064844 0.028125 0.032813
6 0.504687 0.086719 0.018750 0.014063
6 0.676562 0.279687 0.015625 0.012500
6 0.781250 0.209375 0.015625 0.012500
6 0.826562 0.026562 0.018750 0.037500
9 0.781942 0.739694 0.074466 0.659707