0 118.22900000000001 219.66900000000004 118.22900000000001 219.66900000000004 198 0 198 severe-corrosion 0
640.0002233636769 182.958 567.7197302534478 182.95800000000003 567.7201641935244 24.728 639.9998893521115 24.72799999999999 severe-corrosion 0
355.8057275220199 197.99964051714852 295.90352676306793 227.59843537159756 209.85579682361276 53.45598136122612 269.7572905034758 23.85736633584063 severe-corrosion 0
634.4541034481517 -0.0006341802980312054 634.4550566191901 198.00024714621574 352.71900499632466 197.9991510648208 352.7201038568455 0.00045703246621841865 moderate-corrosion 0
89.231 198 249 198 249 640 89.231 640 severe-corrosion 0
518.2361836612836 459.19894008944505 500.1288329469389 465.1055753668231 487.3308744751557 425.8775957879154 505.43799999999464 419.97100000000796 mild-corrosion 0
640.0012962319306 640 541.760807231185 640 541.7623434882262 576.6429999999999 640 576.6429999999999 severe-corrosion 0
249 532.831 440.839 532.831 440.839 640 249 640 severe-corrosion 0
465.57699999997567 280.9410000000023 593.5357172295335 248.627470699929 635.0687556372577 413.0821421786429 507.1103183896048 445.3949527890371 moderate-corrosion 0
360.4829974636232 197.99991821909714 360.48303195726476 208.09595567539813 328.06500987651816 208.0960128977727 328.0649999999878 198.00000000001114 moderate-corrosion 0
281.0308927108417 207.29784784373192 311.3544465173618 204.99500118503659 313.8025514979381 237.23015962223428 283.47899831489485 239.53300012797047 moderate-corrosion 0
384.6030481092748 422.4221594081856 344.6280000000115 413.47099999999955 356.9191212581791 358.5880702862815 396.8935420202615 367.5391568602955 moderate-corrosion 0
592.8464657046425 251.16646559213405 595.0779257185059 222.88427178454245 639.4095431135065 226.38184541729282 637.1782025287393 254.66392806978286 moderate-corrosion 0
470.86705955494836 496.709190661696 522.2690175346361 483.97189414611097 560.7547578732192 639.2480146539934 509.3529493952519 651.9848791990423 moderate-corrosion 0
534.2060577479424 231.82000422704644 502.82236364189885 229.52277403551147 505.2527339738299 196.32249270465923 536.636264014378 198.61971690581169 moderate-corrosion 0
475.9869656196679 489.66799342976736 492.7631926459435 492.8740055921925 486.8812218235689 523.6469932126038 470.1049999999668 520.4410000000001 moderate-corrosion 0
403.3430000000226 231.48900000002124 396.7577782156877 215.66113627526641 418.5469999999623 206.5959999999849 425.13223225403635 222.42383310401488 mild-corrosion 0
284 285 313 285 313 307 284 307 mild-corrosion 0
358 268 384 268 384 302 358 302 mild-corrosion 0