211 0 377 0 377 224 211 224 severe-corrosion 0
0 330 145 330 145 640 0 640 severe-corrosion 0
489.4435917065857 563.547146454933 510.91776739987836 534.6586519045532 635.5649975140841 627.2910097075253 614.091917736805 656.1785155767141 severe-corrosion 0
504.449359856153 502.9789797417558 516.3304441024229 507.11404430651413 498.35446887780563 558.7529953394697 486.4734065889206 554.6179752209737 severe-corrosion 0
573.0026917887153 371.211 365.5623823036876 371.2109999999999 365.5660651544895 223.9999999999999 572.999571089822 223.99999999999994 severe-corrosion 0
211 521 239 521 239 584 211 584 moderate-corrosion 0
498.7269540046691 382.52898668718075 520.5129579483764 388.83469293849095 500.7152941253298 457.22624388926454 478.92931895570655 450.9206075715117 severe-corrosion 0
436 408 470 408 470 526 436 526 mild-corrosion 0
358 549 408 549 408 615 358 615 moderate-corrosion 0
304 496 326 496 326 526 304 526 moderate-corrosion 0
300 571 316 571 316 597 300 597 moderate-corrosion 0
446.2039159168489 493.0543220386426 241.81721267617831 535.0483703369674 182.79614507635415 247.7793458378482 387.16711657536507 205.78693996436925 moderate-corrosion 0