9 0.028125 0.038281 0.056250 0.076563
9 0.276562 0.255469 0.068750 0.098437
6 0.205469 0.087500 0.057813 0.062500
6 0.339844 0.445312 0.035937 0.028125
6 0.267188 0.450000 0.068750 0.018750
6 0.178906 0.396094 0.020313 0.060937
6 0.326562 0.347656 0.028125 0.076563
6 0.146875 0.514844 0.059375 0.110937
6 0.151562 0.759375 0.043750 0.156250
6 0.719531 0.812500 0.560937 0.096875
6 0.943750 0.929688 0.053125 0.031250
6 0.786719 0.980469 0.051562 0.039062
6 0.550781 0.980469 0.085938 0.032813
6 0.450781 0.642969 0.023438 0.023438
6 0.767188 0.543750 0.043750 0.028125