9 0.342187 0.333594 0.084375 0.082812
9 0.018750 0.108594 0.025000 0.039062
7 0.260156 0.184375 0.032813 0.025000
7 0.302344 0.019531 0.039062 0.039062
7 0.028125 0.435156 0.056250 0.101562
6 0.022656 0.179688 0.026562 0.040625
6 0.198437 0.293750 0.021875 0.034375
9 0.168750 0.490625 0.071875 0.040625
6 0.182812 0.156250 0.028125 0.018750
9 0.791508 0.357236 0.103198 0.481973
6 0.983916 0.418548 0.078856 0.048840
6 0.782031 0.069531 0.020313 0.017188
6 0.696875 0.082812 0.018750 0.018750
9 0.704688 0.800000 0.590625 0.400000