9 0.794531 0.119531 0.410938 0.239063
7 0.896875 0.282813 0.053125 0.071875
7 0.952344 0.276562 0.026562 0.053125
7 0.685156 0.632812 0.182812 0.093750
7 0.649219 0.498437 0.039062 0.056250
6 0.618750 0.309375 0.031250 0.050000
7 0.760938 0.471094 0.043750 0.129688
7 0.712500 0.290625 0.037500 0.046875
7 0.841406 0.296875 0.029687 0.056250
7 0.817969 0.366406 0.032813 0.035937
7 0.992188 0.455469 0.015625 0.039062
6 0.778125 0.717969 0.075000 0.076563
6 0.638281 0.735156 0.057813 0.051562
6 0.634375 0.907813 0.028125 0.040625
6 0.826562 0.939063 0.028125 0.034375