7 0.096875 0.634375 0.040625 0.043750
7 0.203125 0.707812 0.021875 0.059375
7 0.338281 0.510156 0.026562 0.032813
6 0.571875 0.169531 0.031250 0.051562
6 0.189844 0.171094 0.017188 0.023438
6 0.235937 0.111719 0.015625 0.026562
6 0.359375 0.173437 0.018750 0.018750
6 0.360938 0.289844 0.025000 0.026562
6 0.318750 0.256250 0.015625 0.021875
6 0.771094 0.522656 0.023438 0.042188
6 0.895312 0.562500 0.028125 0.031250
6 0.837500 0.243750 0.040625 0.050000
6 0.851562 0.135937 0.034375 0.028125
6 0.678906 0.133594 0.020313 0.054688
6 0.307031 0.788281 0.054688 0.039062
6 0.623437 0.867188 0.034375 0.021875
6 0.559375 0.786719 0.109375 0.060937
6 0.439844 0.527344 0.048438 0.045312
6 0.443750 0.425781 0.043750 0.048438
6 0.530469 0.602344 0.039062 0.060937
6 0.375781 0.896875 0.014063 0.021875
6 0.903906 0.864062 0.014063 0.037500
6 0.081250 0.439063 0.018750 0.028125
6 0.010937 0.671094 0.015625 0.029687
6 0.072656 0.671094 0.020313 0.020313
6 0.118750 0.703906 0.018750 0.020313
6 0.226562 0.684375 0.021875 0.018750
6 0.320312 0.724219 0.012500 0.017188
6 0.267188 0.483594 0.015625 0.023438
6 0.518750 0.214844 0.015625 0.017188
6 0.329688 0.377344 0.009375 0.014063
9 0.843779 0.523814 0.007191 0.115855