7 0.341406 0.060937 0.060937 0.050000
7 0.046875 0.357812 0.028125 0.028125
6 0.247656 0.414844 0.026562 0.007812
6 0.109375 0.378125 0.046875 0.037500
6 0.079687 0.246875 0.025000 0.043750
7 0.534375 0.256250 0.037500 0.040625
7 0.428906 0.008594 0.032813 0.017188
7 0.309375 0.238281 0.021875 0.029687
7 0.510156 0.392969 0.035937 0.051562
7 0.439063 0.102344 0.015625 0.026562
7 0.243750 0.117188 0.018750 0.028125
6 0.195312 0.102344 0.025000 0.035937
7 0.360938 0.378125 0.034375 0.046875
7 0.373437 0.313281 0.034375 0.035937
7 0.275000 0.271094 0.018750 0.023438
6 0.547656 0.008594 0.017188 0.017188
6 0.185938 0.360938 0.025000 0.031250
6 0.637500 0.377344 0.003125 0.026562
6 0.162500 0.144531 0.012500 0.017188
6 0.243750 0.302344 0.031250 0.054688
6 0.525000 0.210156 0.062500 0.039062
6 0.210938 0.229687 0.018750 0.021875
6 0.110937 0.246094 0.021875 0.029687
6 0.054688 0.039062 0.009375 0.025000
6 0.200000 0.029687 0.018750 0.021875
7 0.763151 0.231662 0.051206 0.046769
6 0.764844 0.346875 0.045312 0.034375
6 0.878125 0.329688 0.040625 0.053125
9 0.819531 0.684247 0.360938 0.359341
6 0.735156 0.460938 0.192188 0.084375