9 0.697656 0.234375 0.045312 0.468750
9 0.653125 0.243750 0.040625 0.450000
9 0.607812 0.234375 0.053125 0.468750
9 0.564844 0.256250 0.029687 0.425000
6 0.564063 0.019531 0.028125 0.039062
6 0.899219 0.439063 0.020313 0.059375
6 0.914844 0.087500 0.045312 0.156250
6 0.982812 0.451562 0.025000 0.034375
6 0.948438 0.228125 0.028125 0.090625
6 0.942969 0.331250 0.035937 0.043750
9 0.775000 0.948438 0.450000 0.103125
9 0.775000 0.729688 0.450000 0.146875
9 0.775000 0.526563 0.450000 0.115625
7 0.817187 0.867188 0.128125 0.068750