186 380 333 380 333 545 186 545 moderate-corrosion 0
274 0 432 0 432 170 274 170 moderate-corrosion 0
518 0 596 0 596 87 518 87 moderate-corrosion 0
123 445 185 445 185 536 123 536 mild-corrosion 0
0 532 53 532 53 607 0 607 mild-corrosion 0
153 0 183 0 183 14 153 14 mild-corrosion 0
152 29 179 29 179 58 152 58 mild-corrosion 0
466 238 490 238 490 276 466 276 mild-corrosion 0
406 312 425 312 425 341 406 341 mild-corrosion 0
612 0 629 0 629 16 612 16 mild-corrosion 0
579 251 604 251 604 287 579 287 mild-corrosion 0
554 431 581 431 581 483 554 483 mild-corrosion 0
527 505 551 505 551 538 527 538 mild-corrosion 0
446 514 481 514 481 560 446 560 mild-corrosion 0
358 509 390 509 390 553 358 553 mild-corrosion 0
401 553 414 553 414 574 401 574 mild-corrosion 0
357 383 383 383 383 420 357 420 mild-corrosion 0
372 436 392 436 392 462 372 462 mild-corrosion 0
0 474 19 474 19 509 0 509 mild-corrosion 0
54 402 71 402 71 425 54 425 mild-corrosion 0
43 389 59 389 59 412 43 412 mild-corrosion 0
0 29 18 29 18 65 0 65 mild-corrosion 0
77 48 92 48 92 68 77 68 mild-corrosion 0
76 71 89 71 89 87 76 87 mild-corrosion 0
286 197 299 197 299 215 286 215 mild-corrosion 0
205 159 219 159 219 185 205 185 mild-corrosion 0
112 181 131 181 131 214 112 214 mild-corrosion 0
111 576 130 576 130 604 111 604 mild-corrosion 0
128 599 146 599 146 622 128 622 mild-corrosion 0
148 411 167 411 167 435 148 435 mild-corrosion 0
513 395 538 395 538 430 513 430 mild-corrosion 0
492 380 505 380 505 401 492 401 mild-corrosion 0
321 271 340 271 340 294 321 294 mild-corrosion 0