9 0.264844 0.300000 0.529687 0.600000
9 0.263281 0.987500 0.042188 0.025000
9 0.239844 0.693750 0.092188 0.050000
9 0.189062 0.660937 0.040625 0.031250
6 0.386719 0.605469 0.032813 0.010937
6 0.178125 0.885938 0.025000 0.028125
6 0.266406 0.757812 0.064062 0.034375
6 0.064844 0.731250 0.026562 0.021875
6 0.033594 0.950781 0.035937 0.045312
7 0.214062 0.987500 0.031250 0.025000
7 0.159375 0.974219 0.028125 0.032813
6 0.429688 0.626563 0.031250 0.046875
6 0.062500 0.862500 0.018750 0.012500
6 0.140625 0.734375 0.031250 0.021875
9 0.764844 0.861451 0.470313 0.277098