9 0.634375 0.112500 0.071875 0.103125
9 0.930469 0.239063 0.054688 0.340625
9 0.975781 0.253125 0.048438 0.312500
9 0.726562 0.367188 0.065625 0.084375
9 0.829688 0.374219 0.053125 0.070312
9 0.950000 0.026562 0.031250 0.053125
6 0.826562 0.079687 0.028125 0.043750
6 0.551562 0.096094 0.068750 0.054688
6 0.795312 0.267188 0.025000 0.068750
7 0.591406 0.025000 0.142187 0.050000
7 0.642188 0.296094 0.078125 0.226562
7 0.857812 0.232813 0.081250 0.196875
6 0.720313 0.032813 0.040625 0.046875
6 0.774219 0.096875 0.054688 0.081250
6 0.349327 0.679484 0.033030 0.056671