95.76703930455551 331.7529784585111 55.44949852301215 334.39677846613813 33.52200000001176 -2.2263882770244617e-13 73.83762898927671 -2.643731736857762 severe-corrosion 0
499.869 111.845 640 111.845 640 332 499.869 332 corroded-part 0
0 519.036 67.137 519.036 67.137 640 0 640 severe-corrosion 0
0 349.805 40.308 349.805 40.308 466.942 0 466.942 severe-corrosion 0
435.01749751936586 640 112.82373106951127 640 112.84480707763578 331.9999999999999 435 332.0000000000001 severe-corrosion 0
73 528 124 528 124 576 73 576 severe-corrosion 0
102 448 208 448 208 522 102 522 severe-corrosion 0
25 466 47 466 47 478 25 478 severe-corrosion 0
45 552 79 552 79 570 45 570 severe-corrosion 0
435 490.475 640 490.475 640 640 435 640 corroded-part 0
27.75401311700989 350.7046170652438 105.07073125787429 286.2823484830832 187.60695611672418 385.3300333314477 110.29131575596693 449.7511402502972 severe-corrosion 0