9 0.704688 0.062500 0.146875 0.125000
9 0.681250 0.263281 0.037500 0.273438
6 0.795312 0.328125 0.037500 0.037500
6 0.993750 0.253906 0.012500 0.064062
9 0.368750 0.792188 0.206250 0.165625
9 0.285156 0.459375 0.032813 0.062500
9 0.058594 0.403906 0.035937 0.007812
9 0.479687 0.864062 0.028125 0.031250
9 0.500781 0.992188 0.026562 0.015625
7 0.009375 0.964063 0.018750 0.025000
7 0.046094 0.790625 0.039062 0.059375
7 0.512500 0.478125 0.028125 0.028125
6 0.194531 0.868750 0.029687 0.037500
6 0.230469 0.533594 0.014063 0.020313
9 0.534375 0.579688 0.037500 0.059375
9 0.561719 0.892188 0.026562 0.043750
9 0.375000 0.921094 0.040625 0.054688
6 0.566406 0.950781 0.020313 0.032813
6 0.588281 0.475000 0.039062 0.037500
7 0.018750 0.724219 0.025000 0.035937
9 0.733761 0.935888 0.208147 0.128223