46.959999999999994 0 285.89 0 285.89 134 46.959999999999994 134 moderate-corrosion 0
482 0 579 0 579 134 482 134 severe-corrosion 0
352 0 422 0 422 134 352 134 severe-corrosion 0
189 623 195 623 195 633 189 633 mild-corrosion 0
205 626 214 626 214 640 205 640 mild-corrosion 0
196 627 202 627 202 640 196 640 mild-corrosion 0
225 494 230 494 230 504 225 504 mild-corrosion 0
178 498 182 498 182 504 178 504 mild-corrosion 0
162 533 167 533 167 540 162 540 mild-corrosion 0
235 622 241 622 241 640 235 640 mild-corrosion 0
227 630 232 630 232 640 227 640 mild-corrosion 0
217 609 222 609 222 618 217 618 mild-corrosion 0
253 586 261 586 261 596 253 596 mild-corrosion 0
263 604 269 604 269 614 263 614 mild-corrosion 0
289 602 297 602 297 610 289 610 mild-corrosion 0
272 590 276 590 276 594 272 594 mild-corrosion 0
258 577 262 577 262 581 258 581 mild-corrosion 0
253 569 259 569 259 573 253 573 mild-corrosion 0
242 545 246 545 246 553 242 553 mild-corrosion 0
237 578 239 578 239 584 237 584 mild-corrosion 0
330 592 334 592 334 600 330 600 mild-corrosion 0
327 587 332 587 332 594 327 594 mild-corrosion 0
315 576 318 576 318 582 315 582 mild-corrosion 0
335 613 340 613 340 624 335 624 mild-corrosion 0
343 612 347 612 347 618 343 618 mild-corrosion 0
164 550 166 550 166 556 164 556 mild-corrosion 0
317 524 323 524 323 532 317 532 mild-corrosion 0
310 530 314 530 314 536 310 536 mild-corrosion 0
315 539 319 539 319 548 315 548 mild-corrosion 0
349 575 352 575 352 581 349 581 mild-corrosion 0
253 631 264 631 264 640 253 640 mild-corrosion 0
247 625 252 625 252 634 247 634 mild-corrosion 0
332 564 336 564 336 570 332 570 mild-corrosion 0
344 561 352 561 352 572 344 572 mild-corrosion 0
195 349 199 349 199 355 195 355 mild-corrosion 0
165 346 167 346 167 352 165 352 mild-corrosion 0
178 325 180 325 180 329 178 329 mild-corrosion 0
220 444 222 444 222 450 220 450 mild-corrosion 0
49 298 54 298 54 308 49 308 mild-corrosion 0
55 329 65 329 65 349 55 349 mild-corrosion 0
139 598 142 598 142 605 139 605 mild-corrosion 0
140 539 146 539 146 552 140 552 mild-corrosion 0
127 529 133 529 133 539 127 539 mild-corrosion 0
97 542 101 542 101 550 97 550 mild-corrosion 0
94 586 98 586 98 596 94 596 mild-corrosion 0
101.13122634313186 588.7061445200562 103.91799999997602 589.6199999999949 87.09276843001135 640.9138442023934 84.30599999999686 640.0000000000051 severe-corrosion 0
88.3810759242624 635.9307410817437 69.23270894098096 654.783382794435 -11.581796050377307 572.7229154704845 7.566069032109226 553.8707580181131 severe-corrosion 0
13 568 15 568 15 583 13 583 mild-corrosion 0
19 572 22 572 22 580 19 580 mild-corrosion 0
27 578 33 578 33 588 27 588 mild-corrosion 0
23 542 26 542 26 550 23 550 mild-corrosion 0
46 519 50 519 50 527 46 527 mild-corrosion 0
54 526 56 526 56 531 54 531 mild-corrosion 0
51 542 53 542 53 548 51 548 mild-corrosion 0
55 544 57 544 57 548 55 548 mild-corrosion 0
42 540 44 540 44 544 42 544 mild-corrosion 0
39 541 42 541 42 545 39 545 mild-corrosion 0
70 572 74 572 74 590 70 590 mild-corrosion 0
85 555 89 555 89 561 85 561 mild-corrosion 0
81 555 83 555 83 558 81 558 mild-corrosion 0
71 550 73 550 73 554 71 554 mild-corrosion 0
51 569 53 569 53 574 51 574 mild-corrosion 0
38 570 42 570 42 576 38 576 mild-corrosion 0
45 565 46 565 46 569 45 569 mild-corrosion 0
46 567 49 567 49 571 46 571 mild-corrosion 0
44 572 46 572 46 577 44 577 mild-corrosion 0
64 589 70 589 70 600 64 600 mild-corrosion 0
65 492 69 492 69 500 65 500 mild-corrosion 0
73 520 75 520 75 524 73 524 mild-corrosion 0
75 521 77 521 77 525 75 525 mild-corrosion 0
77 517 79 517 79 521 77 521 mild-corrosion 0
81 513 83 513 83 517 81 517 mild-corrosion 0
84 494 86 494 86 498 84 498 mild-corrosion 0
89 543 92 543 92 547 89 547 mild-corrosion 0
91 536 93 536 93 540 91 540 mild-corrosion 0
53 464 56 464 56 470 53 470 mild-corrosion 0
103 135 112 135 112 151 103 151 mild-corrosion 0
236 268 240 268 240 275 236 275 mild-corrosion 0
106 276 122 276 122 295 106 295 mild-corrosion 0
154 231 159 231 159 239 154 239 mild-corrosion 0
640.0196846367908 597 351.99525116993755 596.9999999999999 352.01910840682103 133.99999999999994 640 134 severe-corrosion 0