7 0.344531 0.078125 0.070312 0.037500
7 0.216406 0.103125 0.064062 0.046875
7 0.317969 0.153125 0.064062 0.043750
7 0.154688 0.264844 0.075000 0.060937
7 0.349219 0.300781 0.057813 0.076563
6 0.057813 0.106250 0.021875 0.025000
6 0.341406 0.636719 0.032813 0.004687
6 0.389062 0.045312 0.021875 0.018750
9 0.586719 0.276562 0.070312 0.131250
9 0.971875 0.274219 0.034375 0.045312
6 0.997656 0.314063 0.004687 0.021875
9 0.200000 0.867188 0.400000 0.265625
9 0.228906 0.685156 0.217188 0.092188
7 0.456250 0.901205 0.112500 0.197589