7 0.164062 0.621875 0.037500 0.040625
7 0.278125 0.685156 0.018750 0.057813
7 0.389062 0.478125 0.025000 0.031250
7 0.794531 0.958594 0.020313 0.032813
7 0.880469 0.953125 0.017188 0.031250
6 0.059375 0.939063 0.025000 0.025000
6 0.022656 0.676562 0.023438 0.028125
6 0.015625 0.487500 0.015625 0.034375
6 0.581250 0.121875 0.028125 0.050000
6 0.204687 0.153906 0.015625 0.023438
6 0.244531 0.092188 0.014063 0.025000
6 0.372656 0.142969 0.017188 0.017188
6 0.386719 0.259375 0.023438 0.025000
6 0.341406 0.227344 0.014063 0.020313
6 0.816406 0.456250 0.020313 0.040625
6 0.942187 0.485156 0.025000 0.029687
6 0.850000 0.173437 0.037500 0.046875
6 0.853906 0.065625 0.032813 0.025000
6 0.683594 0.078906 0.017188 0.054688
6 0.388281 0.758594 0.051562 0.035937
6 0.707031 0.809375 0.032813 0.018750
6 0.637500 0.735938 0.106250 0.053125
6 0.489844 0.486719 0.045312 0.042188
6 0.482812 0.386719 0.040625 0.045312
6 0.587500 0.553906 0.034375 0.057813
6 0.303906 0.996094 0.023438 0.007812
6 0.467187 0.860156 0.012500 0.020313
6 0.983594 0.783594 0.010937 0.035937
6 0.128125 0.428906 0.015625 0.026562
6 0.083594 0.666406 0.014063 0.029687
6 0.143750 0.659375 0.018750 0.018750
6 0.194531 0.689063 0.017188 0.018750
6 0.297656 0.661719 0.020313 0.017188
6 0.395313 0.692187 0.012500 0.015625
6 0.316406 0.457813 0.014063 0.021875
6 0.534375 0.171094 0.015625 0.017188
6 0.365625 0.348438 0.009375 0.012500
9 0.894728 0.432070 0.019543 0.120058
9 0.845358 0.657060 0.078049 0.214785