73 275 167 275 167 369 73 369 moderate-corrosion 0
0 325 62 325 62 360 0 360 moderate-corrosion 0
45.86711164061853 329.8866832867921 -107.38874889197177 125.46262270767227 238.60125125327613 -133.91894716844183 391.8540291113459 70.49978171230667 severe-corrosion 0
306.4775945698784 292.0474459426347 339.00000000001455 96.87499999998634 670.3700938011752 152.09007391401153 637.8539939845359 347.2567067379583 severe-corrosion 0
497 122 602 122 602 174 497 174 mild-corrosion 0
446 71 458 71 458 88 446 88 mild-corrosion 0
49.31461481945007 512.946720532008 20.667201423784718 529.3069030468066 -19.210071087945835 459.4917179511925 9.43666558865516 443.13178034388557 severe-corrosion 0
305 440 322 440 322 462 305 462 mild-corrosion 0
410 459 473 459 473 505 410 505 mild-corrosion 0
638.8972497828217 454.5944025563497 642.1536971585738 477.3196111182323 543.8910000000033 491.3970000000164 540.6349937077903 468.6721885737672 mild-corrosion 0
504.5590000000084 465.55500000001643 499.3959904320218 442.0237116589937 544.9089148989151 432.0391424708339 550.0720540621114 455.5702463881448 mild-corrosion 0
640.0004551792517 437.028 589.8949999999604 437.028 589.8954909732856 374.31899999999996 640 374.31899999999996 mild-corrosion 0