9 0.517188 0.154688 0.256250 0.062500
9 0.515625 0.058594 0.253125 0.067187
7 0.016406 0.902344 0.032813 0.039062
7 0.126562 0.959375 0.018750 0.056250
7 0.242188 0.744531 0.025000 0.029687
6 0.243750 0.525781 0.021875 0.023438
6 0.199219 0.496875 0.014063 0.018750
6 0.342187 0.747656 0.043750 0.039062
6 0.337500 0.646875 0.040625 0.043750
6 0.042188 0.967969 0.015625 0.017188
6 0.147656 0.934375 0.020313 0.015625
6 0.243750 0.959375 0.012500 0.015625
6 0.168750 0.729688 0.012500 0.021875
6 0.221875 0.615625 0.009375 0.012500
9 0.694531 0.719531 0.610938 0.560937