173 171 186 171 186 179 173 179 mild-corrosion 0
202 128 224 128 224 160 202 160 mild-corrosion 0
0 55 94 55 94 93 0 93 severe-corrosion 0
74 111 107 111 107 141 74 141 moderate-corrosion 0
86 152 133 152 133 171 86 171 mild-corrosion 0
286.9382342437166 114.53963208259768 306.41004746896215 83.96669005843745 340.82860980204714 105.88759685613716 321.3568555127131 136.46048680096087 moderate-corrosion 0
224.0019372614188 627.6660000000002 183.93499456942664 627.6660000000002 183.93680881832552 384.03699999999986 223.99995682921144 384.03699999999986 severe-corrosion 0
355 494 449 494 449 588 355 588 moderate-corrosion 0
243 544 344 544 344 580 243 580 moderate-corrosion 0
315.35839061587467 554.1289704433024 181.85791410556703 291.3892597250939 591.3866159478494 83.32866546213545 724.8860048480128 346.0487618975286 severe-corrosion 0
224 179 395 179 395 212 224 212 moderate-corrosion 0