7 0.300000 0.464844 0.121875 0.107813
6 0.445312 0.323437 0.025000 0.059375
6 0.326562 0.084375 0.015625 0.025000
6 0.025000 0.028125 0.018750 0.040625
7 0.020313 0.482031 0.040625 0.057813
7 0.064844 0.304688 0.054688 0.081250
7 0.037500 0.202344 0.028125 0.064062
7 0.164062 0.107813 0.034375 0.065625
7 0.281250 0.089063 0.043750 0.081250
6 0.411719 0.128906 0.020313 0.039062
7 0.171094 0.293750 0.039062 0.084375
7 0.230469 0.203125 0.064062 0.093750
7 0.157031 0.494531 0.151562 0.048438
7 0.179688 0.418750 0.075000 0.115625
7 0.263281 0.332031 0.107813 0.132812
7 0.449219 0.501563 0.020313 0.034375
6 0.371875 0.357812 0.046875 0.068750
6 0.026562 0.390625 0.040625 0.050000
9 0.187943 0.759375 0.025207 0.482531
9 0.673438 0.555469 0.128125 0.073438
6 0.471094 0.587500 0.010937 0.018750