0 433 247 433 247 460 0 460 severe-corrosion 0
0 0 275 0 275 146 0 146 severe-corrosion 0
25 151 59 151 59 197 25 197 moderate-corrosion 0
69 153 86 153 86 187 69 187 moderate-corrosion 0
129 249 140 249 140 275 129 275 mild-corrosion 0
266 206 272 206 272 222 266 222 mild-corrosion 0
0 165 16 165 16 201 0 201 moderate-corrosion 0
98 272 114 272 114 297 98 297 moderate-corrosion 0
438 267 640 267 640 460 438 460 severe-corrosion 0
128.06448950475897 639.9046711239059 13.364022873793147 641.1340012332057 11.604334787261905 476.66783528696783 126.29706008119683 475.4385463433183 severe-corrosion 0
16 460 111 460 111 484 16 484 mild-corrosion 0
372 548 640 548 640 610 372 610 mild-corrosion 0
424 464 450 464 450 479 424 479 mild-corrosion 0