9 0.546122 0.650489 0.923553 0.262050
9 0.500000 0.366424 1.000000 0.624783
7 0.750000 0.585156 0.125000 0.142187
7 0.576562 0.414062 0.075000 0.131250
7 0.122656 0.427344 0.082812 0.067187
7 0.037500 0.621875 0.034375 0.031250
7 0.349219 0.450000 0.017188 0.043750
7 0.370312 0.516406 0.046875 0.029687
7 0.482031 0.407813 0.026562 0.046875
7 0.510938 0.460938 0.040625 0.050000
7 0.646875 0.477344 0.056250 0.032813
7 0.017969 0.836719 0.029687 0.029687
7 0.125000 0.035937 0.112500 0.071875
7 0.348438 0.057031 0.031250 0.026562
7 0.530469 0.036719 0.039062 0.054688
6 0.010156 0.045312 0.020313 0.059375
6 0.216406 0.479687 0.017188 0.015625