9 0.409375 0.787500 0.043750 0.034375
9 0.370312 0.488281 0.093750 0.057813
9 0.318750 0.452344 0.040625 0.035937
6 0.515625 0.403906 0.034375 0.032813
6 0.689063 0.421875 0.031250 0.028125
6 0.038281 0.606250 0.020313 0.031250
6 0.559375 0.325781 0.028125 0.026562
6 0.579688 0.225000 0.018750 0.028125
6 0.621875 0.285938 0.053125 0.062500
6 0.621094 0.363281 0.026562 0.029687
6 0.318750 0.675000 0.025000 0.031250
6 0.401562 0.554688 0.065625 0.040625
6 0.198437 0.510938 0.028125 0.025000
6 0.879687 0.513281 0.025000 0.020313
6 0.176563 0.727344 0.037500 0.048438
7 0.275000 0.970313 0.031250 0.025000
7 0.685156 0.950781 0.054688 0.045312
7 0.360156 0.785937 0.032813 0.037500
7 0.303906 0.761719 0.029687 0.035937
6 0.559375 0.436719 0.034375 0.048438
6 0.717187 0.328125 0.043750 0.050000
6 0.692969 0.360938 0.026562 0.028125
6 0.465625 0.277344 0.040625 0.039062
6 0.201563 0.642188 0.018750 0.015625
6 0.275781 0.519531 0.032813 0.023438
6 0.970313 0.543750 0.021875 0.021875