12 35 57 35 57 119 12 119 severe-corrosion 0
270 60 288 60 288 90 270 90 severe-corrosion 0
0 271.3459999999777 -7.664449153817259 207.23157457478916 279.65697545987496 172.88206484423375 287.32275166788895 236.9950843639879 severe-corrosion 0
288 291 640 291 640 315 288 315 severe-corrosion 0
384 333 460 333 460 379 384 379 moderate-corrosion 0
288 33 640 33 640 242 288 242 severe-corrosion 0
507 362 535 362 535 394 507 394 mild-corrosion 0
120 557 208 557 208 622 120 622 moderate-corrosion 0
119 407 193 407 193 467 119 467 moderate-corrosion 0
28 482 74 482 74 510 28 510 moderate-corrosion 0
259 420 288 420 288 449 259 449 mild-corrosion 0
110 484 162 484 162 513 110 513 mild-corrosion 0
45 521 70 521 70 541 45 541 mild-corrosion 0
288 396 640 396 640 526 288 526 corroded-part 0
482.43062670466315 642.8149140231881 427.7281580716226 639.0434724840567 444.0690198752418 402.115195970636 498.76658290435444 405.88647066348346 corroded-part 0