9 0.077344 0.009375 0.070312 0.018750
9 0.021875 0.440625 0.043750 0.103125
9 0.288281 0.542969 0.023438 0.292187
9 0.100000 0.671094 0.065625 0.035937
9 0.203125 0.678125 0.053125 0.021875
6 0.200000 0.407813 0.028125 0.043750
6 0.168750 0.595313 0.025000 0.068750
7 0.200781 0.163281 0.198437 0.251563
7 0.017969 0.275000 0.035937 0.206250
7 0.027344 0.600000 0.054688 0.178125
7 0.231250 0.560937 0.081250 0.196875
6 0.093750 0.360938 0.040625 0.046875
6 0.147656 0.425000 0.054688 0.081250
9 0.674891 0.476491 0.223642 0.223721
6 0.024219 0.739062 0.048438 0.100000
6 0.132031 0.719531 0.048438 0.060937