6 0.106250 0.545312 0.037500 0.062500
6 0.080469 0.875781 0.032813 0.042188
6 0.026562 0.842187 0.046875 0.059375
9 0.326562 0.201563 0.081250 0.106250
9 0.475000 0.165625 0.109375 0.103125
9 0.596875 0.130469 0.075000 0.098437
6 0.612500 0.018750 0.031250 0.037500
6 0.167969 0.627344 0.035937 0.054688
7 0.207813 0.617969 0.031250 0.054688
9 0.349219 0.611719 0.045312 0.073438
9 0.503125 0.603906 0.078125 0.107813
9 0.790625 0.739844 0.075000 0.401562
9 0.855469 0.753125 0.110937 0.384375
9 0.582031 0.864844 0.070312 0.110937
9 0.685156 0.865625 0.057813 0.100000
9 0.824219 0.482031 0.035937 0.085938
6 0.696875 0.559375 0.031250 0.046875
6 0.421094 0.592187 0.070312 0.059375
6 0.277344 0.622656 0.082812 0.082812
6 0.657031 0.747656 0.029687 0.070312
6 0.059375 0.420312 0.040625 0.031250
7 0.241406 0.053125 0.120313 0.106250
7 0.716406 0.314063 0.223438 0.265625
7 0.289844 0.414062 0.114062 0.290625
7 0.734375 0.075781 0.193750 0.151562
7 0.884375 0.078906 0.062500 0.157812
7 0.939063 0.426563 0.081250 0.200000
7 0.973437 0.137500 0.040625 0.181250
7 0.468750 0.441406 0.153125 0.214062
7 0.498437 0.818750 0.093750 0.296875
7 0.720313 0.709375 0.090625 0.203125
6 0.593750 0.517188 0.043750 0.050000
6 0.643750 0.578125 0.059375 0.084375