9 0.015625 0.139844 0.031250 0.095312
9 0.100781 0.114062 0.070312 0.093750
6 0.110156 0.009375 0.029687 0.018750
9 0.033594 0.544531 0.067187 0.029687
9 0.346875 0.481250 0.031250 0.084375
6 0.222656 0.542969 0.029687 0.032813
7 0.232031 0.304688 0.210938 0.253125
7 0.235156 0.067969 0.185938 0.135937
7 0.385156 0.078125 0.051562 0.156250
7 0.452344 0.432031 0.054688 0.195312
7 0.471875 0.144531 0.015625 0.179688
7 0.029687 0.415625 0.059375 0.206250
6 0.117188 0.501563 0.040625 0.046875
6 0.171094 0.541406 0.054688 0.035937
7 0.597656 0.052344 0.085938 0.104688
7 0.551562 0.385156 0.143750 0.348438
6 0.606250 0.129688 0.065625 0.021875