23 0 45 0 45 20 23 20 mild-corrosion 0
18 199 38 199 38 224 18 224 mild-corrosion 0
0 169 6 169 6 205 0 205 mild-corrosion 0
65 39 87 39 87 73 65 73 mild-corrosion 0
92 34 110 34 110 68 92 68 moderate-corrosion 0
179 31 205 31 205 76 179 76 severe-corrosion 0
267 21 313 21 313 87 267 87 severe-corrosion 0
328 190 370 190 370 224 328 224 severe-corrosion 0
398 199 422 199 422 224 398 224 severe-corrosion 0
403 19 422 19 422 47 403 47 mild-corrosion 0
215 26 259 26 259 61 215 61 mild-corrosion 0
121 33 171 33 171 83 121 83 mild-corrosion 0
385 131 401 131 401 175 385 175 mild-corrosion 0
270 99 320 99 320 224 270 224 moderate-corrosion 0
407 67 422 67 422 194 407 194 moderate-corrosion 0
332 0 358 0 358 17 332 17 mild-corrosion 0
362 18 397 18 397 70 362 70 mild-corrosion 0
470 0 536 0 536 68 470 68 moderate-corrosion 0
422 50 484 50 484 184 422 184 moderate-corrosion 0
238.63283796374162 515.666273101711 269.2957325435418 515.2588651610116 270.56406151808915 610.695949197861 239.90116705943365 611.1033489883156 corroded-part 0
422 224 640 224 640 640 422 640 severe-corrosion 0