0 0 18 0 18 9 0 9 mild-corrosion 0
570.9259813700191 218.79168274443956 542.2676152746135 216.3394082171615 560.932974189418 -1.7843934095969796 589.5908060141664 0.667857223865093 severe-corrosion 0
538.3222865509015 137.78134309535238 554.302392063837 136.07416335938063 561.4863371063984 203.31836094096403 545.5062328456552 205.02553331953078 severe-corrosion 0
509.2685707585042 350.82045619773027 524.0456978780276 438.5581300812754 359.06733898278617 466.3380879341606 344.29272823093925 378.6026763967468 severe-corrosion 0
0 460 286.555 460 286.555 640 0 640 corroded-part 0
390 488 424 488 424 534 390 534 moderate-corrosion 0
434 490 451 490 451 524 434 524 moderate-corrosion 0
494 586 505 586 505 612 494 612 mild-corrosion 0
631 543 637 543 637 559 631 559 mild-corrosion 0
362 502 381 502 381 538 362 538 moderate-corrosion 0
358 553 367 553 367 576 358 576 moderate-corrosion 0
463 609 479 609 479 634 463 634 moderate-corrosion 0