7 0.978125 0.123438 0.018750 0.056250
7 0.861719 0.335938 0.023438 0.028125
6 0.869531 0.056250 0.051562 0.031250
6 0.549219 0.025000 0.032813 0.015625
6 0.618750 0.095312 0.106250 0.046875
6 0.760938 0.332031 0.043750 0.035937
6 0.665625 0.273438 0.034375 0.056250
6 0.957031 0.148438 0.020313 0.015625
6 0.860938 0.123438 0.012500 0.015625
6 0.934375 0.345313 0.012500 0.009375
9 0.179688 0.567187 0.359375 0.146875
9 0.179688 0.818750 0.359375 0.215625
7 0.242188 0.432031 0.128125 0.045312
9 0.679688 0.675000 0.640625 0.650000
9 0.794531 0.384375 0.157812 0.068750