0 167 21 167 21 267 0 267 mild-corrosion 0
73 212 87 212 87 250 73 250 mild-corrosion 0
624.2620439821621 -1.3724510085956676 626.4952516800986 73.45935075108214 275.29803687801177 83.93908526389966 273.06524020845245 9.107738822710392 moderate-corrosion 0
155 467 182 467 182 495 155 495 severe-corrosion 0
186 457 210 457 210 481 186 481 severe-corrosion 0
214 464 240 464 240 493 214 493 severe-corrosion 0
0 503.29 108 503.29 108 640 0 640 severe-corrosion 0
339.43810070581094 644.296762472072 312.2430660642567 639.2037008643565 344.9720091906056 464.4920467522526 372.16511756181717 469.5849241111632 moderate-corrosion 0
602 371 640 371 640 400 602 400 severe-corrosion 0
596 488 640 488 640 520 596 520 mild-corrosion 0
555 439 568 439 568 477 555 477 mild-corrosion 0