638.5383078581071 200.71157437683462 642.989972744108 273.220067008159 231.07380346220452 298.5014563121393 226.6251303343597 225.99616743644958 severe-corrosion 0
323 24 342 24 342 50 323 50 moderate-corrosion 0
106.77170907903928 332.75767410347305 111.13842762308195 274.5235701901668 234.36575034589623 283.76283574180155 229.99991738375684 341.99610196765343 severe-corrosion 0
235 308 266 308 266 373 235 373 moderate-corrosion 0
278 342 307 342 307 392 278 392 moderate-corrosion 0
371 381 400 381 400 433 371 433 moderate-corrosion 0
451 430 491 430 491 487 451 487 moderate-corrosion 0
230 550.7919999999772 224.00144748746243 492.7269502744332 636.4213969623961 450.115835926445 642.4238967406563 508.1763068068776 severe-corrosion 0
604 356 634 356 634 402 604 402 mild-corrosion 0
530 306 602 306 602 364 530 364 mild-corrosion 0
302 612 312 612 312 640 302 640 mild-corrosion 0