0 0.681250 0.986719 0.046875 0.023438
0 0.458594 0.966406 0.032813 0.060937
0 0.428906 0.932031 0.032813 0.042188
0 0.378125 0.834375 0.031250 0.050000
0 0.228125 0.740625 0.043750 0.068750
0 0.105469 0.753125 0.035937 0.062500
0 0.352344 0.192188 0.039062 0.053125
0 0.568750 0.252344 0.028125 0.039062
0 0.539844 0.232813 0.020313 0.031250
0 0.442188 0.181250 0.015625 0.031250
0 0.798438 0.071094 0.040625 0.060937
0 0.757031 0.220312 0.042188 0.040625
0 0.492969 0.535156 0.039062 0.045312
0 0.570312 0.631250 0.040625 0.059375
0 0.742188 0.906250 0.025000 0.037500
0 0.903906 0.708594 0.023438 0.039062
0 0.926562 0.608594 0.021875 0.042188
0 0.677344 0.706250 0.026562 0.043750
0 0.435156 0.665625 0.029687 0.075000
0 0.404687 0.646875 0.015625 0.034375
0 0.454688 0.460938 0.021875 0.034375
0 0.172656 0.249219 0.014063 0.032813
0 0.530469 0.835938 0.026562 0.040625
8 0.864844 0.800781 0.039062 0.051562
8 0.324219 0.515625 0.023438 0.031250