0 0.288281 0.967969 0.045312 0.064062
0 0.509375 0.937500 0.031250 0.059375
0 0.540625 0.906250 0.031250 0.040625
0 0.594531 0.811719 0.029687 0.048438
0 0.746094 0.726562 0.042188 0.065625
0 0.866406 0.746094 0.032813 0.060937
0 0.989062 0.583594 0.021875 0.060937
0 0.637500 0.175000 0.037500 0.050000
0 0.422656 0.221875 0.026562 0.037500
9 0.450781 0.205469 0.020313 0.029687
9 0.550000 0.160156 0.015625 0.029687
9 0.200000 0.032031 0.037500 0.057813
9 0.235937 0.178906 0.040625 0.039062
9 0.487500 0.508594 0.037500 0.042188
9 0.409375 0.599219 0.040625 0.054688
9 0.230469 0.863281 0.023438 0.035937
9 0.076563 0.658594 0.021875 0.039062
9 0.055469 0.556250 0.020313 0.040625
9 0.057813 0.982031 0.028125 0.035937
9 0.300000 0.668750 0.025000 0.043750
9 0.542969 0.641406 0.026562 0.073438
9 0.573438 0.624219 0.015625 0.032813
7 0.528906 0.435156 0.020313 0.032813
9 0.814063 0.239844 0.012500 0.032813
9 0.442969 0.805469 0.026562 0.039062
9 0.110156 0.752344 0.035937 0.048438
9 0.656250 0.497656 0.021875 0.029687