0 0.332031 0.963281 0.048438 0.032813
0 0.562500 0.932031 0.034375 0.060937
0 0.595313 0.897656 0.034375 0.045312
0 0.647656 0.793750 0.032813 0.053125
0 0.805469 0.691406 0.045312 0.073438
0 0.933594 0.704688 0.035937 0.065625
0 0.672656 0.118750 0.042188 0.056250
0 0.448437 0.186719 0.028125 0.042188
0 0.478125 0.166406 0.021875 0.032813
0 0.581250 0.110156 0.015625 0.032813
0 0.209375 0.017188 0.040625 0.034375
0 0.252344 0.155469 0.045312 0.042188
0 0.527344 0.485156 0.042188 0.048438
0 0.446875 0.584375 0.043750 0.062500
0 0.267188 0.875781 0.025000 0.039062
0 0.099219 0.673438 0.023438 0.040625
0 0.074219 0.564844 0.023438 0.045312
0 0.335156 0.665625 0.026562 0.046875
0 0.589844 0.617969 0.029687 0.079687
0 0.621094 0.599219 0.017188 0.035937
0 0.567969 0.403125 0.023438 0.037500
0 0.862500 0.175781 0.015625 0.035937
0 0.488281 0.799219 0.029687 0.042188
8 0.139063 0.767188 0.040625 0.053125
8 0.702344 0.457813 0.023438 0.034375