9 0.438281 0.336719 0.160938 0.173437
9 0.273438 0.310156 0.128125 0.139063
9 0.039062 0.214062 0.078125 0.315625
9 0.471875 0.018750 0.093750 0.037500
9 0.092969 0.614062 0.048438 0.081250
9 0.140625 0.188281 0.125000 0.376563
7 0.442188 0.185156 0.153125 0.132812
9 0.259375 0.465625 0.518750 0.062500
7 0.016406 0.558594 0.032813 0.098437
7 0.074219 0.617969 0.148438 0.082812
6 0.962500 0.017969 0.075000 0.035937
6 0.864062 0.378125 0.034375 0.028125
6 0.946094 0.339062 0.045312 0.037500
9 0.887500 0.864844 0.225000 0.214062