9 0.768750 0.616406 0.262500 0.182812
9 0.555469 0.596875 0.139063 0.143750
9 0.292187 0.513281 0.153125 0.320312
9 0.172656 0.625781 0.148438 0.173437
9 0.601562 0.224219 0.140625 0.192188
9 0.756250 0.260156 0.159375 0.117188
9 0.269531 0.967969 0.073438 0.048438
9 0.403125 0.909375 0.056250 0.084375
7 0.132031 0.432812 0.195312 0.212500
9 0.414062 0.477344 0.159375 0.389062
7 0.755469 0.464844 0.242188 0.142187
9 0.532813 0.755469 0.934375 0.101562
9 0.538238 0.019540 0.055117 0.039079
9 0.747822 0.865452 0.023831 0.039464
6 0.149219 0.900781 0.157812 0.198437
7 0.282813 0.857812 0.121875 0.103125
7 0.378125 0.929688 0.175000 0.121875
7 0.369531 0.182031 0.076563 0.092188