250 0 345 0 345 294 250 294 severe-corrosion 0
0 0 63 0 63 236 0 236 severe-corrosion 0
216 67 234 67 234 93 216 93 mild-corrosion 0
205 109 234 109 234 141 205 141 mild-corrosion 0
224 138 240 138 240 176 224 176 mild-corrosion 0
96 175 118 175 118 196 96 196 mild-corrosion 0
185 229 203 229 203 249 185 249 mild-corrosion 0
559 121 615 121 615 141 559 141 moderate-corrosion 0
618 16 640 16 640 61 618 61 mild-corrosion 0
76.33268140147266 448.8333594122472 113.53007996658562 442.6712904210883 141.34588721659384 610.548749708257 104.1485411265603 616.7106093422731 mild-corrosion 0
345 514.308 640 514.308 640 640 345 640 severe-corrosion 0
389.67696569292457 391.0002084555308 389.6780000082799 293.9991498153646 549.999920555565 294.0001552141627 550.000861974404 390.9992484847323 severe-corrosion 0
414 452 457 452 457 506 414 506 severe-corrosion 0
454 401 483 401 483 463 454 463 severe-corrosion 0
345 356 360 356 360 382 345 382 moderate-corrosion 0
557 312 600 312 600 346 557 346 moderate-corrosion 0
583 403 599 403 599 438 583 438 mild-corrosion 0