9 0.783594 0.535156 0.360938 0.923438
9 0.225000 0.362500 0.256250 0.565625
6 0.587500 0.400000 0.031250 0.040625
6 0.585156 0.470313 0.048438 0.050000
6 0.607812 0.520312 0.031250 0.059375
6 0.416406 0.565625 0.039062 0.034375
6 0.062500 0.517188 0.050000 0.053125
6 0.242188 0.027344 0.037500 0.045312
7 0.549219 0.974219 0.039062 0.051562
6 0.405469 0.985156 0.039062 0.029687
6 0.557813 0.648438 0.031250 0.031250
6 0.281250 0.904687 0.050000 0.065625
6 0.324219 0.957812 0.032813 0.059375
6 0.060156 0.590625 0.029687 0.031250