265 43 371 43 371 416 265 416 severe-corrosion 0
0 46 78 46 78 408 0 408 severe-corrosion 0
231 239 249 239 249 265 231 265 mild-corrosion 0
220 281 249 281 249 313 220 313 mild-corrosion 0
239 310 256 310 256 348 239 348 mild-corrosion 0
111 347 134 347 134 369 111 369 mild-corrosion 0
26 0 47 0 47 28 26 28 mild-corrosion 0
199 400 218 400 218 416 199 416 mild-corrosion 0
371 27 384 27 384 70 371 70 moderate-corrosion 0
446 57 472 57 472 103 446 103 moderate-corrosion 0
397 0 438 0 438 32 397 32 moderate-corrosion 0
436 261 470 261 470 320 436 320 moderate-corrosion 0
393 306 405 306 405 329 393 329 moderate-corrosion 0
447 175 501 175 501 246 447 246 moderate-corrosion 0
442 122 476 122 476 170 442 170 moderate-corrosion 0
598 0 616 0 616 28 598 28 moderate-corrosion 0
529.8690053619794 333.41400606496387 512.0089470833773 313.21228052121637 539.7996299406077 288.6447530277124 557.6596262984822 308.8463924113687 moderate-corrosion 0
622.8105840229546 159.48990939967337 642.393592931403 161.83215987915264 639.3792454674258 187.03386317917395 619.7962372474285 184.6916165478532 moderate-corrosion 0
564.2900371686119 126.58396905317224 576.5934127696528 126.19845284802211 577.1904838325281 145.25314468773684 564.8871082497499 145.63866052203196 moderate-corrosion 0
579 402 603 402 603 416 579 416 moderate-corrosion 0
611 225 640 225 640 349 611 349 severe-corrosion 0
608.2087736497488 335.32423619276824 552.9456493874022 333.1922886414457 558.5962403900339 186.74914468294222 613.8578840919217 188.88106479630545 severe-corrosion 0
527.6320050938375 156.66100241811606 509.65106848183495 148.12513457742264 517.070091599453 132.49714004484986 535.0510000000213 141.03300000000291 mild-corrosion 0
478.27736039078445 302.3925805061783 465.59880337226787 297.4114385221487 477.921738924706 266.04773667203455 490.6002156692557 271.0288610700028 mild-corrosion 0
640.0000791480124 158.352 587.7459814939357 158.352 587.7460657618212 118.62700000000001 639.9999491007475 118.62699999999998 moderate-corrosion 0
567.5572926717723 365.4516203804916 554.8873853147961 368.08630120902103 550.5020634552056 346.99959147651276 563.1719011978566 344.36491809733775 mild-corrosion 0
0 459.443 261.868 459.443 261.868 640 0 640 severe-corrosion 0
0 416 362.738 416 362.738 473.021 0 473.021 moderate-corrosion 0
521.6419095708261 627.3644563936639 456.2803833374346 657.2799820616544 350.41493729477224 426.02429891071296 415.7705906377669 396.11036821249206 severe-corrosion 0