276 0 396 0 396 204 276 204 severe-corrosion 0
0 0 89 0 89 204 0 204 severe-corrosion 0
242 51 260 51 260 77 242 77 mild-corrosion 0
231 93 260 93 260 125 231 125 mild-corrosion 0
250 122 267 122 267 160 250 160 mild-corrosion 0
122 159 145 159 145 181 122 181 mild-corrosion 0
212 515 370 515 370 626 212 626 severe-corrosion 0
116 508 198 508 198 597 116 597 severe-corrosion 0
0 390 32 390 32 592 0 592 severe-corrosion 0
167 256 247 256 247 376 167 376 severe-corrosion 0
255 307 351 307 351 378 255 378 severe-corrosion 0
32 350 112 350 112 596 32 596 severe-corrosion 0
217 431 365 431 365 515 217 515 moderate-corrosion 0
39 254 83 254 83 311 39 311 moderate-corrosion 0
396 204 640 204 640 629.476 396 629.476 severe-corrosion 0