368 0 568 0 568 602 368 602 severe-corrosion 0
49 32 194 32 194 406 49 406 severe-corrosion 0
602 439 629 439 629 532 602 532 moderate-corrosion 0
612 560 625 560 625 581 612 581 mild-corrosion 0
341 209 360 209 360 237 341 237 mild-corrosion 0
330 251 360 251 360 286 330 286 mild-corrosion 0
347 279 365 279 365 319 347 319 mild-corrosion 0
219 327 243 327 243 351 219 351 mild-corrosion 0
0 311 22 311 22 348 0 348 mild-corrosion 0
143 0 165 0 165 19 143 19 mild-corrosion 0
278 578 301 578 301 613 278 613 moderate-corrosion 0
185 600 209 600 209 621 185 621 mild-corrosion 0
307 373 326 373 326 395 307 395 mild-corrosion 0
108 544 138 544 138 588 108 588 mild-corrosion 0
138 578 157 578 157 618 138 618 mild-corrosion 0
0 366 10 366 10 388 0 388 mild-corrosion 0