9 0.185938 0.372656 0.068750 0.114062
9 0.486719 0.075000 0.035937 0.143750
9 0.567187 0.241406 0.034375 0.064062
9 0.778906 0.481250 0.082812 0.115625
6 0.567187 0.711719 0.025000 0.045312
6 0.600000 0.753125 0.034375 0.053125
6 0.571094 0.500000 0.054688 0.075000
6 0.502344 0.501563 0.045312 0.034375
6 0.519531 0.850781 0.026562 0.039062
7 0.847656 0.629687 0.042188 0.081250
6 0.809375 0.617188 0.025000 0.040625
6 0.531250 0.342969 0.031250 0.023438
6 0.052344 0.009375 0.104688 0.018750
7 0.218750 0.067187 0.075000 0.134375
6 0.029687 0.112500 0.056250 0.165625