33 144 77 144 77 211 33 211 severe-corrosion 0
238 0 259 0 259 54 238 54 severe-corrosion 0
289 104 311 104 311 142 289 142 severe-corrosion 0
94.46922132061445 281.8001583847859 21.974928894342156 269.0077015197282 42.24772819827194 154.13232837511396 114.74071346070559 166.92466846191198 mild-corrosion 0
176.24246113460686 274.9998989348058 122.35012479948637 286.81127312358535 102.18413219889044 194.80040368586177 156.07561658260238 182.98912563308093 mild-corrosion 0
193.49300000001676 274.99999999999295 193.49335537859588 193.53796832955516 225.70712235778046 193.5382374425255 225.70699999996577 275.00002461401726 mild-corrosion 0
283 266 317 266 317 275 283 275 mild-corrosion 0
266 178 286 178 286 191 266 191 mild-corrosion 0
55 0 102 0 102 26 55 26 moderate-corrosion 0
221 523 255 523 255 547 221 547 moderate-corrosion 0
320 283 367 283 367 348 320 348 severe-corrosion 0
403 275 470 275 470 329 403 329 severe-corrosion 0
492 275 537 275 537 311 492 311 severe-corrosion 0
359 558 385 558 385 603 359 603 severe-corrosion 0
447 548 494 548 494 615 447 615 severe-corrosion 0
584 546 602 546 602 575 584 575 mild-corrosion 0
395 553 439 553 439 588 395 588 mild-corrosion 0
320 559 350 559 350 609 320 609 mild-corrosion 0
530 323 640 323 640 484 530 484 moderate-corrosion 0
320 359 358 359 358 541 320 541 moderate-corrosion 0
397 410 489 410 489 542 397 542 moderate-corrosion 0
587 594 638 594 638 640 587 640 moderate-corrosion 0
512 515 538 515 538 545 512 545 mild-corrosion 0
542 545 577 545 577 597 542 597 mild-corrosion 0