46 148 89 148 89 216 46 216 severe-corrosion 0
108.91277607217489 270.48039783110744 36.419125720567536 257.68771198986565 54.04798680610838 157.796179835909 126.54047643663944 170.58875968478335 mild-corrosion 0
132.9200000000128 262.0000000000139 132.92052340024384 186.92269685870264 184.27619863985456 186.9231475043755 184.2759999997361 262.00011780197724 mild-corrosion 0
206.29699999997683 261.99999999996993 206.2972123358486 197.6919809318145 231.72707039186207 197.69214232600046 231.72700000002806 262.0000138037693 mild-corrosion 0
67 0 114 0 114 30 67 30 moderate-corrosion 0
332.2019665535481 261.9999724888056 332.2045056719071 135.2215827265624 509.0765642561746 135.22526689368306 509.07569772076386 262.00182238579936 severe-corrosion 0
0 544.417 101.416 544.417 101.416 640 0 640 moderate-corrosion 0
249.2402762464917 331.8536520255709 246.78187329962384 399.93916907117244 16.912999999985914 391.63499999999283 19.373402783749043 323.55149995698014 moderate-corrosion 0
165.9003789662529 293.857580970084 165.9674986164464 282.29766358241443 220.36305072288087 282.61334552395033 220.29599886482174 294.1731957043567 moderate-corrosion 0
276.59099999997125 442.41000000000713 288.81142731734144 425.85395991262965 318.72424433859123 447.9301988926653 306.50393055526365 464.4861363877391 severe-corrosion 0
508.18095118280326 638.2660556779654 466.47564849707123 635.8248133762089 474.105559311065 505.5295188822942 515.8086019579787 507.9706958284594 severe-corrosion 0