9 0.210938 0.404687 0.075000 0.109375
9 0.493750 0.162500 0.043750 0.140625
9 0.587500 0.343750 0.037500 0.062500
9 0.815625 0.621094 0.090625 0.110937
6 0.617188 0.812500 0.028125 0.043750
6 0.651563 0.859375 0.037500 0.050000
6 0.607031 0.602344 0.057813 0.073438
6 0.537500 0.592187 0.046875 0.031250
6 0.577344 0.942187 0.029687 0.037500
7 0.893750 0.782031 0.046875 0.079687
6 0.855469 0.763281 0.026562 0.039062
6 0.557031 0.437500 0.032813 0.021875
6 0.053125 0.012500 0.106250 0.025000
7 0.224219 0.091406 0.085938 0.160938
6 0.035937 0.117188 0.065625 0.162500