9 0.176563 0.386719 0.068750 0.107813
9 0.483594 0.114062 0.035937 0.140625
9 0.560937 0.288281 0.034375 0.060937
9 0.764844 0.544531 0.082812 0.107813
6 0.548438 0.757812 0.025000 0.043750
6 0.579688 0.801562 0.034375 0.050000
6 0.558594 0.546875 0.054688 0.071875
6 0.489844 0.543750 0.045312 0.031250
6 0.497656 0.892188 0.026562 0.037500
7 0.830469 0.698438 0.042188 0.078125
6 0.793750 0.683594 0.025000 0.039062
6 0.521875 0.385156 0.031250 0.020313
6 0.052344 0.009375 0.104688 0.018750
7 0.217969 0.075000 0.076563 0.150000
6 0.026562 0.114062 0.053125 0.159375