0 134.231 140 134.231 140 288 0 288 severe-corrosion 0
171.52288816010696 289.98749644398237 149.5611838246259 286.9366014435638 189.8475039157347 -3.050776545814153 211.8083988392027 0.000055407181665983716 severe-corrosion 0
282.6971150618192 -9.432790392631492 485.7289999999921 -6.361109362927034e-13 472.49781957332743 284.7859428600244 269.46589816849155 275.3533020337003 severe-corrosion 0
0 308.394 140 308.394 140 630.06 0 630.06 severe-corrosion 0
381 567 432 567 432 604 381 604 moderate-corrosion 0
297 403 385 403 385 468 297 468 moderate-corrosion 0
180 534 252 534 252 580 180 580 moderate-corrosion 0
227 500 268 500 268 532 227 532 moderate-corrosion 0
277 506 401 506 401 551 277 551 moderate-corrosion 0
456 456 563 456 563 549 456 549 moderate-corrosion 0
553 403 628 403 628 438 553 438 moderate-corrosion 0
599 528 621 528 621 546 599 546 moderate-corrosion 0
311 288 386 288 386 313 311 313 moderate-corrosion 0
432 328 478 328 478 356 432 356 moderate-corrosion 0
463 565 502 565 502 587 463 587 moderate-corrosion 0
527 288 623 288 623 312 527 312 moderate-corrosion 0
195 288 245 288 245 295 195 295 mild-corrosion 0
342 330 394 330 394 359 342 359 mild-corrosion 0
435 367 460 367 460 387 435 387 mild-corrosion 0
140 512 151 512 151 528 140 528 mild-corrosion 0
217 611 261 611 261 640 217 640 moderate-corrosion 0