238.99995718813443 257.0000021253805 239.00000000001455 225.64899999998238 265.9999789606809 225.6490487731815 266.0000123190548 256.9999741849178 mild-corrosion 0
235.54799999998068 287.0870000000011 259.08450642833486 285.04076379278945 261.5115416073968 312.95552730128327 237.97503595596936 315.00175710626075 mild-corrosion 0
166 0 235 0 235 66 166 66 mild-corrosion 0
208 107 248 107 248 179 208 179 mild-corrosion 0
276 127 320 127 320 173 276 173 mild-corrosion 0
116 276 137 276 137 295 116 295 mild-corrosion 0
165 248 194 248 194 273 165 273 mild-corrosion 0
513.5179386043455 60.4808791289326 551.0083026932261 134.2887758010479 464.11195722714183 178.42650736051584 426.62197631041636 104.61894144487991 severe-corrosion 0
364.0000015903206 259.6370050854085 354.90948620354175 230.56765551165216 396.31700477722916 217.61927991166718 405.40758215196547 246.68851921660962 severe-corrosion 0
453.19823312966037 190.41810233561532 475.5482448001567 183.45802916746155 483.7012715338642 209.6380802642613 461.35126617897185 216.59813918185606 moderate-corrosion 0
282.00014772875875 640 120.3743758075143 640 120.37900000002992 532.785 281.99699831988255 532.7850000000001 moderate-corrosion 0
197.94894762919284 327.55499448728506 264.2164368370868 334.5305151685517 257.5973499022075 397.4058900382995 191.32987057091668 390.43042908671595 moderate-corrosion 0
-19.68745927901182 415.1513633805215 2.375598218932282 310.37074624651035 163.12962260999484 344.2155879642738 141.06932731971028 448.99382926464773 severe-corrosion 0
0 456.5850000000104 -5.3590270168933785 442.2478293906969 9.851190918925568 436.5633107382459 15.21023467881605 450.9004427582235 moderate-corrosion 0
7.021999999997206 639.9999999999791 7.022341858464642 617.7315322163665 49.774060487470706 617.7320760682384 49.7739415417891 640.0003212019699 moderate-corrosion 0
247.8460834411817 503.16641997271375 250.07800639403285 474.88414099602994 294.409675766874 478.38191893583456 292.17799831305456 506.66396890993644 moderate-corrosion 0
189.20613129877893 483.8200096096094 157.82227884192253 481.5230602455529 160.5034574324236 444.89801576500946 191.8869142933545 447.19495061481814 moderate-corrosion 0
81.00897856675147 418.0522869466164 84.82855292932072 436.5477015170864 34.370399756735424 446.96626289047464 30.551000000050408 428.4709999999818 moderate-corrosion 0
58.343000000022585 483.4890000000203 51.75706152156636 467.66139974305213 73.54700000003504 458.59600000000955 80.13296110679221 474.42353463406437 mild-corrosion 0
13 520 39 520 39 554 13 554 mild-corrosion 0