180.692 208.308 208.385 208.308 208.385 240.615 180.692 240.615 mild-corrosion 0
180.6919999999809 305.2310000000148 176.28944560536183 270.01168892023344 200.90536853029334 266.93479884163344 205.3080021063215 302.15401684949865 mild-corrosion 0
108 0 177 0 177 49 108 49 mild-corrosion 0
150 90 190 90 190 162 150 162 mild-corrosion 0
218 110 262 110 262 156 218 156 mild-corrosion 0
58 259 80 259 80 277 58 277 mild-corrosion 0
107 231 136 231 136 255 107 255 mild-corrosion 0
329.6998021514446 39.38808093594771 354.7174672919209 14.549962226281835 429.8642956396361 90.23981503478394 404.8466905589157 115.07787101495688 severe-corrosion 0
324 0 337 0 337 9 324 9 moderate-corrosion 0
619.8056583204016 248.72110688469277 591.7852809325996 368.69150114378397 347.448091504848 311.62267556718274 375.47053588750714 191.6553388724448 severe-corrosion 0
331 235 355 235 355 283 331 283 severe-corrosion 0
372 316 392 316 392 326 372 326 severe-corrosion 0
0 380 27 380 27 488 0 488 moderate-corrosion 0
35 471 184 471 184 640 35 640 moderate-corrosion 0
379.08980501444603 372.4813414808323 416.66998222433904 366.2557508636209 444.60124727258517 534.8366327719124 407.0211183045467 541.0620433237567 mild-corrosion 0