531 281 620 281 620 408 531 408 severe-corrosion 0
539 6 640 6 640 58 539 58 severe-corrosion 0
402 54 449 54 449 84 402 84 severe-corrosion 0
292 3 355 3 355 30 292 30 severe-corrosion 0
0 496.4870000000001 74.57 496.4870000000001 74.57 640 0 640 severe-corrosion 0
0 274.265 28.642 274.265 28.642 379.058 0 379.058 severe-corrosion 0
0 181.777 15.847 181.777 15.847 212.524 0 212.524 severe-corrosion 0
247.55349406797905 2.8802451230631325 246.67588221702317 78.32098914051501 79.1222062514862 76.371527336552 80 0.9309999999957969 severe-corrosion 0
276.2734679420828 61.129990126241495 252.36205667133618 113.6839807536355 192.9135655573191 86.63569528539107 216.82499903006828 34.08180642412259 severe-corrosion 0
17.484330705483444 135.03775841793157 526.1883856260829 56.60514570082883 608.0181727958552 587.3165872839238 99.31521262209571 665.7436844329022 severe-corrosion 0
213 594 274 594 274 626 213 626 severe-corrosion 0
47 446 102 446 102 494 47 494 severe-corrosion 0
81 366 193 366 193 441 81 441 severe-corrosion 0
7 383 29 383 29 396 7 396 severe-corrosion 0
20 470 55 470 55 489 20 489 severe-corrosion 0