9 0.304688 0.032813 0.118750 0.065625
9 0.101562 0.646094 0.081250 0.073438
9 0.190625 0.542188 0.165625 0.115625
9 0.010156 0.521094 0.020313 0.020313
9 0.045312 0.661719 0.053125 0.029687
9 0.684375 0.400000 0.462500 0.109375
9 0.685156 0.165625 0.467187 0.331250
9 0.965625 0.108594 0.068750 0.167187
9 0.869531 0.557031 0.260937 0.182812
9 0.501563 0.550781 0.103125 0.173437
7 0.937500 0.949219 0.121875 0.101562
7 0.653125 0.970313 0.050000 0.059375
7 0.516406 0.945312 0.048438 0.040625
7 0.601562 0.928906 0.028125 0.039062
7 0.702344 0.792188 0.054688 0.081250
7 0.808594 0.781250 0.039062 0.084375
7 0.794531 0.978906 0.151562 0.042188
7 0.817187 0.906250 0.075000 0.115625
7 0.900781 0.819531 0.107813 0.132812
6 0.992969 0.844531 0.014063 0.070312
6 0.664062 0.878125 0.040625 0.050000