320.980299346993 329.64789810360685 263.92350768808683 475.1165722767126 -47.89424304253771 352.81435885231576 9.165194385568611 207.35134598200824 mild-corrosion 0
289 417 311 417 311 451 289 451 mild-corrosion 0
316 412 334 412 334 446 316 446 moderate-corrosion 0
403 409 429 409 429 454 403 454 severe-corrosion 0
491 399 537 399 537 465 491 465 severe-corrosion 0
553 569 595 569 595 637 553 637 severe-corrosion 0
622 577 640 577 640 638 622 638 severe-corrosion 0
627 397 640 397 640 425 627 425 mild-corrosion 0
439 404 483 404 483 439 439 439 mild-corrosion 0
345 411 395 411 395 461 345 461 mild-corrosion 0
609 509 625 509 625 553 609 553 mild-corrosion 0
574 211 640 211 640 335 574 335 moderate-corrosion 0
339 211 402 211 402 392 339 392 moderate-corrosion 0
441 261 533 261 533 393 441 393 moderate-corrosion 0
494 477 544 477 544 640 494 640 moderate-corrosion 0
556 366 582 366 582 396 556 396 mild-corrosion 0
586 396 621 396 621 448 586 448 mild-corrosion 0