0 0.381250 0.506250 0.250000 0.987500
0 0.568750 0.689844 0.171875 0.620313
0 0.135937 0.735156 0.234375 0.529687
0 0.683594 0.701562 0.126562 0.596875
0 0.774219 0.861719 0.076563 0.276562
0 0.828125 0.775781 0.068750 0.448437
0 0.805469 0.186719 0.060937 0.292187
0 0.934375 0.766406 0.034375 0.467187
0 0.903125 0.685937 0.046875 0.628125
0 0.870313 0.751563 0.053125 0.496875
0 0.954688 0.785156 0.025000 0.379688
0 0.975781 0.770312 0.023438 0.328125
0 0.990625 0.812500 0.018750 0.112500
0 0.939844 0.092969 0.029687 0.089063
0 0.962500 0.125781 0.025000 0.154688
0 0.980469 0.117969 0.023438 0.135937
0 0.992969 0.146094 0.014063 0.189062