0 0.369531 0.508594 0.273438 0.982812
0 0.550000 0.675781 0.190625 0.648438
0 0.152344 0.713281 0.235937 0.573438
0 0.657813 0.689063 0.146875 0.621875
0 0.748437 0.839844 0.087500 0.320312
0 0.796094 0.760938 0.085938 0.478125
0 0.750000 0.187500 0.065625 0.262500
0 0.890625 0.745313 0.050000 0.475000
0 0.861719 0.678125 0.073438 0.643750
0 0.834375 0.739062 0.075000 0.521875
0 0.911719 0.742969 0.035937 0.354687
0 0.928906 0.731250 0.032813 0.306250
0 0.943750 0.769531 0.021875 0.104688
0 0.965625 0.693750 0.012500 0.078125
0 0.874219 0.103125 0.029687 0.071875
0 0.895312 0.135156 0.028125 0.132812
0 0.912500 0.128906 0.025000 0.114062
0 0.928125 0.153125 0.025000 0.165625