9 0.340625 0.502344 0.187500 0.995313
9 0.503125 0.664844 0.131250 0.670312
9 0.103906 0.717187 0.204687 0.565625
9 0.604688 0.672656 0.090625 0.654687
9 0.681250 0.814844 0.056250 0.370312
9 0.733594 0.735938 0.042188 0.528125
9 0.734375 0.137500 0.043750 0.271875
9 0.828125 0.678125 0.012500 0.456250
9 0.802344 0.640625 0.017188 0.668750
9 0.771875 0.713281 0.028125 0.573438
9 0.847656 0.675000 0.007812 0.340625
9 0.867188 0.660937 0.009375 0.293750
9 0.878125 0.696875 0.012500 0.100000
9 0.904687 0.623437 0.006250 0.075000
9 0.860156 0.046094 0.023438 0.089063
9 0.878906 0.075781 0.017188 0.148438
9 0.895312 0.067187 0.015625 0.131250
9 0.909375 0.091406 0.012500 0.179688