202 0 326 0 326 205 202 205 severe-corrosion 0
326 218 355 218 355 251 326 251 mild-corrosion 0
326 106 640 106 640 168 326 168 mild-corrosion 0
584 233 618 233 618 264 584 264 mild-corrosion 0
422 234 478 234 478 254 422 254 mild-corrosion 0
368 22 394 22 394 37 368 37 mild-corrosion 0
94 428 122 428 122 482 94 482 severe-corrosion 0
176 435 272 435 272 541 176 541 severe-corrosion 0
197 356 231 356 231 404 197 404 severe-corrosion 0
287 316 319 316 319 360 287 360 moderate-corrosion 0
168 596 187 596 187 618 168 618 moderate-corrosion 0
111 606 121 606 121 624 111 624 mild-corrosion 0
6 624 17 624 17 640 6 640 mild-corrosion 0
183 313 215 313 215 331 183 331 mild-corrosion 0
229 313 256 313 256 325 229 325 mild-corrosion 0
41 390 66 390 66 422 41 422 moderate-corrosion 0
230 343 252 343 252 434 230 434 mild-corrosion 0
280 433 326 433 326 548 280 548 mild-corrosion 0
289.30605729095987 564.1257671235596 283.50366923310503 587.7112180390967 256.4225185451505 581.0503113821628 262.2250000000349 557.4650000000013 moderate-corrosion 0
240.49160007452883 581.0928005099465 224.9377575275139 624.5294735925627 157.38284515056876 600.3449812253903 172.9370000000199 556.9089999999795 moderate-corrosion 0
145 351 185 351 185 425 145 425 mild-corrosion 0
326 313 633.85 313 633.85 559.44 326 559.44 severe-corrosion 0