9 0.140625 0.088281 0.281250 0.176563
6 0.585938 0.909375 0.034375 0.053125
7 0.546875 0.901563 0.028125 0.053125
9 0.404687 0.905469 0.040625 0.070312
9 0.250000 0.906250 0.071875 0.103125
6 0.059375 0.873437 0.028125 0.043750
6 0.334375 0.889844 0.068750 0.054688
6 0.478125 0.912500 0.078125 0.078125
7 0.078125 0.642188 0.156250 0.225000
7 0.475000 0.703125 0.100000 0.284375
7 0.293750 0.742188 0.143750 0.206250
7 0.033594 0.963281 0.067187 0.073438
6 0.164062 0.826562 0.040625 0.046875
6 0.111719 0.890625 0.054688 0.081250
9 0.809375 0.826303 0.381250 0.347394