9 0.528537 0.289426 0.304353 0.578852
7 0.076773 0.789844 0.089669 0.420313
9 0.343945 0.789844 0.094292 0.420312
9 0.478504 0.789844 0.089977 0.420312
9 0.609008 0.789844 0.090687 0.420313
6 0.215625 0.690625 0.018750 0.087500
9 0.914062 0.936467 0.171875 0.114566
7 0.747656 0.917188 0.042188 0.037500
7 0.710938 0.587500 0.040625 0.015625
7 0.755469 0.659375 0.035937 0.037500
7 0.724219 0.625000 0.035937 0.028125
6 0.696875 0.815625 0.034375 0.050000
7 0.901563 0.600000 0.037500 0.021875
6 0.878906 0.584375 0.023438 0.009375
7 0.817969 0.917188 0.023438 0.025000
7 0.838281 0.957812 0.029687 0.025000
7 0.898438 0.984375 0.050000 0.031250
7 0.710156 0.991406 0.020313 0.017188
6 0.829688 0.656250 0.031250 0.015625
6 0.818750 0.833594 0.021875 0.020313
6 0.915625 0.867188 0.018750 0.012500
6 0.861719 0.889844 0.017188 0.017188
6 0.901563 0.677344 0.012500 0.007812
6 0.946875 0.618750 0.012500 0.012500
6 0.757031 0.987500 0.017188 0.018750