490.99997290766623 10.75075879960645 497.98095338759595 72.90135861177097 327.63092305729515 92.03531434525186 320.6501578550524 29.88491146391349 severe-corrosion 0
143 249 189 249 189 299 143 299 severe-corrosion 0
250 228 326 228 326 300 250 300 severe-corrosion 0
292 318 326 318 326 355 292 355 severe-corrosion 0
260 529 284 529 284 577 260 577 severe-corrosion 0
31 449 52 449 52 462 31 462 severe-corrosion 0
140 369 171 369 171 393 140 393 moderate-corrosion 0
231 348 269 348 269 380 231 380 severe-corrosion 0
277 425 293 425 293 452 277 452 moderate-corrosion 0
323 441 326 441 326 457 323 457 moderate-corrosion 0
321 478 326 478 326 503 321 503 moderate-corrosion 0
280 609 326 609 326 640 280 640 moderate-corrosion 0
78 479 106 479 106 513 78 513 moderate-corrosion 0
48 402 73 402 73 426 48 426 moderate-corrosion 0
187 450 210 450 210 476 187 476 mild-corrosion 0
78 231 120 231 120 249 78 249 mild-corrosion 0
145 533 161 533 161 555 145 555 moderate-corrosion 0
121 573 139 573 139 595 121 595 moderate-corrosion 0
143 628 156 628 156 640 143 640 moderate-corrosion 0
51 230 65 230 65 242 51 242 moderate-corrosion 0
106 357 123 357 123 379 106 379 mild-corrosion 0
133 420 143 420 143 436 133 436 mild-corrosion 0
642.1535687509459 632.906789913322 631.6307083742868 667.5657834343286 315.4756599134271 571.5904967079836 325.99999999998545 536.9339999999933 severe-corrosion 0
555 218 568 218 568 242 555 242 moderate-corrosion 0
520 335 534 335 534 355 520 355 moderate-corrosion 0
526 364 536 364 536 381 526 381 moderate-corrosion 0
605 310 615 310 615 328 605 328 moderate-corrosion 0
595 375 603 375 603 399 595 399 moderate-corrosion 0
618 582 640 582 640 625 618 625 moderate-corrosion 0
598.3414768600051 623.247016643717 489.2723174497223 598.8236164190538 511.1753020559263 501.04459673828507 620.2400363815832 525.4674809041499 severe-corrosion 0
596 596 608 596 608 616 596 616 severe-corrosion 0
546 454 557 454 557 475 546 475 moderate-corrosion 0
357 490 366 490 366 514 357 514 moderate-corrosion 0
345 486 354 486 354 503 345 503 moderate-corrosion 0
358 440 369 440 369 470 358 470 moderate-corrosion 0
329 482 341 482 341 502 329 502 moderate-corrosion 0
422 480 444 480 444 508 422 508 severe-corrosion 0
497 413 515 413 515 439 497 439 severe-corrosion 0
493 442 503 442 503 454 493 454 severe-corrosion 0
423 549 447 549 447 576 423 576 severe-corrosion 0
492.0151984786935 545.2267570633754 470.0551443218137 555.2136598060941 448.3463663540897 507.48804293831677 470.3060320485383 497.501242795432 severe-corrosion 0
493.72463910309307 498.6122914415799 507.91629084160377 524.2457174040355 494.62881957850186 531.6006427812341 480.4372542005149 505.9672912279112 severe-corrosion 0
495.0024697976187 462.4297696124561 521.9585269650997 461.5957953944054 523.6820412312954 517.294305344554 496.725984474906 518.1282711138322 severe-corrosion 0
350 290 363 290 363 310 350 310 severe-corrosion 0
368 306 374 306 374 317 368 317 severe-corrosion 0
365 339 371 339 371 349 365 349 severe-corrosion 0
345 385 349 385 349 397 345 397 severe-corrosion 0
326 402 327 402 327 417 326 417 severe-corrosion 0
630 389 634 389 634 401 630 401 severe-corrosion 0
553 418 559 418 559 432 553 432 severe-corrosion 0
565 477 571 477 571 503 565 503 severe-corrosion 0
466 470 477 470 477 480 466 480 severe-corrosion 0