9 0.116065 0.319121 0.232130 0.221133
6 0.710938 0.280469 0.037500 0.026562
9 0.129688 0.918750 0.131250 0.143750
7 0.298438 0.820312 0.062500 0.293750
7 0.085938 0.647656 0.040625 0.407813
9 0.015625 0.643750 0.031250 0.037500
6 0.203125 0.539062 0.025000 0.046875
6 0.144531 0.518750 0.029687 0.078125
6 0.189062 0.683594 0.034375 0.035937
6 0.243750 0.707812 0.021875 0.034375
6 0.157812 0.815625 0.059375 0.053125
6 0.137500 0.623437 0.025000 0.034375
6 0.139063 0.725000 0.053125 0.021875
6 0.212500 0.895312 0.025000 0.018750
9 0.419531 0.518750 0.070312 0.131250
9 0.804688 0.516406 0.034375 0.045312
6 0.835938 0.556250 0.015625 0.021875