7 0.185938 0.875000 0.050000 0.053125
6 0.359375 0.753125 0.012500 0.028125
6 0.109375 0.767188 0.015625 0.018750
6 0.089063 0.881250 0.046875 0.059375
7 0.100000 0.989062 0.018750 0.021875
6 0.085938 0.528125 0.012500 0.018750
6 0.403125 0.792188 0.012500 0.025000
6 0.093750 0.608594 0.012500 0.017188
6 0.068750 0.716406 0.034375 0.026562
6 0.323437 0.913281 0.012500 0.017188
6 0.370312 0.979688 0.028125 0.025000
6 0.392188 0.854688 0.018750 0.025000
6 0.292969 0.876563 0.010937 0.012500
6 0.285938 0.540625 0.012500 0.012500