7 0.826562 0.075000 0.015625 0.028125
7 0.556250 0.403906 0.053125 0.045312
7 0.914062 0.342187 0.028125 0.028125
6 0.769531 0.199219 0.026562 0.029687
6 0.718750 0.309375 0.034375 0.056250
6 0.585938 0.264062 0.021875 0.040625
6 0.610938 0.068750 0.031250 0.025000
6 0.976562 0.362500 0.046875 0.037500
6 0.946875 0.231250 0.025000 0.043750
6 0.914062 0.429688 0.021875 0.050000
6 0.814063 0.182812 0.021875 0.050000
6 0.796875 0.123438 0.043750 0.028125
6 0.639062 0.184375 0.012500 0.018750
6 0.704688 0.207031 0.028125 0.020313
6 0.621875 0.284375 0.012500 0.025000
6 0.582031 0.460938 0.017188 0.015625
6 0.820312 0.259375 0.037500 0.034375
6 0.978125 0.230469 0.021875 0.029687
6 0.921875 0.023438 0.009375 0.025000
6 0.666406 0.042188 0.014063 0.015625
9 0.264844 0.734375 0.529687 0.531250
9 0.937500 0.734375 0.125000 0.531250
6 0.644531 0.926562 0.073438 0.053125