58 0 85 0 85 10 58 10 severe-corrosion 0
13 37 31 37 31 52 13 52 severe-corrosion 0
377 32 382 32 382 63 377 63 mild-corrosion 0
514 241 526 241 526 266 514 266 mild-corrosion 0
593 257 609 257 609 275 593 275 mild-corrosion 0
534 56 558 56 558 84 534 84 mild-corrosion 0
538 0 559 0 559 9 538 9 mild-corrosion 0
435 0 445 0 445 33 435 33 mild-corrosion 0
377 307 384 307 384 343 377 343 mild-corrosion 0
340 428 364 428 364 640 340 640 severe-corrosion 0
82 377 291 377 291 640 82 640 severe-corrosion 0
455.0000989804539 397.0000000000001 417.5549863320339 397.0000000000001 417.55510395574674 376.99999999999994 455 376.99999999999994 severe-corrosion 0
551.6093446846207 399.42544377591383 544.0329999999813 377.0000000000109 553.2680357323989 373.8803426463201 560.8443962044839 396.30575473054466 severe-corrosion 0
429.24099732612376 424.04799992739817 450.14708326190885 424.61565407864435 449.47808585660823 449.2506518787053 428.57199999998556 448.68299999999914 severe-corrosion 0
400.9815511045599 610.2214477772019 389.7649999999703 610.0909999999999 390.33068637698307 561.4735536034309 401.5469999999914 561.6040000000003 severe-corrosion 0
508.34067509254965 446.4945040939113 521.4111774427147 445.6731217909635 526.4044419752463 525.1166332192772 513.3339407697349 525.9380037221207 severe-corrosion 0
639.999615314664 396.1870441422236 651.0686731561873 423.69107139699105 566.0611458530911 457.8971105793295 554.9925584732409 430.39348123351726 severe-corrosion 0
440.78776805923553 500.38160504788954 429.5929999999498 499.7269999999992 431.44635990145616 468.03839870911185 442.6409999999305 468.6929999999979 severe-corrosion 0
430.6140041866456 597.675040297249 425.20393573511683 545.6018227366753 438.47980161648593 544.2229300394332 443.8900000000285 596.295999999968 severe-corrosion 0
640.0001814597636 569.217 621.5837425734935 569.217 621.5840274815127 506.05000000000007 640 506.05000000000007 moderate-corrosion 0
635.8810970913328 469.37598876942263 622.056413168466 470.97509331836534 618.2084706471505 437.7130955203598 632.0330000000104 436.1140000000013 moderate-corrosion 0