242.5838427014969 341.6252243226199 264.8521177843213 167.80290980466094 662.2585236428131 218.70706569524376 639.9979897849698 392.52269643995754 severe-corrosion 0
278 86 306 86 306 118 278 118 mild-corrosion 0
333 66 358 66 358 100 333 100 mild-corrosion 0
374 91 402 91 402 116 374 116 mild-corrosion 0
347 0 386 0 386 24 347 24 mild-corrosion 0
398 1 434 1 434 35 398 35 mild-corrosion 0
581 186 606 186 606 211 581 211 mild-corrosion 0
411 51 487 51 487 87 411 87 mild-corrosion 0
0 422 262 422 262 640 0 640 severe-corrosion 0
323 489 375 489 375 640 323 640 severe-corrosion 0
454 422 495 422 495 446 454 446 severe-corrosion 0
582 422 640 422 640 640 582 640 severe-corrosion 0
459 453 511 453 511 570 459 570 severe-corrosion 0
262 422 319 422 319 529 262 529 moderate-corrosion 0
394 452 425 452 425 500 394 500 mild-corrosion 0
397 556 431 556 431 602 397 602 mild-corrosion 0
463 586 485 586 485 629 463 629 mild-corrosion 0
501 422 583 422 583 640 501 640 moderate-corrosion 0
262 532 321 532 321 640 262 640 severe-corrosion 0