0 26.192 186 26.192 186 307 0 307 corroded-part 0
331.99999999967986 -0.0005785047612304997 332.00055033012177 307.00052243361034 266.37340033434157 306.99994392909156 266.37399999999616 -3.116943587834246e-11 corroded-part 0
332 0 640 0 640 307 332 307 severe-corrosion 0
292 307 332 307 332 589 292 589 severe-corrosion 0
134 391 196 391 196 515 134 515 moderate-corrosion 0
27 307 59 307 59 551 27 551 moderate-corrosion 0
0 542 29 542 29 640 0 640 moderate-corrosion 0
287 593 332 593 332 640 287 640 moderate-corrosion 0
64 307 116 307 116 433 64 433 moderate-corrosion 0
74 476 121 476 121 534 74 534 mild-corrosion 0
363.94362713821465 621.4213928592654 350.47513428828097 500.889213415642 637.5607716104423 468.8160642376903 651.0352718364447 589.3404973252456 severe-corrosion 0