487.9793465450348 411.5722642565998 434.45445237368403 408.06277321948784 439.95578766509425 324.17766833834065 493.4794820070965 327.6871205031179 car 0
377.14845196191163 21.734021065897355 417.9731948115659 23.58968751933616 415.15463949370314 85.5979331053215 374.329896483614 83.74226882436488 car 0
192.50614058517385 349.4755007300522 179.92011344176717 291.84443939883283 291.824041926011 267.4071150275849 304.410610019695 325.037421830852 car 0
420.52553289482603 217.50025288444746 418.4477446683013 298.5499506605745 356.0268676402484 296.94937695566966 358.1051258667867 215.90015932018463 car 0
25.23051820033288 257.15367209907276 39.07721409297665 236.3847334494419 70.23099348087271 257.1540497544636 56.38438148642308 277.9229142058666 car 0
559.292388383692 250.2615640759925 522.9045119735383 252.28303013796693 520.8430853299797 215.17537751442285 557.2307284748968 213.15391794273327 car 0
314.40352803110727 277.0994772567905 357.16271880068234 272.51845001224194 362.99999999995634 327.00000000000193 320.2408137002203 331.58099914776494 car 0
20.872918955501518 421.22280528557496 48.80611749533273 404.67231447706575 83.97356921748724 464.0181911498055 56.04051310503564 480.5684932734405 car 0
277 215 293 215 293 233 277 233 car 0
507.45169967041875 217.67489295281683 505.60916838447156 243.47199461422593 411.0913163764053 236.72094990320056 412.9340375299944 210.92405555948145 car 0
367.99999999995634 357.00000000000074 383.89458301011473 356.36428876305683 386.2667724054336 415.669369403984 370.3721897491778 416.30507519533745 car 0
61.91641810175497 287.60272023361387 51.918654174078256 306.48634394045746 30.002230769387097 294.883573138659 40 275.99999999997675 car 0
115.0000797269604 350.00000459929674 99.51299086453218 349.1065841590952 103.45083328895271 280.8529422839177 118.93767786386888 281.74635572706086 car 0