211.4262051152764 165.76579024985537 166.3287168455281 187.73671999112605 113.18490645884594 78.6548182758337 158.28199999996286 56.684000000009036 severe-corrosion 0
424.08076651037845 174.40539451800493 405.9735312478733 180.31296855901252 393.4838441192551 142.03156006969866 411.59099999997125 136.1240000000021 mild-corrosion 0
372.3490000000311 -3.260068548500105e-12 500.3060706410906 -32.31677690124282 541.0685848792491 129.0807601462828 413.11158276315837 161.39739722642733 moderate-corrosion 0
290.6027305556199 138.42302401350307 250.62799999999697 129.47100000000358 262.9189791288809 74.58733235781045 302.89353985768685 83.53933670224437 moderate-corrosion 0
192 0 219 0 219 23 192 23 mild-corrosion 0
264 0 290 0 290 18 264 18 mild-corrosion 0
0 389.368 192 389.368 192 640 0 640 severe-corrosion 0
554 211 640 211 640 640 554 640 severe-corrosion 0
401 211 495 211 495 640 401 640 severe-corrosion 0
217 211 355 211 355 640 217 640 severe-corrosion 0
490 571 538 571 538 640 490 640 moderate-corrosion 0
514 308 556 308 556 404 514 404 moderate-corrosion 0