257 55 417 55 417 81 257 81 moderate-corrosion 0
282 0 305 0 305 10 282 10 mild-corrosion 0
167 290 181 290 181 316 167 316 mild-corrosion 0
201 285 222 285 222 307 201 307 mild-corrosion 0
546 296 589 296 589 342 546 342 moderate-corrosion 0
468 192 518 192 518 248 468 248 moderate-corrosion 0
407 212 427 212 427 248 407 248 moderate-corrosion 0
340 195 371 195 371 231 340 231 moderate-corrosion 0
255.98768024872697 639.9963977655666 256.0076070128707 365.11798528509536 640.000423357269 365.1435917031086 640.0004501116928 640.0015337811083 moderate-corrosion 0
256 205.429 333.226 205.429 333.226 358.219 256 358.219 severe-corrosion 0
591.78779279835 263.88751456991514 593.8298990688054 290.66216845712637 549.0059727771586 294.08052864907745 546.9640000000072 267.30599999998094 moderate-corrosion 0