9 0.864844 0.157031 0.270313 0.314063
9 0.360938 0.517188 0.071875 0.078125
9 0.567187 0.503125 0.146875 0.112500
9 0.596875 0.615625 0.075000 0.059375
9 0.526563 0.953125 0.037500 0.075000
9 0.166406 0.800781 0.032813 0.020313
7 0.344531 0.684375 0.048438 0.037500
7 0.695312 0.539062 0.018750 0.034375
9 0.492188 0.657813 0.059375 0.050000
7 0.546875 0.774219 0.025000 0.042188
7 0.618750 0.790625 0.021875 0.025000
7 0.614062 0.857031 0.021875 0.039062
7 0.245312 0.864062 0.043750 0.053125
7 0.196094 0.735938 0.039062 0.037500
6 0.411719 0.812500 0.035937 0.040625
6 0.256250 0.464062 0.065625 0.028125
6 0.078125 0.597656 0.031250 0.032813
7 0.340625 0.939063 0.025000 0.034375
7 0.303125 0.991406 0.028125 0.017188
7 0.026562 0.464062 0.025000 0.046875
7 0.192188 0.457813 0.021875 0.018750
6 0.280469 0.664062 0.026562 0.034375
6 0.317188 0.757812 0.015625 0.025000
9 0.864844 0.822605 0.270313 0.354791