261.8070286278089 331.9991779231191 212.74677777968463 371.20783323941913 148.55343855895626 290.89022843049435 197.612999999983 251.6820000000197 severe-corrosion 0
332 50.415 640 50.415 640 332 332 332 severe-corrosion 0
563 287 640 287 640 332 563 332 mild-corrosion 0
464 0 503 0 503 29 464 29 severe-corrosion 0
640 -0.00004987238354214726 640.0000852618541 80.50300017859416 500.7039332551358 80.50292330997691 500.70400953547505 0.000011439577654309186 corroded-part 0
226 574 259 574 259 640 226 640 severe-corrosion 0
280 578 311 578 311 640 280 640 severe-corrosion 0
0 369 16 369 16 492 0 492 severe-corrosion 0
29 376 61 376 61 518 29 518 severe-corrosion 0
68 332 115 332 115 538 68 538 severe-corrosion 0
285 332 313 332 313 500 285 500 severe-corrosion 0
24 604 58 604 58 640 24 640 severe-corrosion 0
119 373 162 373 162 590 119 590 severe-corrosion 0
198 332 225 332 225 544 198 544 severe-corrosion 0
241 332 267 332 267 547 241 547 severe-corrosion 0
167 371 193 371 193 561 167 561 severe-corrosion 0
115 593 145 593 145 640 115 640 moderate-corrosion 0
152 607 178 607 178 640 152 640 moderate-corrosion 0
188 569 220 569 220 600 188 600 moderate-corrosion 0
542 370 581 370 581 402 542 402 moderate-corrosion 0
364 567 382 567 382 585 364 585 moderate-corrosion 0
494 611 511 611 511 632 494 632 mild-corrosion 0
398 577 428 577 428 601 398 601 mild-corrosion 0
386 491 402 491 402 519 386 519 mild-corrosion 0
607 332 628 332 628 358 607 358 moderate-corrosion 0
534 490 548 490 548 509 534 509 moderate-corrosion 0
619 404 629 404 629 421 619 421 moderate-corrosion 0
493 413 505 413 505 431 493 431 moderate-corrosion 0
460 401 476 401 476 424 460 424 mild-corrosion 0
365 616 379 616 379 640 365 640 mild-corrosion 0
563 574 585 574 585 604 563 604 moderate-corrosion 0
571 536 593 536 593 559 571 559 moderate-corrosion 0
513 513 525 513 525 528 513 528 moderate-corrosion 0
454 568 470 568 470 588 454 588 mild-corrosion 0
443 434 451 434 451 445 443 445 mild-corrosion 0
489 523 509 523 509 558 489 558 mild-corrosion 0
472 487 484 487 484 501 472 501 mild-corrosion 0
407 495 421 495 421 514 407 514 mild-corrosion 0
375 364 381 364 381 380 375 380 mild-corrosion 0
465 359 477 359 477 373 465 373 mild-corrosion 0