352.79680583349545 87.29194074490573 270.4660626389523 403.9943843260339 -74.21612811864179 314.3850035198214 8.120011124919984 -2.311823517196705 severe-corrosion 0
640.004752867244 364.00000000000006 413.00200000005134 364.00000000000006 413.0079170622048 -3.180554681463517e-14 640 3.180554681463517e-14 severe-corrosion 0
138.76909657279612 501.98785163245293 60.050718960992526 512.6385172416842 46.72586643129762 414.16279761991206 125.44163181431941 403.51231053044535 mild-corrosion 0
166 397 208 397 208 427 166 427 mild-corrosion 0
253 430 265 430 265 449 253 449 mild-corrosion 0
218 451 234 451 234 473 218 473 mild-corrosion 0
316 494 352 494 352 516 316 516 mild-corrosion 0
304 406 352 406 352 487 304 487 mild-corrosion 0
395 393 429 393 429 445 395 445 moderate-corrosion 0
373 381 390 381 390 407 373 407 mild-corrosion 0
428 597 438 597 438 613 428 613 mild-corrosion 0
548 628 561 628 561 640 548 640 mild-corrosion 0
390 582 418 582 418 634 390 634 moderate-corrosion 0
406 521 431 521 431 555 406 555 moderate-corrosion 0
353 477 385 477 385 518 353 518 moderate-corrosion 0
480 621 493 621 493 640 480 640 mild-corrosion 0
569 484 591 484 591 522 569 522 moderate-corrosion 0
640.0035866322287 528.236 469.4899619583157 528.236 469.4951150946872 363.9999999999999 639.9997862884629 363.9999999999999 severe-corrosion 0