639.9999999817373 -0.0063491328217794435 640.0028382166056 371.00370622920536 338.57460577732127 370.99948847336077 338.58000000000175 1.6825134264942005e-11 severe-corrosion 0
98 371 140 371 140 640 98 640 moderate-corrosion 0
76 490 95 490 95 518 76 518 mild-corrosion 0
50 467 66 467 66 505 50 505 mild-corrosion 0
34 505 50 505 50 546 34 546 mild-corrosion 0
11 482 31 482 31 516 11 516 mild-corrosion 0
479 371 640 371 640 592.025 479 592.025 severe-corrosion 0
431.7778389839805 539.860991117582 400.3799466127384 540.1934041342856 398.59023537515895 371.08107593045423 429.9863376171561 370.74867236082457 severe-corrosion 0
395.1024352888635 522.943984099664 381.5715977369109 523.4382417384759 376.00848764996044 371.1559982195487 389.53864208233426 370.6617530485288 severe-corrosion 0
351.05631846920005 370.8198274832081 375.2930000000197 370.99999999999994 374.184604820839 520.080260454009 349.94792333833175 519.9000923753266 severe-corrosion 0
340.62123319803504 500.78700250008353 325.2731629482878 500.62245799364416 326.331436780456 401.9504582069465 341.6790000000037 402.11500000000007 severe-corrosion 0