221.97032992116874 -0.0009472176009286125 221.97139718366088 288.0002624068607 -0.002106292886310257 287.998222538669 0.0002669216337380931 0.001155789328833421 severe-corrosion 0
435 0 640 0 640 288 435 288 severe-corrosion 0
107 465 163 465 163 560 107 560 severe-corrosion 0
82 419 106 419 106 485 82 485 severe-corrosion 0
116 405 134 405 134 419 116 419 mild-corrosion 0
435 288 640 288 640 559.935 435 559.935 severe-corrosion 0
637.0788563686801 482.50090136107804 658.6373256360821 488.73046700190287 627.3152839748218 597.1027309045606 605.756871562553 590.8733072422946 severe-corrosion 0
633 372 640 372 640 418 633 418 severe-corrosion 0
435 546 466 546 466 607 435 607 severe-corrosion 0
478 522 513 522 513 554 478 554 severe-corrosion 0
557 546 588 546 588 602 557 602 severe-corrosion 0
536 562 544 562 544 580 536 580 severe-corrosion 0