0 30.391 409 30.391 409 384 0 384 severe-corrosion 0
127 580 242 580 242 640 127 640 moderate-corrosion 0
44 466 88 466 88 518 44 518 mild-corrosion 0
116 449 130 449 130 469 116 469 mild-corrosion 0
318 384 326 384 326 393 318 393 mild-corrosion 0
269 565 299 565 299 604 269 604 mild-corrosion 0
316 597 334 597 334 629 316 629 mild-corrosion 0
351 617 372 617 372 640 351 640 mild-corrosion 0
197 446 209 446 209 461 197 461 mild-corrosion 0
487.067812843452 621.0488749636453 431.90210936183576 621.3590300417069 431.21518508116424 498.9691468142121 486.37799999996787 498.65900000000005 corroded-part 0
409 384 615.55 384 615.55 502.687 409 502.687 severe-corrosion 0
490 391 544 391 544 452 490 452 severe-corrosion 0
554 384 589 384 589 398 554 398 severe-corrosion 0
633 389 640 389 640 445 633 445 severe-corrosion 0
613 406 621 406 621 424 613 424 severe-corrosion 0
425 637 445 637 445 640 425 640 moderate-corrosion 0
524 586 540 586 540 605 524 605 moderate-corrosion 0