9 0.219531 0.264844 0.439063 0.529687
6 0.478125 0.095312 0.015625 0.025000
6 0.443750 0.077344 0.009375 0.020313
9 0.219531 0.764844 0.439063 0.470313
6 0.951562 0.885938 0.025000 0.059375
6 0.832812 0.646875 0.015625 0.025000
6 0.531250 0.590625 0.018750 0.040625
7 0.469531 0.991406 0.029687 0.017188
7 0.571094 0.867188 0.054688 0.081250
7 0.543750 0.764844 0.028125 0.064062
7 0.670312 0.670312 0.034375 0.065625
7 0.787500 0.651563 0.043750 0.081250
7 0.810156 0.549219 0.039062 0.039062
6 0.917969 0.691406 0.020313 0.039062
7 0.677344 0.856250 0.039062 0.084375
7 0.736719 0.765625 0.064062 0.093750
7 0.685937 0.961719 0.075000 0.076563
7 0.769531 0.894531 0.107813 0.132812
6 0.878125 0.920312 0.046875 0.068750
6 0.532813 0.953125 0.040625 0.050000