288.0029196304531 320 56.44125167324091 320 56.444251635548426 169.74099999999996 287.9996169365768 169.74099999999999 severe-corrosion 0
535 188 640 188 640 320 535 320 severe-corrosion 0
212 533 288 533 288 622 212 622 severe-corrosion 0
50 416 130 416 130 618 50 618 severe-corrosion 0
0 532 50 532 50 639 0 639 severe-corrosion 0
263 320 288 320 288 401 263 401 severe-corrosion 0
0 395 49 395 49 526 0 526 moderate-corrosion 0
129 375 209 375 209 621 129 621 severe-corrosion 0
0 320 120.274 320 120.274 409.692 0 409.692 mild-corrosion 0
135 320 180 320 180 336 135 336 moderate-corrosion 0
288 320 640 320 640 592 288 592 severe-corrosion 0