9 0.079175 0.368548 0.158350 0.181655
6 0.100000 0.645312 0.065625 0.046875
6 0.212500 0.688281 0.018750 0.029687
6 0.160938 0.723437 0.025000 0.034375
6 0.329688 0.790625 0.056250 0.034375
6 0.325781 0.699219 0.085938 0.126562
7 0.528906 0.478906 0.079687 0.039062
7 0.771875 0.616406 0.056250 0.051562
7 0.684375 0.529687 0.040625 0.034375
7 0.835938 0.719531 0.062500 0.042188
7 0.953125 0.748437 0.056250 0.040625
7 0.534375 0.832812 0.071875 0.043750
7 0.748437 0.895312 0.068750 0.040625
6 0.674219 0.864062 0.032813 0.025000
6 0.912500 0.589844 0.040625 0.023438
6 0.500000 0.914844 0.021875 0.023438
6 0.497656 0.510156 0.017188 0.017188
6 0.537500 0.535937 0.040625 0.021875
6 0.633594 0.601562 0.014063 0.015625