0 0 249 0 249 416 0 416 severe-corrosion 0
468 0 554 0 554 31 468 31 mild-corrosion 0
488 62 616 62 616 150 488 150 mild-corrosion 0
582 261 630 261 630 329 582 329 mild-corrosion 0
498 298 535 298 535 331 498 331 mild-corrosion 0
22 574 43 574 43 614 22 614 mild-corrosion 0
72 580 86 580 86 618 72 618 mild-corrosion 0
109 532 136 532 136 576 109 576 mild-corrosion 0
127 425 137 425 137 449 127 449 mild-corrosion 0
164 619 181 619 181 640 164 640 mild-corrosion 0
168 584 181 584 181 606 168 606 mild-corrosion 0
120 422 141 422 141 450 120 450 mild-corrosion 0