9 0.205469 0.411719 0.410938 0.110937
9 0.616406 0.509375 0.026562 0.090625
9 0.207813 0.171875 0.415625 0.343750
9 0.469531 0.121875 0.082812 0.165625
9 0.610938 0.624219 0.037500 0.010937
9 0.389844 0.553906 0.307812 0.151562
9 0.025000 0.553125 0.050000 0.153125
9 0.763415 0.314844 0.267455 0.629687
6 0.339844 0.642969 0.026562 0.026562
6 0.381250 0.660937 0.012500 0.018750
7 0.953906 0.934375 0.092188 0.131250
6 0.849219 0.975000 0.085938 0.050000
6 0.698438 0.882812 0.025000 0.034375
6 0.676562 0.860938 0.021875 0.034375
6 0.847656 0.910937 0.026562 0.034375