9 0.307812 0.314844 0.343750 0.110937
9 0.158594 0.157812 0.307812 0.181250
9 0.266833 0.535565 0.327416 0.193005
9 0.957812 0.550000 0.084375 0.143750
7 0.804688 0.649219 0.081250 0.292187
9 0.558594 0.975781 0.039062 0.048438
6 0.909375 0.932813 0.025000 0.046875
6 0.967969 0.953125 0.029687 0.078125
6 0.925000 0.786719 0.034375 0.035937
6 0.870313 0.762500 0.021875 0.034375
6 0.953125 0.654687 0.059375 0.053125
6 0.976562 0.846875 0.025000 0.034375
6 0.973437 0.745313 0.053125 0.021875
6 0.643750 0.474219 0.034375 0.023438
7 0.704688 0.736719 0.028125 0.032813
7 0.546875 0.817187 0.025000 0.028125
6 0.495312 0.839063 0.028125 0.028125
6 0.482031 0.906250 0.004687 0.018750
6 0.900000 0.575000 0.025000 0.018750
6 0.517969 0.682813 0.029687 0.025000