9 0.249219 0.219531 0.320312 0.110937
9 0.248438 0.075781 0.321875 0.151562
9 0.094531 0.371094 0.189062 0.173437
9 0.500000 0.532813 0.059375 0.012500
9 0.603125 0.400000 0.178125 0.181250
9 0.851562 0.360938 0.265625 0.315625
9 0.604688 0.522656 0.046875 0.029687
7 0.502344 0.281250 0.029687 0.075000
7 0.485938 0.065625 0.031250 0.053125
7 0.456250 0.182812 0.037500 0.043750
7 0.789062 0.054688 0.028125 0.040625
6 0.619039 0.013869 0.047525 0.027639
7 0.705778 0.484312 0.056914 0.019620
6 0.875000 0.043750 0.012500 0.018750
6 0.704688 0.010937 0.037500 0.021875
6 0.675000 0.198437 0.025000 0.031250
6 0.721875 0.190625 0.028125 0.034375
6 0.817187 0.168750 0.012500 0.037500
6 0.421875 0.063281 0.025000 0.035937
6 0.570312 0.245312 0.012500 0.025000
6 0.633594 0.274219 0.023438 0.032813
6 0.671875 0.298438 0.034375 0.040625
6 0.736719 0.532031 0.020313 0.014063