6 0.327697 0.079454 0.128372 0.060145
6 0.058412 0.124374 0.140410 0.098380
9 0.881250 0.054688 0.071875 0.078125
9 0.686719 0.338281 0.032813 0.020313
7 0.864844 0.221875 0.048438 0.037500
9 0.991406 0.194531 0.017188 0.051562
7 0.765625 0.386719 0.043750 0.026562
7 0.716406 0.273438 0.039062 0.037500
6 0.932031 0.350000 0.035937 0.040625
6 0.776563 0.007031 0.065625 0.014063
7 0.710938 0.002344 0.021875 0.004687
6 0.800781 0.201563 0.026562 0.034375
6 0.837500 0.295312 0.015625 0.025000
3 0.574176 0.436915 0.013248 0.066624
9 0.899219 0.541406 0.195312 0.282813
9 0.764062 0.696875 0.053125 0.056250