42.239358074148186 280.99999024329725 0.7665285677649081 282.13002998673096 -2.8487286408926593 149.44215906712506 38.62319828782347 148.31213183001705 severe-corrosion 0
494.31501578314055 13.756741530032244 537.1132478226355 79.57384528619174 505.4687316098716 100.15090440965193 462.6705670169031 34.33386055380301 severe-corrosion 0
552.6898453199829 265.80497548312377 509.34921219799435 290.9370946116232 460.63541985233314 206.93247127708526 503.97545998741407 181.8005698990554 severe-corrosion 0
369.53800000002957 192.25000000000148 366.0156687129347 159.58958594580014 429.2409999999654 152.77100000000368 432.7634480025881 185.4312807360073 moderate-corrosion 0
358.4320000000298 100.09000000002294 347.8812172547623 76.60786580663269 368.29921604796255 67.43389011560365 378.8500029991701 90.91600667489935 mild-corrosion 0
453.7241686049674 274.9766763249732 422.3725455949898 290.6220597569253 382.79237290924357 211.31093649072943 414.14356091780064 195.66568422692222 moderate-corrosion 0
639.9999621997995 0.5698920468684553 659.826051039563 57.190886895229525 535.9077708611585 100.58115106454308 516.0818353780633 43.96027989556944 moderate-corrosion 0
318.1050023480202 60.84600090660594 300.633818507049 54.10003896513744 309.46789601119235 31.22096143150955 326.93906700507796 37.96692062794204 mild-corrosion 0
506.86200000003737 110.56699999998757 532.4454537862039 96.49423982219335 589.9670678631082 201.06351315500183 564.3836826449115 215.13617456745442 moderate-corrosion 0
285.2661987783358 194.03802491507392 221.48210210456455 186.04325907363278 230 118.08899999999977 293.7835964637634 126.08373413493769 severe-corrosion 0
265.55798736320867 -0.000010280983033881728 265.5580000000191 59.622000000031086 229.99998949700966 59.62198872519696 230 -2.1138761551676897e-11 mild-corrosion 0
80 281 144 281 144 640 80 640 severe-corrosion 0
0 281 25 281 25 413 0 413 moderate-corrosion 0
307.4613950316416 263.1190008231577 425.9293248839822 292.81790225692697 352.2250548122247 586.784818660465 233.75769029429648 557.0873704333324 severe-corrosion 0
276 302 286 302 286 324 276 324 mild-corrosion 0
598.8014528303029 563.1132694306103 442.7925999253057 594.9115633434942 381.0771264626237 292.13739565507984 537.0700234630203 260.34085133545216 severe-corrosion 0