-0.003924214179278351 639.9999998739809 0 569.6760000000314 159.0053982633981 569.6835673058173 159.00399990365258 640.0050204687568 severe-corrosion 0
177.9505192587385 456.34565676625346 159.00399999998626 536.5620000000266 -18.94826223993732 494.5346778113157 0 414.3209999999652 severe-corrosion 0
-17.600977559632156 366.3795029767165 0 296.8759999999945 209.76654122663604 349.98996842973776 192.1678496839013 419.4915428499453 severe-corrosion 0
248.57280652751797 271.40075562712576 231.6323627246311 325.883536820703 -16.941196946354466 248.59440923593007 0 194.1129999999737 severe-corrosion 0
306.33369849572773 209.3754710507871 289.71700000001874 262.5000000000329 68.24979330325732 193.2276163617672 84.86700000001292 140.10399999998566 severe-corrosion 0
126.55669783387566 124.57683405755097 142.38499999999476 74.13999999996597 369.9258020681009 145.5462875972284 354.09821062581614 195.98251541881424 severe-corrosion 0
223.65423100374755 88.37478342365046 236.96415803911805 48.94948907620768 453.2509695128829 121.96665747564381 439.9414628920931 161.3915910007549 severe-corrosion 0
530.994658167474 95.24885143502533 517.9789999999775 140.1040000000244 322.4449059370818 83.3651085005751 335.4607634367858 38.510198855784246 severe-corrosion 0
455.5490000000282 52.296999999982184 484.5795540649124 -13.196294824381486 640.7126953559782 56.011140660983514 611.6824050467403 121.50420972507014 severe-corrosion 0
222 632 324 632 324 640 222 640 mild-corrosion 0
214 472 292 472 292 550 214 550 mild-corrosion 0
236 377 313 377 313 428 236 428 mild-corrosion 0
278 288 343 288 343 344 278 344 mild-corrosion 0
337 228 381 228 381 274 337 274 mild-corrosion 0
383 172 438 172 438 210 383 210 mild-corrosion 0
467 128 503 128 503 180 467 180 mild-corrosion 0