534.6269999991637 -0.0006125399931658714 534.6273426928383 87.4979354075876 -0.000432257293141447 87.49738677526622 7.275957614183426e-11 3.000853341960828e-11 severe-corrosion 0
390 168 534 168 534 262 390 262 severe-corrosion 0
149 194 313 194 313 283 149 283 severe-corrosion 0
29 206 116 206 116 320 29 320 severe-corrosion 0
65 472 148 472 148 568 65 568 severe-corrosion 0
510 422 602 422 602 524 510 524 severe-corrosion 0
371 59 412 59 412 98 371 98 mild-corrosion 0
275 70 289 70 289 85 275 85 mild-corrosion 0
301 93 318 93 318 107 301 107 mild-corrosion 0
347 67 364 67 364 85 347 85 mild-corrosion 0
420 63 466 63 466 118 420 118 mild-corrosion 0
117 61 135 61 135 86 117 86 mild-corrosion 0
129 137 143 137 143 157 129 157 mild-corrosion 0
111 221 144 221 144 272 111 272 mild-corrosion 0
42 58 56 58 56 82 42 82 mild-corrosion 0
60 47 102 47 102 97 60 97 mild-corrosion 0
338 253 361 253 361 284 338 284 mild-corrosion 0
183 396 309 396 309 485 183 485 mild-corrosion 0
110 392 133 392 133 423 110 423 mild-corrosion 0
475 587 519 587 519 604 475 604 mild-corrosion 0
576 171 610 171 610 227 576 227 mild-corrosion 0
553 186 586 186 586 228 553 228 mild-corrosion 0
532 234 579 234 579 333 532 333 mild-corrosion 0
634 67 640 67 640 95 634 95 mild-corrosion 0
628 365 640 365 640 390 628 390 mild-corrosion 0
585 246 605 246 605 277 585 277 mild-corrosion 0