7 0.128906 0.149219 0.039062 0.073438
7 0.193750 0.292187 0.034375 0.078125
7 0.025781 0.268750 0.035937 0.081250
7 0.000781 0.262500 0.001563 0.059375
7 0.854688 0.352344 0.075000 0.367188
7 0.432812 0.842969 0.021875 0.035937
7 0.610938 0.849219 0.021875 0.045312
7 0.796875 0.653906 0.034375 0.042188
6 0.030469 0.833594 0.017188 0.026562
6 0.011719 0.992188 0.020313 0.015625
6 0.358594 0.514844 0.026562 0.042188
6 0.577344 0.835938 0.017188 0.040625
6 0.709375 0.507812 0.025000 0.043750
6 0.641406 0.078906 0.195312 0.054688
6 0.629687 0.955469 0.046875 0.089063
6 0.010937 0.102344 0.018750 0.029687