9 0.034491 0.195862 0.068983 0.391725
9 0.322366 0.244539 0.053411 0.410519
9 0.368906 0.212313 0.031880 0.293201
9 0.403513 0.260302 0.034358 0.380219
9 0.449256 0.177549 0.022328 0.154432
9 0.655469 0.188281 0.373437 0.376563
7 0.369531 0.620313 0.051562 0.037500
7 0.695312 0.980469 0.121875 0.039062
6 0.840625 0.873437 0.025000 0.059375
6 0.721875 0.634375 0.015625 0.025000
6 0.913281 0.696094 0.020313 0.048438
7 0.478125 0.853906 0.018750 0.079687
7 0.559375 0.657813 0.034375 0.065625
7 0.676562 0.639062 0.043750 0.081250
7 0.699219 0.529687 0.039062 0.053125
7 0.621094 0.473438 0.051562 0.046875
7 0.987500 0.840625 0.025000 0.078125
7 0.905469 0.760938 0.039062 0.043750
6 0.807031 0.678906 0.020313 0.039062
7 0.950781 0.476562 0.032813 0.053125
7 0.566406 0.843750 0.039062 0.084375
7 0.625781 0.753125 0.064062 0.093750
7 0.575000 0.955469 0.075000 0.089063
7 0.658594 0.882031 0.107813 0.132812
6 0.767188 0.907813 0.046875 0.068750