9 0.194531 0.309375 0.389062 0.618750
7 0.805469 0.389844 0.210938 0.239063
6 0.642188 0.418750 0.084375 0.134375
6 0.440625 0.523438 0.100000 0.106250
6 0.985156 0.513281 0.029687 0.064062
6 0.972656 0.310156 0.035937 0.054688
6 0.990625 0.385937 0.018750 0.037500
6 0.412500 0.398438 0.034375 0.050000
6 0.490625 0.284375 0.025000 0.034375
6 0.468750 0.262500 0.021875 0.034375
6 0.603125 0.568750 0.025000 0.040625
6 0.631250 0.603125 0.025000 0.031250
6 0.639844 0.312500 0.026562 0.034375
6 0.894531 0.117188 0.026562 0.034375