290 158 397 158 397 205 290 205 severe-corrosion 0
269 234 345 234 345 286 269 286 severe-corrosion 0
301 38 439 38 439 90 301 90 severe-corrosion 0
423 248 481 248 481 301 423 301 severe-corrosion 0
333 114 413 114 413 148 333 148 moderate-corrosion 0
306 332 338 332 338 339 306 339 mild-corrosion 0
221.0000191700965 487 206.27598885199404 487 206.27602015592856 476.644 220.99999587997445 476.644 corroded-part 0
195.33014342239767 434.8925842681531 203.00479070283473 447.3496125577344 173.20377803924202 465.7068195311462 165.5292140525853 453.2498640393054 severe-corrosion 0
152.36389960547967 436.6500045487227 147.40214718782227 421.07191536960704 177.25684306424228 411.5641880337079 182.21863683575066 427.14220011288006 severe-corrosion 0
517.4265861185268 639.9999943905299 517.4378530729882 338.99277783264904 640.0045108909399 339.00000027673144 639.9999999969441 640.0002493713451 severe-corrosion 0
262 535.271 456 535.271 456 640 262 640 severe-corrosion 0