204.90299999990384 -0.0001361242673042944 204.90317775496806 131.37304192848265 82.58880862391379 131.37284664240576 82.58900000000722 2.8998707308243614e-11 moderate-corrosion 0
358 0 640 0 640 339 358 339 severe-corrosion 0
280 353 358 353 358 387 280 387 severe-corrosion 0
218 452 282 452 282 498 218 498 severe-corrosion 0
0 466 56 466 56 537 0 537 severe-corrosion 0
336.9582205295592 639.9994596932687 233.00378726657073 653.3075310295134 211.51490350624954 485.4615933929838 315.4620000000432 472.15399999999624 moderate-corrosion 0
244.70028990319406 524.4611246150646 154.69120339272195 614.4577287077119 21.612473546047113 481.3818392153249 111.6184511553729 391.3883401903655 moderate-corrosion 0
24.692093800840667 384.4618874516337 15.543456436571432 395.43900232993155 -9.148607884490048 374.8620655453866 0 363.88500000002017 mild-corrosion 0
641.9136519730091 479.45058795405606 639.9899610193825 563.1287007135758 382.425221444646 557.200850382041 384.3529999999737 473.5270000000085 moderate-corrosion 0
364.33100000002014 338.99999999999756 465.02003309346037 330.1618437420558 482.108483499469 524.819163125404 381.4194992479315 533.6570439529693 mild-corrosion 0
428.2361622411554 577.7319280894836 446.98853210815287 606.4488377702903 374.14484809647547 654.0021570282408 355.39312723863986 625.2858193920098 moderate-corrosion 0
617 443 631 443 631 453 617 453 mild-corrosion 0
461 339 482 339 482 348 461 348 mild-corrosion 0
528 447 552 447 552 458 528 458 mild-corrosion 0
619 414 635 414 635 423 619 423 mild-corrosion 0