9 0.144531 0.304688 0.289062 0.609375
9 0.952963 0.304688 0.094073 0.609375
9 0.684375 0.303125 0.206250 0.128125
9 0.365625 0.303125 0.153125 0.115625
6 0.604688 0.081250 0.056250 0.056250
6 0.435937 0.064062 0.018750 0.021875
6 0.474219 0.103906 0.023438 0.020313
6 0.550000 0.072656 0.021875 0.026562
6 0.682813 0.107031 0.062500 0.079687
6 0.500781 0.367969 0.029687 0.045312
6 0.342187 0.582812 0.106250 0.053125
6 0.891406 0.294531 0.042188 0.082812
6 0.853125 0.306250 0.043750 0.062500
6 0.815625 0.420312 0.053125 0.150000
6 0.990625 0.120313 0.018750 0.040625
6 0.923438 0.578125 0.025000 0.037500
6 0.881250 0.393750 0.025000 0.046875
6 0.004687 0.837500 0.009375 0.043750
6 0.276562 0.817187 0.025000 0.046875