272 0 309 0 309 43 272 43 severe-corrosion 0
0 0 189.66900000000004 0 189.66900000000004 217 0 217 severe-corrosion 0
185 10 212 10 212 57 185 57 severe-corrosion 0
158 200 236 200 236 217 158 217 severe-corrosion 0
219 55 313 55 313 111 219 111 severe-corrosion 0
313.0020249685913 640 130.99882021255326 640 131.00147420242138 552.9999999999999 312.9976649618766 552.9999999999999 moderate-corrosion 0
224.02365620509954 272.0396377836872 289.54006797852344 269.3797897635622 297.0001793672418 453.11898764145093 231.48377588520816 455.77877042737225 moderate-corrosion 0
0 419.278 43.626 419.278 43.626 451.41700000000003 0 451.41700000000003 moderate-corrosion 0
293 227.329 313 227.329 313 263.134 293 263.134 mild-corrosion 0
127.0188591954502 565.6611188712847 114.44594273489201 611.5819223376245 4.9345468193496345 581.6034164615907 17.50815976782178 535.6836928987882 mild-corrosion 0
545.6062037724769 211.3265147626746 651.3536962432408 391.17635196369247 415.5801617900579 529.783007175679 309.8397793537879 349.93926273378145 severe-corrosion 0