6 0.417187 0.221094 0.084375 0.145313
7 0.351562 0.014063 0.068750 0.028125
7 0.090625 0.080469 0.181250 0.160938
9 0.786719 0.169531 0.326562 0.339062
7 0.385937 0.492188 0.053125 0.084375
7 0.282031 0.472656 0.039062 0.039062
7 0.986719 0.626563 0.026562 0.056250
7 0.728125 0.352344 0.068750 0.026562
7 0.601562 0.371875 0.065625 0.046875
7 0.702344 0.421875 0.064062 0.043750
7 0.826562 0.461719 0.028125 0.023438
7 0.539062 0.532813 0.075000 0.059375
7 0.732812 0.570312 0.056250 0.078125
6 0.532031 0.924219 0.039062 0.023438
6 0.951562 0.746094 0.037500 0.026562
6 0.725781 0.914062 0.032813 0.021875
6 0.654687 0.955469 0.037500 0.026562
6 0.734375 0.946875 0.028125 0.018750