194.84911989231477 569.4614977326727 90.2454896409472 557.5343913020412 151.38975730718812 21.382087590231457 255.98329237443977 33.30869491265589 severe-corrosion 0
491.52127170971653 67.55266472970743 440.9470192374283 456.3356340863721 221.96436596008425 427.84535795823376 272.54500000002736 39.06899999997591 severe-corrosion 0
72 76 96 76 96 124 72 124 moderate-corrosion 0
118 169 139 169 139 220 118 220 moderate-corrosion 0
10 147 32 147 32 200 10 200 moderate-corrosion 0
0 149 4 149 4 188 0 188 moderate-corrosion 0
530 135 572 135 572 371 530 371 moderate-corrosion 0
282 544 296 544 296 567 282 567 moderate-corrosion 0
396 550 409 550 409 580 396 580 moderate-corrosion 0
508 431 529 431 529 459 508 459 moderate-corrosion 0
27 530 38 530 38 547 27 547 mild-corrosion 0
16 635 29 635 29 640 16 640 mild-corrosion 0
229 329 245 329 245 357 229 357 mild-corrosion 0
376 543 386 543 386 569 376 569 mild-corrosion 0
453 334 469 334 469 362 453 362 mild-corrosion 0
348 49 473 49 473 90 348 90 mild-corrosion 0
403 605 431 605 431 640 403 640 mild-corrosion 0
2 57 13 57 13 77 2 77 mild-corrosion 0
122.73189602579805 387.17433639765255 119.30285589034611 420.8455402672498 -2.3888269800227135 408.4527435934484 1.0407517365092644 374.7821544060231 severe-corrosion 0
412.4461260379758 466.94243066259304 413.55664429771423 436.9826661307397 515.7495422525244 440.7693103777422 514.639558721974 470.72856408097573 mild-corrosion 0