157.1772509047878 336.4848712739501 26.00798237748677 360.51107112105683 -38.297033309572726 9.438580007032488 92.86489001853624 -14.5868430245871 severe-corrosion 0
139.43466292024823 0.012925336178230896 249.392092533526 -3.783751329898318 260.97926098394964 331.7924085561351 151.0218286424788 335.5890059166109 severe-corrosion 0
410 27 542 27 542 133 410 133 severe-corrosion 0
268 259 321 259 321 312 268 312 severe-corrosion 0
538 116 556 116 556 136 538 136 severe-corrosion 0
552 203 570 203 570 229 552 229 severe-corrosion 0
352 266 384 266 384 306 352 306 moderate-corrosion 0
268 59 281 59 281 97 268 97 moderate-corrosion 0
355 117 374 117 374 141 355 141 mild-corrosion 0
268.39877299826185 427.60351705902406 253.01152697305952 367.50422334357086 635.4921378973086 269.57827596565977 650.8813665481284 329.67445897247495 severe-corrosion 0
591 130 608 130 608 158 591 158 severe-corrosion 0
467 145 493 145 493 180 467 180 severe-corrosion 0
521 218 539 218 539 246 521 246 mild-corrosion 0
596 171 609 171 609 192 596 192 mild-corrosion 0
0 539.2869999999873 -12.006059283594368 494.00694989547435 264.22639573938795 420.7704650562364 276.23392134810274 466.04820529769535 severe-corrosion 0