9 0.182031 0.116846 0.364063 0.138183
9 0.825000 0.251563 0.350000 0.037500
6 0.691406 0.170313 0.082812 0.071875
9 0.825000 0.495312 0.350000 0.209375
6 0.826562 0.142187 0.037500 0.025000
6 0.796094 0.332813 0.292187 0.109375
6 0.111719 0.992969 0.035937 0.014063
9 0.976562 0.858594 0.034375 0.101562
9 0.947656 0.766406 0.017188 0.332813
6 0.693750 0.765625 0.040625 0.062500
6 0.737500 0.716406 0.034375 0.054688
6 0.687500 0.901563 0.025000 0.084375
6 0.739062 0.958594 0.034375 0.048438
6 0.865625 0.775000 0.034375 0.056250
9 0.987500 0.704688 0.015625 0.209375
6 0.656250 0.975000 0.012500 0.050000
9 0.982812 0.960156 0.034375 0.079687