6 0.157812 0.497656 0.031250 0.023438
6 0.244531 0.487500 0.035937 0.043750
6 0.298438 0.496094 0.037500 0.026562
6 0.394531 0.496094 0.029687 0.026562
6 0.450000 0.494531 0.015625 0.023438
7 0.110937 0.104688 0.043750 0.081250
7 0.246094 0.184375 0.064062 0.090625
6 0.477344 0.060937 0.048438 0.071875
6 0.392188 0.017969 0.112500 0.035937
6 0.619814 0.085165 0.029205 0.059305
9 0.406250 0.650781 0.206250 0.173437
9 0.217969 0.624219 0.126562 0.139063
9 0.037500 0.928125 0.050000 0.081250
9 0.085938 0.600000 0.125000 0.181250
7 0.410156 0.537500 0.198437 0.056250
9 0.254688 0.779687 0.509375 0.062500
7 0.046875 0.945312 0.093750 0.109375