0 65 313 65 313 364 0 364 severe-corrosion 0
242 0 313 0 313 81 242 81 moderate-corrosion 0
0 0 40 0 40 57 0 57 mild-corrosion 0
313 142.044 635.425 142.044 635.425 364 313 364 severe-corrosion 0
639.9999999999272 -0.0001235404534687367 640.0003250023292 143.20110509836863 472.9498083759245 143.20081739499062 472.95008615401457 0.00008448178035646085 moderate-corrosion 0
313 99 418 99 418 164 313 164 mild-corrosion 0
636 173 640 173 640 183 636 183 mild-corrosion 0
628 250 640 250 640 267 628 267 mild-corrosion 0
0 364 307.862 364 307.862 430.9789999999999 0 430.9789999999999 corroded-part 0
389.86508635702194 374.1118379025637 386.449999999968 363.99999999997056 395.06540237387526 361.09060152262947 398.48049503721995 371.20242683253645 severe-corrosion 0
568.4540407938039 639.9998922014727 557.4617585928354 641.1383996632624 539.4824931806943 467.58746726474453 550.4739999999583 466.4490000000037 severe-corrosion 0
616.6702322004858 643.3705286959349 572.1446009528154 639.0988118228673 584.2296552896005 513.179995639881 628.7528582044615 517.4515944764594 severe-corrosion 0
548.9630000000034 363.9999999999972 636.3211910023529 346.0739799690478 656.2138284579851 443.00530358732965 568.8557200119976 460.9310574529534 severe-corrosion 0
346.34067515631614 421.4945143414332 359.41117350099375 420.6731175324986 364.4044411279174 500.11661791078325 351.3339438707044 500.9380035273151 severe-corrosion 0
518.1395907786646 444.98869060445935 495.3270000000339 445.75599999999906 493.9607009205065 405.1363044986033 516.7730000000302 404.369 severe-corrosion 0
400.3530000000319 423.6830000000024 391.84341325162677 391.5113491944703 540.1055815222207 352.2981915159495 548.6156246616883 384.4691399668181 severe-corrosion 0
522.900952818236 546.4638333164007 469.86015888440306 555.7426377442993 456.5847267186473 479.8666685528454 509.62399999996705 470.5880000000022 moderate-corrosion 0
473.8810917484079 444.3759893872664 460.05641891344567 445.9751185989907 456.2084732130461 412.713120680834 470.0329999999667 411.11400000000117 moderate-corrosion 0
561.707000000024 513.3540000000012 578.8926855216414 508.584434293836 600.3383257670794 585.8406035633706 583.1526717441011 590.6100910998769 moderate-corrosion 0