6 0.425000 0.069531 0.087500 0.139063
9 0.879687 0.134375 0.212500 0.162500
9 0.862500 0.393750 0.087500 0.231250
9 0.656250 0.112500 0.012500 0.059375
9 0.946094 0.089063 0.085938 0.178125
7 0.109375 0.539062 0.059375 0.043750
7 0.592969 0.781250 0.067187 0.071875
7 0.476562 0.626563 0.078125 0.087500
7 0.357812 0.642188 0.031250 0.056250
7 0.261719 0.615625 0.048438 0.056250
9 0.153903 0.723503 0.172464 0.222187
9 0.923438 0.825000 0.037500 0.075000
7 0.741406 0.556250 0.048438 0.037500
9 0.888281 0.532031 0.057813 0.045312
7 0.943750 0.646094 0.025000 0.042188
7 0.967969 0.956250 0.064062 0.087500
7 0.657031 0.734375 0.014063 0.053125
6 0.808594 0.684375 0.035937 0.040625
7 0.737500 0.810937 0.025000 0.034375
7 0.701562 0.873437 0.028125 0.034375
7 0.733594 0.954688 0.020313 0.021875
6 0.677344 0.535937 0.026562 0.034375
6 0.714063 0.629687 0.015625 0.025000