9 0.112690 0.156250 0.225380 0.312500
7 0.010937 0.498437 0.018750 0.034375
7 0.189062 0.488281 0.015625 0.045312
7 0.334375 0.277344 0.009375 0.039062
6 0.153125 0.478125 0.009375 0.037500
6 0.237500 0.142187 0.018750 0.040625
6 0.226562 0.567969 0.025000 0.042188
7 0.460156 0.556250 0.042188 0.065625
7 0.349219 0.564063 0.020313 0.050000
9 0.365625 0.223438 0.053125 0.143750
7 0.504687 0.135937 0.081250 0.271875
6 0.439063 0.014844 0.021875 0.029687
6 0.361719 0.119531 0.045312 0.054688
6 0.350000 0.028125 0.021875 0.021875
6 0.375000 0.454688 0.031250 0.043750
6 0.389062 0.517969 0.015625 0.017188
6 0.665625 0.302344 0.034375 0.023438
7 0.604688 0.038281 0.028125 0.032813
6 0.409375 0.200000 0.025000 0.018750
6 0.791406 0.092188 0.029687 0.025000
7 0.392484 0.709907 0.091782 0.048924