9 0.264844 0.168750 0.529687 0.337500
9 0.539062 0.135156 0.018750 0.101562
9 0.657813 0.109375 0.103125 0.096875
9 0.778906 0.082812 0.070312 0.093750
9 0.555469 0.526563 0.042188 0.025000
9 0.709375 0.518750 0.071875 0.040625
6 0.900781 0.517188 0.029687 0.043750
6 0.625781 0.522656 0.067187 0.032813
7 0.901563 0.272656 0.196875 0.251563
7 0.910156 0.052344 0.179688 0.104688
7 0.667188 0.385937 0.143750 0.206250
6 0.795312 0.470313 0.040625 0.046875
6 0.849219 0.515625 0.054688 0.046875
9 0.444560 0.623566 0.341992 0.087186
6 0.006552 0.608207 0.013103 0.029720
7 0.206383 0.778632 0.052529 0.023953
7 0.384470 0.901403 0.054144 0.008631
6 0.177880 0.898769 0.017367 0.036996
6 0.269056 0.792367 0.019888 0.019222
6 0.330192 0.813425 0.023727 0.011553