0 0 307 0 307 198.21300000000002 0 198.21300000000002 severe-corrosion 0
639.9999824176484 104.12371102966435 641.492963676792 128.66116502249352 562.7938907766656 133.4493692364473 561.3010000000213 108.91200000000687 severe-corrosion 0
362.60263974239933 133.28424030795725 361.72023702485603 109.37698058341914 508.78848670872685 103.94837653707748 509.67103957336803 127.85548690668912 severe-corrosion 0
440 51 478 51 478 84 440 84 moderate-corrosion 0
307 46 337 46 337 77 307 77 moderate-corrosion 0
344 44 357 44 357 54 344 54 mild-corrosion 0
362 55 386 55 386 67 362 67 mild-corrosion 0
597 62 607 62 607 73 597 73 mild-corrosion 0
344 6 358 6 358 19 344 19 mild-corrosion 0
186.79850782813446 395.9630252786064 188.04263413418084 446.80929368451785 23.3348005759035 450.8363339728876 22.092022832657676 399.9914014942873 severe-corrosion 0
122.48206306408974 474.9456595467635 125.48254171022563 499.7716298110436 84.3582729397167 504.74078324646996 81.3579999999638 479.9149999999748 severe-corrosion 0
278.26705804327503 268.3228906984258 263.070000000007 267.9770000000008 263.64601517379924 242.67211013630316 278.84299999997893 243.01800000000003 mild-corrosion 0
282.5880610696913 307.3233220957482 260.799389686872 307.274968730982 260.8299999999872 293.499 282.6186043555208 293.5473532904174 mild-corrosion 0
263.85700052502216 381.66300155447885 253.8342459470732 351.98749010549466 267.83721554988006 347.2585485331171 277.8600000000006 376.9340000000194 mild-corrosion 0
639.9999996342376 203.98932773649722 640.0193048904475 640.0030878636773 316.7294473453512 639.998991934199 316.73347048774303 204.01015701438692 severe-corrosion 0