167.30990389696672 517.1419932758059 439.2380362175754 536.168357680486 434.5570921438775 603.0540995561195 162.62900000001537 584.0280000000012 severe-corrosion 0
173.54820141306845 419.3150936143905 182.33800000001793 362.34000000003175 393.04672580066836 394.840225675525 384.2589766967285 451.8135193193215 severe-corrosion 0
169.79143425429356 303.9320117025414 177.39499999996042 253.4750000000236 384.730586753285 284.7156906265537 377.1283158719598 335.1715405128193 severe-corrosion 0
212.48020553604874 174.7318067771581 391.12789146471187 213.10077705772315 382.3250000000553 254.0860000000046 203.67736742868146 215.71715997163292 severe-corrosion 0
241.04281006744714 159.2079925338694 249.04512569592043 123.10116176377058 412.12627524058917 159.24349324749474 404.12436720253027 195.34997181602702 severe-corrosion 0
290.3299999999581 110.08900000002751 297.73664628235565 81.35005540745176 433.69924782178714 116.39000407046916 426.2927995784412 145.1287776828006 severe-corrosion 0
358.2346506125032 56.355132891075584 464.4849274217995 87.53435943786161 456.4549999999872 114.89800000000218 350.20473480464716 83.71880170844295 severe-corrosion 0
498.1620715258032 56.413763275527415 490.3298178689147 82.33572325492312 380.98671351603116 49.29790180631799 388.81900000000314 23.376000000018745 severe-corrosion 0
430.14229254469683 29.420984321801036 436.4535350577353 8.998638261519114 541.11516459634 41.342820521548774 534.8039587118546 61.76513360367121 severe-corrosion 0
480.56418010128255 20.056882768196125 487.78371130632877 -2.7690105134633933 581.8059999999241 26.969000000022977 574.5864944566711 49.79486938164346 severe-corrosion 0
546.1000000000058 6.99600000003344 560.2794278821239 -26.777301570631103 638.3391432037752 5.995398030315487 624.1597225535224 39.7686934899196 severe-corrosion 0
475 535 512 535 512 565 475 565 moderate-corrosion 0
34 566 73 566 73 578 34 578 mild-corrosion 0
98 354 118 354 118 377 98 377 mild-corrosion 0
77 519 92 519 92 539 77 539 mild-corrosion 0
409 299 463 299 463 343 409 343 mild-corrosion 0
421 396 476 396 476 461 421 461 mild-corrosion 0
409 220 450 220 450 260 409 260 mild-corrosion 0
425 172 465 172 465 199 425 199 mild-corrosion 0
448 127 482 127 482 157 448 157 mild-corrosion 0
480 96 503 96 503 119 480 119 mild-corrosion 0
505 67 534 67 534 86 505 86 mild-corrosion 0
548 44 568 44 568 71 548 71 mild-corrosion 0