9 0.169883 0.175745 0.117891 0.351491
9 0.614170 0.111870 0.297089 0.223741
9 0.972656 0.975781 0.054688 0.048438
9 0.568750 0.887500 0.206250 0.165625
9 0.853125 0.564844 0.084375 0.082812
9 0.459375 0.812500 0.028125 0.031250
9 0.435937 0.673438 0.028125 0.040625
7 0.737500 0.565625 0.050000 0.062500
7 0.935156 0.714063 0.032813 0.025000
7 0.892969 0.889062 0.039062 0.059375
6 0.992969 0.603906 0.014063 0.035937
6 0.744531 0.809375 0.029687 0.037500
9 0.378906 0.785156 0.020313 0.042188
9 0.560937 0.758594 0.040625 0.054688
6 0.482812 0.646875 0.028125 0.043750
6 0.375000 0.727344 0.012500 0.032813
7 0.917188 0.953906 0.025000 0.035937