9 0.444531 0.020313 0.029687 0.040625
9 0.239063 0.090625 0.053125 0.065625
9 0.285938 0.168750 0.025000 0.037500
9 0.176563 0.414062 0.037500 0.131250
7 0.836719 0.269531 0.326562 0.539062
6 0.542969 0.147656 0.026562 0.035937
6 0.587500 0.077344 0.043750 0.045312
6 0.582812 0.531250 0.034375 0.015625
9 0.229687 0.769531 0.459375 0.460938
6 0.937500 0.909375 0.037500 0.034375
6 0.612500 0.878125 0.287500 0.056250
6 0.977344 0.600781 0.045312 0.029687
6 0.826562 0.658594 0.053125 0.048438
6 0.590625 0.651563 0.087500 0.031250