0 147 50 147 50 254 0 254 severe-corrosion 0
231 0 329 0 329 371 231 371 severe-corrosion 0
389 0 483 0 483 371 389 371 severe-corrosion 0
153 0 176 0 176 371 153 371 severe-corrosion 0
528 0 640 0 640 371 528 371 severe-corrosion 0
346 145 394 145 394 241 346 241 moderate-corrosion 0
0 481.89700000000005 153 481.89700000000005 153 609.781 0 609.781 severe-corrosion 0
69.00300000001153 639.9999999999995 69.00321243694634 621.9638802707011 103.24606753922126 621.9642289622917 103.24599999927159 640.0002036178374 corroded-part 0
556.0386993589054 546.147185337426 550.6359774464363 502.1626497331875 587.0420099718467 497.69178088786 592.445000000007 541.6759999999849 severe-corrosion 0
462.7186672170501 505.55919554838175 473.857165518275 510.2687921050954 458.35543817032885 546.9239112756053 447.2169609725097 542.2143513092367 severe-corrosion 0
279.14754816607456 632.9317502953045 139.07710744737415 603.3122601736026 173.5503364988108 440.3421462556531 313.6122852603148 469.960744405169 severe-corrosion 0
581.4280949742533 595.6829974214792 560.5218108335248 596.2505962842388 559.8529396687809 571.6155958204616 580.7589999999618 571.0480000000008 severe-corrosion 0
492.58093764277874 592.9239923088991 504.3656151001778 594.3775065935979 498.55767457680486 641.4534984530549 486.77300000003015 640.0000000000018 severe-corrosion 0
331.22699316554645 576.3689997701524 354.03943434910616 577.1362015804598 352.6729999999952 617.7560000000001 329.8605591656815 616.9888051065302 severe-corrosion 0
456.6683064294193 579.9437786069782 428.20564386500337 629.6014485078315 282.33932215196546 546.0109400415143 310.80199999996694 496.3550000000289 severe-corrosion 0
567.3589999999967 615.6929999999982 578.4242029380403 615.0463140237015 579.8829999999725 640.0000000000016 568.8177973927668 640.6466821996402 severe-corrosion 0
377.966971343194 583.1139966856624 391.79155462989 584.7128946519009 387.9435812337033 617.9748860105901 374.1189999999915 616.3759999999987 moderate-corrosion 0