9 0.171875 0.102784 0.343750 0.138183
6 0.660156 0.108594 0.017188 0.014063
7 0.237500 0.889062 0.096875 0.193750
6 0.021094 0.524219 0.042188 0.095312
9 0.009375 0.305469 0.018750 0.051562
7 0.435937 0.885938 0.050000 0.228125
6 0.357812 0.900000 0.081250 0.200000
6 0.471094 0.732031 0.035937 0.064062
6 0.473438 0.621875 0.031250 0.068750
6 0.388281 0.298438 0.039062 0.037500
9 0.740625 0.298438 0.425000 0.037500
9 0.832031 0.942187 0.195312 0.115625
9 0.823438 0.536719 0.165625 0.104688
9 0.785156 0.627344 0.173437 0.048438
9 0.966406 0.639844 0.067187 0.720313
7 0.808594 0.681250 0.101562 0.037500
7 0.868750 0.720313 0.062500 0.037500
6 0.684375 0.407813 0.112500 0.034375