-13.346387188139488 85.17144492887383 2.7354346723586787 -17.456688039465824 283.5967441630055 26.553985048571146 267.51563660676766 129.18142286878467 severe-corrosion 0
611.6024709025805 226.75403745452564 579.4311089175608 235.38413088324913 558.0019957278273 155.5020429731865 590.1729999999952 146.8720000000067 severe-corrosion 0
391 0 445 0 445 42 391 42 severe-corrosion 0
330 72 356 72 356 173 330 173 severe-corrosion 0
368 144 462 144 462 205 368 205 severe-corrosion 0
513 18 541 18 541 74 513 74 moderate-corrosion 0
100.07078278482368 573.4515271668341 111.06615871227405 597.3860898950434 59.75800000000163 620.9499999999753 48.762976813231944 597.0157369652192 mild-corrosion 0
239.02991646049486 490.2384601233142 240.439769363511 516.2259835459329 152.47940242981713 520.9960943450482 151.06999999996333 495.0090000000183 mild-corrosion 0
0 505.29300000002166 -0.28033271082676947 501.1063400138067 49.63166104069387 497.76482576204984 49.91202987017459 501.9514460267587 mild-corrosion 0
61.314790403921506 644.6274229920335 58.71743276489724 639.366951846727 253.48325947168632 543.2222362646121 256.08067041510367 548.4824655581565 mild-corrosion 0
275 466 405 466 405 640 275 640 corroded-part 0