9 0.528903 0.414560 0.329463 0.057698
9 0.665239 0.239057 0.202151 0.046276
9 0.774776 0.180809 0.191555 0.053392
9 0.844398 0.174363 0.173548 0.042491
9 0.936807 0.163704 0.152277 0.025470
7 0.932031 0.984375 0.060937 0.031250
6 0.246875 0.917188 0.062500 0.025000
6 0.272656 0.604688 0.032813 0.037500
6 0.282813 0.856250 0.025000 0.034375
6 0.775000 0.617969 0.087500 0.076563
6 0.826562 0.792188 0.090625 0.109375
6 0.745313 0.489063 0.068750 0.068750
6 0.750781 0.406250 0.064062 0.046875
6 0.771875 0.342969 0.056250 0.051562
6 0.803906 0.296094 0.039062 0.039062
6 0.839063 0.254688 0.046875 0.034375
6 0.892969 0.232813 0.032813 0.043750