42.01600000000326 3.180554681463517e-14 99.56962687319901 -0.4343497394571517 102.37283547219704 370.9971863346419 44.819208276385325 371.43152440294864 moderate-corrosion 0
128.57599999995728 9.54166404439055e-14 185.12203907739604 -0.34703568041602206 187.40111465936934 370.9975383353659 130.8550753183954 371.34456474373593 moderate-corrosion 0
273.83155763985997 370.99998855926026 216.44171480846126 371.4215123255966 213.71500000001106 9.54166404439055e-14 271.10190226456325 -0.42151296664753546 severe-corrosion 0
299.091000000044 -3.498610149609869e-13 356.1516433090583 -0.6968504679045358 360.69097260296985 370.9915617547401 303.63032889123133 371.68839353223814 severe-corrosion 0
565 0 640 0 640 152 565 152 severe-corrosion 0
585 153 609 153 609 371 585 371 severe-corrosion 0
364 5 536 5 536 371 364 371 severe-corrosion 0
60.072612675649 467.26822441271327 136.01093219040195 356.9066935445758 323.5985461215023 485.9637582482616 247.66529448039364 596.3207540939986 severe-corrosion 0
456.042211727181 665.3682391369446 342.3439605744352 473.9570651709769 587.0405886305525 328.6365370559048 700.7381540398637 520.0372507071218 moderate-corrosion 0
621 501 640 501 640 538 621 538 mild-corrosion 0
401 616 429 616 429 636 401 636 mild-corrosion 0
380 544 394 544 394 558 380 558 mild-corrosion 0
389 438 416 438 416 456 389 456 mild-corrosion 0