6 0.655216 0.146638 0.033959 0.025876
9 0.027344 0.625781 0.054688 0.104688
9 0.008594 0.725000 0.017188 0.053125
9 0.217188 0.797656 0.059375 0.051562
9 0.318750 0.643750 0.178125 0.181250
9 0.511719 0.630469 0.154688 0.260937
9 0.320312 0.766406 0.046875 0.029687
7 0.498437 0.850000 0.025000 0.031250
7 0.216406 0.530469 0.029687 0.060937
6 0.097335 0.723567 0.031456 0.033577
7 0.421403 0.728063 0.056915 0.019622
6 0.103906 0.785156 0.014063 0.035937
6 0.349219 0.517969 0.023438 0.032813
6 0.387500 0.542188 0.034375 0.040625
6 0.453125 0.778125 0.018750 0.015625