9 0.043985 0.043952 0.077122 0.086623
9 0.014063 0.465625 0.028125 0.103125
9 0.394531 0.364063 0.070312 0.100000
9 0.301563 0.306250 0.084375 0.084375
9 0.418750 0.138281 0.040625 0.157812
9 0.306250 0.057813 0.146875 0.093750
7 0.130469 0.257812 0.045312 0.087500
6 0.429688 0.483594 0.012500 0.045312
6 0.284375 0.577344 0.015625 0.023438
6 0.070312 0.504687 0.015625 0.025000
9 0.814063 0.234375 0.212500 0.162500
9 0.544531 0.294531 0.151562 0.589063
9 0.828125 0.045312 0.087500 0.090625
9 0.842187 0.507812 0.043750 0.090625
7 0.996094 0.532813 0.007812 0.062500
9 0.746094 0.389844 0.085938 0.398438
9 0.966406 0.653716 0.067187 0.091808