9 0.304688 0.204687 0.609375 0.409375
9 0.961719 0.196875 0.076563 0.050000
9 0.673438 0.192969 0.093750 0.060937
7 0.040625 0.857812 0.034375 0.050000
7 0.084375 0.910937 0.012500 0.012500
7 0.278906 0.901563 0.020313 0.015625
6 0.250000 0.667969 0.012500 0.032813
6 0.282031 0.845313 0.010937 0.006250
6 0.142969 0.795312 0.010937 0.009375
6 0.303125 0.790625 0.012500 0.009375
6 0.443750 0.762500 0.012500 0.009375
6 0.396875 0.878125 0.015625 0.009375
6 0.464062 0.841406 0.018750 0.014063
6 0.520312 0.854688 0.012500 0.012500
6 0.532813 0.875781 0.012500 0.010937
6 0.045312 0.737500 0.053125 0.021875
6 0.596875 0.679688 0.012500 0.018750
6 0.521875 0.517188 0.021875 0.015625
6 0.289062 0.936719 0.015625 0.007812
6 0.369531 0.943750 0.017188 0.015625
6 0.232031 0.948438 0.014063 0.009375
7 0.289062 0.673438 0.034375 0.025000
6 0.704816 0.630851 0.099856 0.379475