6 0.430469 0.043750 0.054688 0.087500
7 0.139844 0.155469 0.148438 0.310937
9 0.541944 0.204687 0.146387 0.409375
6 0.218029 0.438221 0.043270 0.050480
6 0.021875 0.506250 0.034375 0.028125
6 0.103906 0.467187 0.045312 0.037500
9 0.486719 0.542969 0.035937 0.101562
9 0.614062 0.517188 0.103125 0.096875
9 0.735156 0.490625 0.070312 0.093750
9 0.512500 0.957031 0.040625 0.070312
9 0.665625 0.953125 0.071875 0.093750
9 0.961719 0.957031 0.054688 0.085938
9 0.981250 0.857812 0.031250 0.084375
6 0.857812 0.925000 0.028125 0.043750
6 0.582812 0.941406 0.068750 0.054688
7 0.866406 0.681250 0.210938 0.253125
7 0.479687 0.753125 0.021875 0.284375
7 0.869531 0.460938 0.185938 0.103125
7 0.623437 0.793750 0.143750 0.206250
6 0.751563 0.878125 0.040625 0.046875
6 0.805469 0.942187 0.054688 0.081250