9 0.667188 0.400000 0.206250 0.128125
9 0.306250 0.400000 0.240625 0.115625
9 0.056250 0.416406 0.112500 0.167187
9 0.056250 0.817969 0.112500 0.139063
9 0.760156 0.810156 0.123438 0.148438
6 0.587500 0.178125 0.056250 0.056250
6 0.418750 0.160938 0.018750 0.021875
6 0.457031 0.200781 0.023438 0.020313
6 0.532813 0.169531 0.021875 0.026562
6 0.665625 0.203906 0.062500 0.079687
6 0.178125 0.132812 0.021875 0.037500
6 0.179688 0.245312 0.018750 0.028125
6 0.145313 0.398438 0.040625 0.075000
6 0.059375 0.116406 0.015625 0.035937
6 0.110937 0.122656 0.056250 0.073438
6 0.483594 0.464844 0.029687 0.045312
6 0.289062 0.715625 0.181250 0.121875
6 0.103125 0.646094 0.031250 0.045312
6 0.642188 0.989844 0.065625 0.020313
6 0.874219 0.391406 0.042188 0.082812
6 0.835938 0.403125 0.043750 0.062500
6 0.798438 0.517188 0.053125 0.150000
6 0.917969 0.939063 0.026562 0.121875
6 0.979688 0.217188 0.031250 0.040625
6 0.906250 0.675000 0.025000 0.037500
6 0.864062 0.490625 0.025000 0.046875