4 0.072656 0.200000 0.145313 0.259375
4 0.625000 0.101562 0.050000 0.150000
4 0.407813 0.179688 0.056250 0.078125
4 0.454688 0.250781 0.025000 0.032813
4 0.342187 0.462500 0.037500 0.078125
4 0.351562 0.547656 0.015625 0.039062
4 0.498437 0.521875 0.053125 0.100000
4 0.911719 0.438281 0.042188 0.079687
4 0.982031 0.626563 0.035937 0.081250
4 0.765625 0.800000 0.065625 0.075000
4 0.935937 0.945312 0.050000 0.106250
4 0.703906 0.971875 0.045312 0.056250
4 0.790625 0.923438 0.068750 0.131250
4 0.533594 0.652344 0.354687 0.695312
4 0.101562 0.590625 0.203125 0.284375
4 0.228906 0.814844 0.457813 0.367188
4 0.126562 0.346875 0.131250 0.218750