6 0.271094 0.804688 0.017188 0.028125
7 0.142187 0.886719 0.018750 0.032813
7 0.039062 0.976562 0.025000 0.037500
7 0.260937 0.525781 0.018750 0.023438
7 0.125781 0.596875 0.017188 0.031250
7 0.132812 0.532813 0.009375 0.015625
7 0.145313 0.665625 0.015625 0.031250
7 0.093750 0.639062 0.015625 0.015625
7 0.131250 0.637500 0.015625 0.025000
6 0.111719 0.799219 0.032813 0.042188
6 0.164844 0.491406 0.023438 0.014063
6 0.018750 0.855469 0.037500 0.023438
7 0.032813 0.753906 0.015625 0.023438
7 0.012500 0.743750 0.018750 0.025000
6 0.057813 0.702344 0.012500 0.014063
6 0.003125 0.707031 0.006250 0.023438
7 0.010937 0.932813 0.012500 0.034375
7 0.035937 0.893750 0.018750 0.031250
7 0.207813 0.615625 0.015625 0.018750
6 0.196875 0.598437 0.009375 0.015625
7 0.170313 0.885938 0.009375 0.021875
7 0.181250 0.921875 0.012500 0.021875
7 0.206250 0.947656 0.021875 0.032813
7 0.126562 0.953906 0.009375 0.020313
6 0.001563 0.797656 0.003125 0.020313
6 0.064844 0.618750 0.010937 0.015625
6 0.103125 0.612500 0.012500 0.028125
6 0.103906 0.868750 0.010937 0.012500
6 0.176563 0.662500 0.012500 0.012500
6 0.171875 0.814844 0.009375 0.017188
6 0.213281 0.842187 0.007812 0.009375
6 0.191406 0.862500 0.007812 0.015625
6 0.032031 0.925000 0.014063 0.015625
6 0.096875 0.931250 0.009375 0.015625
6 0.196875 0.989844 0.012500 0.010937
6 0.207813 0.681250 0.006250 0.006250
6 0.259375 0.701562 0.006250 0.012500
6 0.228125 0.632812 0.006250 0.012500
6 0.265625 0.572656 0.006250 0.007812
6 0.015625 0.489063 0.006250 0.009375
6 0.036719 0.645312 0.007812 0.031250
6 0.026562 0.698438 0.009375 0.009375
6 0.075781 0.845313 0.007812 0.009375
6 0.146094 0.946875 0.007812 0.015625
6 0.268750 0.839063 0.009375 0.012500
6 0.260937 0.768750 0.015625 0.018750