9 0.660937 0.481250 0.209375 0.153125
9 0.299219 0.438281 0.242188 0.145313
9 0.053906 0.423438 0.107813 0.181250
9 0.049219 0.825000 0.098437 0.153125
9 0.746094 0.903906 0.126562 0.164062
6 0.585156 0.250000 0.057813 0.062500
6 0.416406 0.211719 0.020313 0.023438
6 0.453906 0.255469 0.023438 0.023438
6 0.530469 0.233594 0.023438 0.029687
6 0.660937 0.284375 0.062500 0.087500
6 0.175781 0.154688 0.023438 0.040625
6 0.175000 0.268750 0.018750 0.031250
6 0.138281 0.417187 0.042188 0.081250
6 0.058594 0.123438 0.017188 0.037500
6 0.108594 0.136719 0.057813 0.079687
6 0.475000 0.524219 0.031250 0.048438
6 0.275781 0.750000 0.182812 0.143750
6 0.092188 0.658594 0.031250 0.048438
6 0.867188 0.498437 0.043750 0.087500
6 0.828906 0.505469 0.045312 0.067187
6 0.789062 0.615625 0.056250 0.156250
6 0.901563 0.994531 0.028125 0.010937
6 0.977344 0.338281 0.032813 0.045312
6 0.893750 0.785156 0.025000 0.039062
6 0.854688 0.595313 0.025000 0.050000