148.0541804015229 376.9999516090271 115.88297397298447 385.6295561328895 107.17007358296541 353.1505647975777 139.3409999999858 344.52100000000024 severe-corrosion 0
142 78 170 78 170 144 142 144 severe-corrosion 0
226 48 264 48 264 81 226 81 severe-corrosion 0
188 0 217 0 217 19 188 19 moderate-corrosion 0
292 39 309 39 309 74 292 74 moderate-corrosion 0
62 216 91 216 91 272 62 272 moderate-corrosion 0
111 78 121 78 121 94 111 94 mild-corrosion 0
205 364 232 364 232 377 205 377 moderate-corrosion 0
282 294 301 294 301 322 282 322 mild-corrosion 0
339 0 640 0 640 377 339 377 severe-corrosion 0
0 377 339 377 339 640 0 640 moderate-corrosion 0