0 0 575 0 575 33 0 33 severe-corrosion 0
0 410 54 410 54 522 0 522 mild-corrosion 0
26 528 84 528 84 618 26 618 mild-corrosion 0
370 504 448 504 448 617 370 617 severe-corrosion 0
348 296 394 296 394 386 348 386 severe-corrosion 0
407.94738522155967 266.1837447223684 615.735779150491 245.3244886562219 655.2077946451755 638.4734311346762 447.4197315047786 659.3312505839713 corroded-part 0
391.19900000005146 7.383999999988086 438.7553684766317 -11.124185913697868 522.1367534987075 203.1211795462751 474.58048046872136 221.62920219173134 severe-corrosion 0
218 276 262 276 262 353 218 353 moderate-corrosion 0
259 167 335 167 335 237 259 237 mild-corrosion 0
310 52 423 52 423 96 310 96 moderate-corrosion 0
217.11299832510122 14.742982205047305 219.80128816023353 43.30480288702382 177.4622745434317 47.28980633832783 174.774000000034 18.72799999999446 severe-corrosion 0
117.4930019950989 26.034955491804364 116.19409041835752 55.012473268273716 56.92006490964559 52.355492616931556 58.219000000026426 23.37800000003525 severe-corrosion 0
116 140 156 140 156 200 116 200 mild-corrosion 0