0 0 307 0 307 224 0 224 severe-corrosion 0
307 0 640 0 640 224 307 224 severe-corrosion 0
411 22 451 22 451 69 411 69 severe-corrosion 0
330 0 378 0 378 23 330 23 severe-corrosion 0
0 224 307 224 307 304.214 0 304.214 severe-corrosion 0
228 434 307 434 307 516 228 516 severe-corrosion 0
0 439 140 439 140 513 0 513 severe-corrosion 0
226 316 262 316 262 352 226 352 mild-corrosion 0
130 316 142 316 142 330 130 330 mild-corrosion 0
153 342 168 342 168 355 153 355 mild-corrosion 0
202 320 216 320 216 337 202 337 mild-corrosion 0
273 324 307 324 307 375 273 375 mild-corrosion 0
168 503 187 503 187 532 168 532 mild-corrosion 0
333 510 355 510 355 549 333 549 mild-corrosion 0
449 285 497 285 497 350 449 350 severe-corrosion 0
534 270 600 270 600 332 534 332 severe-corrosion 0
622 253 640 253 640 313 622 313 severe-corrosion 0
375 568 397 568 397 602 375 602 mild-corrosion 0
402 563 420 563 420 597 402 597 moderate-corrosion 0
489 560 515 560 515 605 489 605 severe-corrosion 0
577 550 623 550 623 616 577 616 severe-corrosion 0
525 555 569 555 569 590 525 590 mild-corrosion 0
431 562 481 562 481 612 431 612 mild-corrosion 0
307 438 322 438 322 456 307 456 mild-corrosion 0
377 224 450 224 450 251 377 251 moderate-corrosion 0
425 362 489 362 489 544 425 544 moderate-corrosion 0
527 412 619 412 619 544 527 544 moderate-corrosion 0