9 0.421084 0.199310 0.576583 0.398620
7 0.520312 0.565625 0.034375 0.050000
7 0.475000 0.512500 0.012500 0.012500
7 0.283594 0.523438 0.020313 0.015625
6 0.309375 0.757031 0.012500 0.032813
6 0.278906 0.576562 0.010937 0.006250
6 0.565625 0.460156 0.009375 0.010937
6 0.419531 0.629687 0.010937 0.009375
6 0.257812 0.632812 0.012500 0.009375
6 0.117188 0.660937 0.012500 0.009375
6 0.616934 0.595386 0.062537 0.036337
6 0.164062 0.545312 0.015625 0.009375
6 0.096875 0.582031 0.018750 0.014063
6 0.039062 0.568750 0.012500 0.012500
6 0.028125 0.547656 0.012500 0.010937
6 0.682031 0.690625 0.014063 0.015625
6 0.515625 0.685937 0.053125 0.021875
6 0.039062 0.906250 0.021875 0.015625
6 0.273438 0.486719 0.015625 0.007812
6 0.191406 0.479687 0.017188 0.015625
6 0.328906 0.476562 0.014063 0.009375
7 0.270313 0.750000 0.034375 0.025000
9 0.854688 0.702525 0.290625 0.545675