592.9262982765067 308.8384837349316 615.0977858495753 617.0753127579434 14.906669219781179 660.1907398301985 -7.229600503706024 351.9869640389658 severe-corrosion 0
0 0 287 0 287 34 0 34 severe-corrosion 0
568 602 640 602 640 640 568 640 severe-corrosion 0
290 584 488 584 488 640 290 640 mild-corrosion 0
2 205 30 205 30 262 2 262 mild-corrosion 0
16 265 45 265 45 311 16 311 mild-corrosion 0
187 264 227 264 227 323 187 323 severe-corrosion 0
176 159 200 159 200 206 176 206 severe-corrosion 0
435.59443135382026 115.5283985098657 468.6630981750204 361.3520152639279 234.8090535200754 392.8038369582724 201.7467519719503 146.98645498909104 severe-corrosion 0
404.2869999999675 122.90099999999997 429.9199175931426 120.2363344692308 445.00419620773755 265.3370967874176 419.3712834025064 268.0017345090803 severe-corrosion 0
195.64299999998184 16.22700000000137 218.79574957914883 7.172732726672782 261.7326429964305 116.96679463470085 238.57990838201658 126.02103582864305 severe-corrosion 0
110 145 132 145 132 185 110 185 moderate-corrosion 0
130 92 168 92 168 129 130 129 mild-corrosion 0
155 36 212 36 212 62 155 62 moderate-corrosion 0
108.64199988762266 14.327996263716374 109.07509635107999 28.727675240023522 87.92909389958368 29.363676418604385 87.49600000002829 14.964000000027045 severe-corrosion 0
58.89800075106905 16.781993100784838 57.33803411138069 31.112166591212677 27.685030318243662 27.88416985442399 29.245000000009895 13.553999999985857 severe-corrosion 0
59 73 80 73 80 104 59 104 mild-corrosion 0