9 0.239844 0.188995 0.479687 0.377991
3 0.784076 0.465866 0.083777 0.168267
9 0.886719 0.275000 0.060937 0.053125
9 0.693750 0.261719 0.084375 0.095312
9 0.714063 0.137500 0.034375 0.078125
9 0.607031 0.200000 0.054688 0.050000
9 0.494531 0.254688 0.029687 0.087500
9 0.537500 0.251563 0.012500 0.028125
9 0.753125 0.186719 0.068750 0.039062
7 0.668750 0.533594 0.025000 0.029687
7 0.021875 0.630469 0.028125 0.160938
9 0.660156 0.910156 0.217188 0.179688
9 0.896094 0.775000 0.207813 0.450000
7 0.710665 0.672275 0.225230 0.240748