0.8769731259235414 92.36110446856144 -2.8798484705475857 22.466301413312408 344.81167984195054 3.777630743348484 348.5688954782381 73.67160020601956 severe-corrosion 0
137.44159971516638 277.6782482651748 73.09322279790649 191.19628535794965 286.5841579744301 32.34862942739829 350.93170991705847 118.82891640151952 severe-corrosion 0
467 0 604 0 604 210 467 210 severe-corrosion 0
413 149 436 149 436 171 413 171 mild-corrosion 0
634 112 640 112 640 146 634 146 mild-corrosion 0
269.1870000000199 262 291.0063232793618 261.86039352635396 293.42596466405666 639.9812608115567 271.6066414312081 640.1208583984267 severe-corrosion 0
0 425.323 345 425.323 345 640 0 640 severe-corrosion 0
345 388 462 388 462 452 345 452 mild-corrosion 0
533 439 547 439 547 457 533 457 mild-corrosion 0
489 634 518 634 518 640 489 640 mild-corrosion 0
534 461 583 461 583 485 534 485 mild-corrosion 0
499 389 556 389 556 406 499 406 mild-corrosion 0