4 0.065625 0.056250 0.021875 0.081250
4 0.103125 0.135937 0.031250 0.071875
4 0.106250 0.217188 0.096875 0.100000
4 0.107813 0.421875 0.028125 0.062500
4 0.048438 0.281250 0.037500 0.037500
4 0.096094 0.317188 0.079687 0.096875
4 0.162500 0.047656 0.025000 0.060937
4 0.146875 0.102344 0.028125 0.026562
4 0.203125 0.167187 0.018750 0.037500
4 0.162500 0.130469 0.012500 0.026562
4 0.182031 0.148438 0.017188 0.025000
4 0.286719 0.148438 0.023438 0.068750
4 0.223438 0.248438 0.078125 0.131250
4 0.306250 0.265625 0.040625 0.084375
4 0.360938 0.262500 0.037500 0.059375
4 0.404687 0.243750 0.021875 0.043750
4 0.443750 0.301563 0.021875 0.040625
4 0.483594 0.329688 0.020313 0.034375
4 0.148438 0.404687 0.015625 0.028125
4 0.171875 0.401562 0.021875 0.025000
4 0.214062 0.390625 0.012500 0.034375
4 0.267188 0.396875 0.056250 0.071875
4 0.235937 0.571094 0.034375 0.132812
4 0.287500 0.507031 0.037500 0.054688
4 0.298438 0.442188 0.034375 0.037500
4 0.389062 0.424219 0.037500 0.042188
4 0.407813 0.387500 0.059375 0.040625
4 0.381250 0.357812 0.050000 0.040625
4 0.337500 0.328125 0.025000 0.028125
4 0.393750 0.484375 0.059375 0.046875
4 0.414062 0.629687 0.059375 0.109375
4 0.360938 0.681250 0.068750 0.093750
4 0.404687 0.868750 0.118750 0.262500
4 0.986719 0.401562 0.026562 0.796875
4 0.643750 0.924219 0.146875 0.151562
4 0.513281 0.959375 0.095312 0.081250
4 0.501563 0.791406 0.078125 0.092188
4 0.489063 0.639062 0.071875 0.168750
4 0.552344 0.522656 0.101562 0.114062
4 0.606250 0.416406 0.056250 0.079687
4 0.561719 0.385937 0.035937 0.043750
4 0.532813 0.417187 0.040625 0.043750
4 0.466406 0.488281 0.017188 0.051562
4 0.440625 0.525000 0.037500 0.034375
4 0.550000 0.307812 0.028125 0.037500
4 0.503906 0.254688 0.023438 0.034375
4 0.510938 0.282813 0.018750 0.053125
4 0.777344 0.413281 0.204687 0.382812
4 0.760938 0.738281 0.284375 0.192188
4 0.587500 0.729688 0.109375 0.228125
4 0.860938 0.917969 0.271875 0.164062
4 0.906250 0.451562 0.140625 0.753125