6 0.363281 0.876563 0.032813 0.034375
6 0.450000 0.882031 0.040625 0.073438
6 0.504687 0.882812 0.040625 0.034375
6 0.600781 0.896094 0.032813 0.045312
6 0.656250 0.889844 0.018750 0.023438
6 0.729688 0.903125 0.034375 0.043750
7 0.066406 0.323437 0.073438 0.134375
7 0.135156 0.353906 0.054688 0.104688
7 0.198437 0.400000 0.050000 0.081250
7 0.339062 0.475000 0.050000 0.084375
7 0.470313 0.564063 0.068750 0.093750
7 0.301605 0.145558 0.637892 0.168092
6 0.802344 0.514844 0.076563 0.064062
6 0.708594 0.457813 0.051562 0.075000
6 0.627344 0.382031 0.117188 0.098437
6 0.814844 0.190625 0.035937 0.050000
7 0.964063 0.407031 0.037500 0.117188
7 0.076563 0.563281 0.043750 0.051562
6 0.005469 0.528906 0.010937 0.101562
6 0.198437 0.810156 0.018750 0.048438