7 0.147656 0.225000 0.295312 0.450000
9 0.757972 0.407327 0.378444 0.363472
6 0.042188 0.622656 0.034375 0.060937
6 0.034375 0.953125 0.031250 0.040625
6 0.107813 0.709375 0.034375 0.053125
7 0.146875 0.701562 0.028125 0.053125
9 0.289062 0.705469 0.040625 0.070312
9 0.442188 0.706250 0.071875 0.103125
9 0.534375 0.959375 0.065625 0.081250
6 0.359375 0.689844 0.068750 0.054688
6 0.217188 0.712500 0.078125 0.078125
7 0.399219 0.616406 0.142187 0.054688
7 0.450000 0.888281 0.078125 0.223438
6 0.528125 0.626563 0.040625 0.046875
6 0.561719 0.689063 0.014063 0.081250
6 0.807813 0.709375 0.090625 0.240625
6 0.792969 0.903125 0.026562 0.040625