9 0.205009 0.134715 0.408093 0.178670
6 0.994531 0.067187 0.010937 0.040625
6 0.793750 0.313281 0.025000 0.039062
6 0.934375 0.082812 0.068750 0.050000
6 0.846094 0.020313 0.020313 0.040625
6 0.058594 0.459375 0.117188 0.081250
7 0.806250 0.972656 0.021875 0.054688
7 0.763281 0.954688 0.017188 0.040625
7 0.698438 0.686719 0.053125 0.092188
7 0.614062 0.728906 0.018750 0.035937
7 0.731250 0.561719 0.084375 0.110937
7 0.707812 0.460938 0.053125 0.075000
7 0.978159 0.503707 0.028784 0.043384
7 0.882407 0.445185 0.020157 0.029171
7 0.968750 0.907813 0.037500 0.056250
7 0.915625 0.897656 0.037500 0.070312
9 0.972656 0.681250 0.054688 0.193750
7 0.843893 0.900579 0.030446 0.025498