9 0.175000 0.173327 0.350000 0.346653
7 0.593750 0.066406 0.065625 0.060937
7 0.945312 0.060937 0.109375 0.106250
7 0.992969 0.145313 0.014063 0.043750
7 0.532031 0.389062 0.067187 0.071875
7 0.648438 0.234375 0.078125 0.087500
7 0.768750 0.250000 0.031250 0.056250
7 0.863281 0.223438 0.048438 0.056250
6 0.939063 0.948438 0.037500 0.028125
6 0.969531 0.803906 0.060937 0.051562
6 0.675000 0.651563 0.650000 0.096875
6 0.401562 0.768750 0.053125 0.031250
6 0.556250 0.825781 0.053125 0.048438
6 0.793750 0.818750 0.087500 0.031250
6 0.899219 0.486719 0.039062 0.014063