0 0 518 0 518 275 0 275 severe-corrosion 0
547 77 569 77 569 115 547 115 severe-corrosion 0
541 239 575 239 575 275 541 275 mild-corrosion 0
518 248 529 248 529 266 518 266 mild-corrosion 0
524 151 544 151 544 163 524 163 mild-corrosion 0
234 341 271 341 271 389 234 389 severe-corrosion 0
517.9999998312269 274.99582582481275 518.018546006133 640.009972487801 -0.004985364867025055 639.9999998506129 0.009000553254736587 275.02050015793935 severe-corrosion 0
185 450 225 450 225 497 185 497 severe-corrosion 0
331 327 358 327 358 374 331 374 severe-corrosion 0
104 384 152 384 152 451 104 451 severe-corrosion 0
2 310 24 310 24 337 2 337 severe-corrosion 0
52 323 103 323 103 391 52 391 severe-corrosion 0
218 275 323 275 323 329 218 329 severe-corrosion 0
0 476 39 476 39 522 0 522 severe-corrosion 0
518 275 640 275 640 502.462 518 502.462 severe-corrosion 0