0 0 84 0 84 352 0 352 severe-corrosion 0
358 242.154 418.637 242.154 418.637 352 358 352 severe-corrosion 0
358 72.923 393.308 72.923 393.308 184.38 358 184.38 severe-corrosion 0
639.999999994252 -0.001973004129978227 640.0032832871511 352.00103873915134 393.5168003324361 351.99851110794873 393.51901022520906 0.0001043795902870627 severe-corrosion 0
426 247 477 247 477 295 426 295 severe-corrosion 0
455 167 561 167 561 241 455 241 severe-corrosion 0
378 185 400 185 400 197 378 197 severe-corrosion 0
398 271 432 271 432 289 398 289 severe-corrosion 0
331.9699999268778 351.99727181883964 331.9787985160656 640.0067865416435 -0.0017336429300485179 639.9999999525825 0.0068216938961995766 352.0087305743629 severe-corrosion 0
360 418 566 418 566 478 360 478 severe-corrosion 0
358 464 412 464 412 544 358 544 severe-corrosion 0