242 543 262 543 262 564 242 564 mild-corrosion 0
295 532 320 532 320 579 295 579 mild-corrosion 0
329 544 354 544 354 566 329 566 mild-corrosion 0
394 547 414 547 414 575 394 575 mild-corrosion 0
433 549 444 549 444 564 433 564 mild-corrosion 0
475 550 496 550 496 577 475 577 mild-corrosion 0
27 163 71 163 71 247 27 247 moderate-corrosion 0
78 191 111 191 111 257 78 257 moderate-corrosion 0
120 226 150 226 150 277 120 277 moderate-corrosion 0
212 270 242 270 242 323 212 323 moderate-corrosion 0
292 322 334 322 334 381 292 381 moderate-corrosion 0
-9.779118800070137 39.56442899316497 86.41998691564368 -93.10723007198328 401.397174402955 135.27993884251026 305.19983239377325 267.94996319586363 moderate-corrosion 0
6.728404520035838 482.00301669406934 -6.085693182903924 397.02553410558926 577.3918879222038 309.02456538443164 590.2120456472767 393.99524265947025 severe-corrosion 0
500 294 548 294 548 333 500 333 mild-corrosion 0
447 256 479 256 479 303 447 303 mild-corrosion 0
373 202 446 202 446 263 373 263 mild-corrosion 0
514 91 536 91 536 122 514 122 mild-corrosion 0
614 205 636 205 636 279 614 279 moderate-corrosion 0
48 342 75 342 75 375 48 375 moderate-corrosion 0
0 306 18 306 18 370 0 370 mild-corrosion 0
139 498 150 498 150 529 139 529 mild-corrosion 0
336.0004322165332 639.9999243831102 299.71083875527256 646.3488301475303 290.60161704073835 594.2943690085272 326.890359889876 587.9455388404516 severe-corrosion 0