204.2783614937798 300.00014855213624 204.27989972289652 111.01327986197988 281.0982739272731 111.01414228216566 281.0978406624781 299.99994899988513 severe-corrosion 0
448 0 615.339 0 615.339 300 448 300 severe-corrosion 0
324 388 418 388 418 484 324 484 mild-corrosion 0
318 507 350 507 350 537 318 537 mild-corrosion 0
176 502 232 502 232 538 176 538 mild-corrosion 0
240 436 290 436 290 482 240 482 mild-corrosion 0
174 448 219 448 219 478 174 478 mild-corrosion 0
622 426 640 426 640 452 622 452 mild-corrosion 0
612 467 640 467 640 500 612 500 mild-corrosion 0
630 496 640 496 640 535 630 535 mild-corrosion 0
503 534 526 534 526 556 503 556 mild-corrosion 0
592 588 610 588 610 608 592 608 mild-corrosion 0