8 14 31 14 31 128 8 128 severe-corrosion 0
150 4 165 4 165 139 150 139 severe-corrosion 0
231 0 248 0 248 132 231 132 severe-corrosion 0
450 36 454 36 454 108 450 108 severe-corrosion 0
360 26 368 26 368 118 360 118 severe-corrosion 0
286 10 298 10 298 125 286 125 severe-corrosion 0
329 36 339 36 339 122 329 122 severe-corrosion 0
426 46 432 46 432 111 426 111 severe-corrosion 0
405 45 418 45 418 114 405 114 severe-corrosion 0
498.02341777583933 148.18672421900357 438.3952041862358 125.68616527207374 476.40754585947434 24.95172722523801 536.035400822002 47.45221287544163 severe-corrosion 0
536.4358049799921 80.92000425298905 570.3385968378279 87.48301606793686 561.1133979907027 135.1375717066835 527.2106097824144 128.5745727993508 severe-corrosion 0
617 0 640 0 640 95 617 95 severe-corrosion 0
619.7009386945138 108.57670152708528 606.4522260255762 113.68086160345575 594.6879249664926 83.14480162991906 607.9366099690378 78.04064747292512 mild-corrosion 0
272.2722892715683 424.30918667299125 327.89898577611893 365.5202319637528 509.6196290809894 537.4411954879714 453.99573898743256 596.2275032181676 corroded-part 0