18 109 67 109 67 152 18 152 moderate-corrosion 0
0 50 7 50 7 82 0 82 moderate-corrosion 0
240 191 250 191 250 211 240 211 moderate-corrosion 0
413.4642135984177 453.6181907712596 394.5410459354025 612.4139435847103 -16.77109886681137 563.3877018965783 2.16263274945959 404.6045527413449 severe-corrosion 0
395.9985975626478 639.999999973668 395.99999999998545 600.5909999999835 500.6141723244946 600.5938869678884 500.6137214078626 640.0019375660916 severe-corrosion 0
387.30043256153294 250.69545015275673 395.99999999998545 216.3050000000299 450.7843324002897 230.16285960021477 442.08496475846914 264.5531393161111 severe-corrosion 0
538 609 574 609 574 637 538 637 moderate-corrosion 0
458 371 509 371 509 413 458 413 mild-corrosion 0
478 469 529 469 529 532 478 532 mild-corrosion 0
453 291 492 291 492 330 453 330 mild-corrosion 0
464 243 502 243 502 269 464 269 mild-corrosion 0
484 211 517 211 517 227 484 227 mild-corrosion 0