6 0.329688 0.850781 0.034375 0.032813
6 0.415625 0.850000 0.043750 0.071875
6 0.471094 0.847656 0.042188 0.032813
6 0.565625 0.854688 0.034375 0.043750
6 0.621875 0.844531 0.018750 0.023438
6 0.694531 0.853125 0.035937 0.040625
7 0.053125 0.317969 0.078125 0.129688
7 0.121094 0.344531 0.057813 0.101562
7 0.182812 0.385937 0.053125 0.078125
7 0.321875 0.451562 0.053125 0.081250
7 0.448437 0.532031 0.071875 0.089063
7 0.295546 0.124991 0.627284 0.122573
6 0.783594 0.460938 0.079687 0.059375
6 0.691406 0.410938 0.054688 0.071875
6 0.614062 0.340625 0.121875 0.090625
6 0.809375 0.138281 0.037500 0.048438
7 0.950781 0.343750 0.042188 0.115625
7 0.053906 0.556250 0.045312 0.050000
6 0.166406 0.794531 0.020313 0.048438