9 0.477238 0.368730 0.304835 0.020575
9 0.519565 0.285604 0.273565 0.020484
9 0.574537 0.217973 0.228617 0.026868
9 0.690872 0.129653 0.189978 0.023118
9 0.762045 0.108791 0.178814 0.032561
9 0.927053 0.074711 0.144687 0.008003
7 0.801562 0.917188 0.056250 0.046875
6 0.114844 0.903125 0.060937 0.018750
6 0.188281 0.585156 0.029687 0.035937
6 0.161719 0.839063 0.023438 0.031250
6 0.698438 0.551562 0.081250 0.068750
6 0.725781 0.721094 0.082812 0.101562
6 0.685937 0.423438 0.062500 0.062500
6 0.705469 0.339844 0.060937 0.042188
6 0.735156 0.273438 0.051562 0.046875
6 0.775781 0.222656 0.035937 0.035937
6 0.817187 0.177344 0.043750 0.029687
6 0.875781 0.150781 0.029687 0.042188