0 0 337 0 337 140.242 0 140.242 moderate-corrosion 0
345 0 640 0 640 36.774 345 36.774 severe-corrosion 0
345 88.00399999999999 525.739 88.00399999999999 525.739 115.111 345 115.111 severe-corrosion 0
344.45447234465973 172.89942686530816 345.0912215097924 138.98649171659736 529.8043666632293 142.453780101934 529.1679934851709 176.36634718484726 severe-corrosion 0
344.0127196686808 204.1762325191053 345.61950091607287 180.05815482127585 477.04645491226984 188.8133578678222 475.43992027996865 212.93119678599496 severe-corrosion 0
348.55200000005425 238.8299999999649 349.746431582098 218.40155139998126 480.0641056535096 226.0202020655187 478.8699170192558 246.44841949880575 severe-corrosion 0
454.8640000000887 308.9100000000013 455.9662000843673 295.32832511337534 587.4268216307973 305.9954803494445 586.3248423801269 319.5769426039144 severe-corrosion 0
532.3346127754485 294.1515698720189 533.8216023544373 275.9292555226392 618.3240570872294 282.82416138693384 616.8372450039897 301.04631034770364 severe-corrosion 0
188 417 241 417 241 457 188 457 mild-corrosion 0
182 600 218 600 218 640 182 640 mild-corrosion 0
345 358 611.985 358 611.985 640 345 640 moderate-corrosion 0