0 0 364 0 364 396 0 396 severe-corrosion 0
364 153.97 379.266 153.97 379.266 254.65499999999997 364 254.65499999999997 severe-corrosion 0
359.06361947338155 55.77436306770412 422.36399527668254 51.18724149833439 429.4129999999859 148.45999999999955 366.11262719568913 153.04710441048218 severe-corrosion 0
565.4330929424032 49.01098841196132 597.9347856980894 38.85635930282181 610.5150858021079 79.1217504645243 578.0133976498473 89.27636947836368 severe-corrosion 0
519.334105047019 279.68792107250795 491.5060000000085 286.1929999999936 479.1680911416188 233.41462557461995 506.99591858821805 226.90958049836095 severe-corrosion 0
611.4077759748761 266.3849923404876 626.8816026038257 264.21364243204624 638.7777964364795 348.9846749297541 623.3039742958499 351.1560036068726 severe-corrosion 0
426.40399188225274 54.92100087686592 426.40400272888655 31.995993895876587 468.74799868950504 31.996007197354253 468.74800358797074 54.920998452335965 severe-corrosion 0
313 607 359 607 359 640 313 640 severe-corrosion 0
363.9994070755347 457.86878733930456 371.2583153700689 521.6837157105876 91.04108746534621 553.543388315772 83.78588802013837 489.73186416520554 severe-corrosion 0
65 618 75 618 75 632 65 632 mild-corrosion 0
605 466 640 466 640 538 605 538 moderate-corrosion 0