521.2926504397183 226.8675232425396 590.9053025165485 533.6459268646689 7.429859566836967 665.9838176561378 -62.14824360831699 359.2352475537518 severe-corrosion 0
0 0 287 0 287 16 0 16 severe-corrosion 0
513 506 598 506 598 587 513 587 severe-corrosion 0
235 521 438 521 438 613 235 613 mild-corrosion 0
0 203 11 203 11 261 0 261 mild-corrosion 0
0 260 22 260 22 307 0 307 mild-corrosion 0
161 231 204 231 204 291 161 291 severe-corrosion 0
159 130 185 130 185 178 159 178 severe-corrosion 0
393.3307952843461 57.05364289140956 458.20784883821034 282.85250524598854 218.82378707414318 351.62631406562593 153.95205813758366 125.83227930346801 severe-corrosion 0
395.80300000001444 59.42899999999938 421.9202238039725 58.97699873016393 424.3456154893647 199.11790792320107 398.2283918315079 199.56990620188506 severe-corrosion 0
200.38500000002387 4.87420004934284e-12 222.35819789661036 -7.06532005755104 250.86716474274 81.59769913259018 228.89397231592739 88.66300890160718 severe-corrosion 0
95 126 120 126 120 167 95 167 moderate-corrosion 0
121 68 162 68 162 107 121 107 mild-corrosion 0
151 6 209 6 209 33 151 33 moderate-corrosion 0
106.47799999998824 -1.2710845459882488e-7 106.47800031467341 13.313000057246704 86.67799968803592 13.312999727926316 86.67800001108844 1.6050528261676316e-7 severe-corrosion 0
57.759999824120314 7.532996387055848 58.46259118436137 21.963917139709928 28.926588839894976 23.401918410775853 28.223999999972875 8.9710000000329 severe-corrosion 0
50 62 73 62 73 94 50 94 mild-corrosion 0