9 0.632031 0.421875 0.042188 0.031250
9 0.657031 0.125000 0.092188 0.050000
9 0.707812 0.092188 0.040625 0.031250
6 0.508594 0.027344 0.032813 0.029687
6 0.335156 0.029687 0.029687 0.025000
6 0.992969 0.271875 0.014063 0.028125
6 0.717187 0.317188 0.025000 0.028125
6 0.628906 0.189062 0.064062 0.034375
6 0.832031 0.162500 0.026562 0.021875
6 0.863281 0.382031 0.035937 0.045312
7 0.361719 0.550000 0.051562 0.018750
7 0.681250 0.423438 0.031250 0.034375
7 0.737500 0.405469 0.028125 0.032813
6 0.465625 0.057813 0.031250 0.046875
6 0.834375 0.293750 0.018750 0.012500
6 0.753125 0.165625 0.031250 0.021875
3 0.454404 0.779687 0.221308 0.440625
6 0.796695 0.669552 0.072817 0.100504