10.952 0 326 0 326 262 10.952 262 severe-corrosion 0
63 244 78 244 78 262 63 262 moderate-corrosion 0
238.12899353317334 156.2569996183562 255.2167171248584 157.26543686443188 252.1029080293374 210.02693770214634 235.01518473553006 209.01850408850783 moderate-corrosion 0
326 146.942 386.942 146.942 386.942 262 326 262 moderate-corrosion 0
419.290999891964 -0.0000011959996212240657 419.2910014095105 22.25500075042281 384.5569987361523 22.25499910876717 384.5570003420289 2.2968142258989037e-7 severe-corrosion 0
41 420 97 420 97 515 41 515 severe-corrosion 0
16 374 40 374 40 440 16 440 severe-corrosion 0
50 360 68 360 68 374 50 374 mild-corrosion 0
452.56108749556006 389.7255778722299 451.9347188143729 407.0652808609333 325.37332050887926 402.4923884983945 325.99999999998545 385.1529999999752 moderate-corrosion 0
452.8733478720824 388.04245662478587 478.2209999999759 390.29600000000084 455.81663785000273 642.2534341967952 430.4690000000119 639.999999999999 moderate-corrosion 0
326 337.592 344.296 337.592 344.296 349.173 326 349.173 moderate-corrosion 0
595.9298332400795 582.6821085082566 620.7240000000456 584.046000000001 617.5701653288706 641.3638736590074 592.7760000000126 640.0000000000001 moderate-corrosion 0