0 51.047 300 51.047 300 243 0 243 severe-corrosion 0
177 42 216 42 216 90 177 90 severe-corrosion 0
96 0 144 0 144 44 96 44 severe-corrosion 0
0 69 31 69 31 115 0 115 severe-corrosion 0
409.9227989788051 104.9999947653142 409.92300000005343 -0.000013078892345817788 639.9999764790118 0.00042098803470678537 640.000238573266 104.9997429528831 moderate-corrosion 0
400 209 446 209 446 243 400 243 mild-corrosion 0
426 133 446 133 446 211 426 211 mild-corrosion 0
412 295 640 295 640 315 412 315 mild-corrosion 0
400.92918858208577 618.7526920879936 298.8732831442758 617.1806442836603 303.05837953790615 345.9080407401439 405.1043419959751 347.48001187687487 moderate-corrosion 0
360 307 380 307 380 333 360 333 mild-corrosion 0
561.5073274163296 607.3162018671677 499.39551306197245 604.7775124634255 507.68594142115035 402.0616959522681 569.7929585686506 404.6002861671769 mild-corrosion 0