10.62765792114078 0.2717665831578374 69.39655004513043 -3.605411423765651 111.49672095023561 634.4992230821958 52.727871568495175 638.3761404102227 moderate-corrosion 0
98.05099999997765 6.997220299219738e-13 156.04952573718037 -3.8182612948505215 197.47846028782078 625.4401528337258 139.47996256829356 629.25813412193 moderate-corrosion 0
185.49800000000687 5.088887490341627e-13 242.7120527837542 -3.685361321035841 282.66511799694854 616.5370241829012 225.45109116392268 620.2221229461519 moderate-corrosion 0
270.8589999999822 5.724998426634331e-13 328.5101034890977 -3.825865851193595 369.0721948869759 607.3605236833608 311.42111780100095 611.1861248985797 severe-corrosion 0
356.4890000000014 1.84472171524884e-12 413.7025949898816 -4.035810197572049 456.16865489195334 597.9505954315396 398.95508847279416 601.9861348288179 severe-corrosion 0
444.44299999995565 7.63333123551244e-13 502.4410917462228 -3.8055453361013605 541.360365524888 589.3088141225594 483.36229913016723 593.1141115952905 severe-corrosion 0
528.3980000000156 -6.361109362927034e-13 584.8483273284364 -3.803908925764115 624.2196332279127 580.4394438192963 567.7693304629065 584.243112494729 severe-corrosion 0
614.571999999971 2.385416011097638e-13 639.8826368875598 -1.7235224478228077 665.3101911347039 371.6835472085097 639.9995606410812 373.4070299173642 severe-corrosion 0
57 604 67 604 67 632 57 632 mild-corrosion 0
299 18 315 18 315 76 299 76 mild-corrosion 0
330 542 342 542 342 572 330 572 mild-corrosion 0