9 0.627344 0.370312 0.051562 0.109375
9 0.232813 0.420312 0.078125 0.109375
9 0.321875 0.490625 0.090625 0.096875
9 0.191406 0.642188 0.051562 0.162500
9 0.297656 0.737500 0.154688 0.115625
9 0.773438 0.315625 0.062500 0.059375
7 0.713281 0.220312 0.048438 0.037500
7 0.860156 0.316406 0.029687 0.057813
7 0.488281 0.560937 0.051562 0.093750
9 0.076799 0.380440 0.199099 0.036650
6 0.206250 0.295312 0.015625 0.046875
6 0.358594 0.213281 0.017188 0.039062
6 0.567969 0.322656 0.017188 0.026562
7 0.693750 0.814063 0.046875 0.075000
6 0.817969 0.706250 0.032813 0.046875