0 136 96 136 96 243 0 243 severe-corrosion 0
313.2484419548564 135.35994335935567 411.5034920719336 129.27636386374306 425.6325528630987 357.4647727039944 327.3775178523647 363.54822700926377 moderate-corrosion 0
77 538 231 538 231 612 77 612 severe-corrosion 0
0 532 30 532 30 639 0 639 severe-corrosion 0
220 415 232 415 232 429 220 429 mild-corrosion 0
243 441 258 441 258 454 243 454 mild-corrosion 0
291 418 294 418 294 435 291 435 mild-corrosion 0
65 392 79 392 79 416 65 416 mild-corrosion 0
67 467 79 467 79 485 67 485 mild-corrosion 0
38 550 64 550 64 598 38 598 mild-corrosion 0
11 374 47 374 47 421 11 421 mild-corrosion 0
258 602 277 602 277 631 258 631 mild-corrosion 0
576.3699772621476 639.6875795553525 527.5333591891831 643.8608945781505 503.10300000004645 357.9999999999975 551.9342972073355 353.8269177706876 severe-corrosion 0