6 0.508579 0.332907 0.112377 0.064177
6 0.196162 0.347705 0.260180 0.089987
7 0.681250 0.517969 0.081250 0.057813
7 0.783594 0.282813 0.139063 0.100000
7 0.960938 0.473438 0.078125 0.071875
7 0.928125 0.409375 0.062500 0.050000
7 0.785937 0.429688 0.193750 0.071875
7 0.575781 0.387500 0.051562 0.146875
7 0.769531 0.046094 0.117188 0.092188
7 0.606250 0.137500 0.071875 0.043750
7 0.571094 0.501563 0.042188 0.034375
6 0.965625 0.041406 0.068750 0.045312
6 0.739062 0.141406 0.081250 0.045312
6 0.616406 0.192188 0.039062 0.031250
7 0.942187 0.589063 0.068750 0.059375
9 0.735915 0.813775 0.166598 0.366543