6 0.098550 0.339740 0.228963 0.088510
9 0.539844 0.430759 0.379688 0.038481
6 0.875781 0.106250 0.020313 0.025000
6 0.853125 0.359375 0.028125 0.021875
7 0.008594 0.459375 0.017188 0.018750
7 0.300000 0.468750 0.028125 0.028125
7 0.246875 0.501563 0.018750 0.037500
7 0.168750 0.484375 0.025000 0.043750
6 0.048438 0.662500 0.028125 0.046875
6 0.061719 0.570312 0.026562 0.031250
6 0.085938 0.725000 0.025000 0.062500
6 0.157031 0.993750 0.039062 0.012500
6 0.143750 0.923438 0.034375 0.065625
9 0.699219 0.531250 0.185938 0.159375
9 0.515303 0.508672 0.330606 0.117344