-20.51676434421097 22.7620002244123 259.73174865095643 -288.1592031402528 920.1977083181555 307.15644581840417 639.9678894212411 618.0606243052234 severe-corrosion 0
374 242 512 242 512 334 374 334 severe-corrosion 0
133 228 291 228 291 314 133 314 severe-corrosion 0
14 213 93 213 93 325 14 325 severe-corrosion 0
31 479 108 479 108 573 31 573 severe-corrosion 0
477 505 562 505 562 606 477 606 severe-corrosion 0
364 123 402 123 402 162 364 162 mild-corrosion 0
268 116 281 116 281 130 268 130 mild-corrosion 0
293 143 309 143 309 157 293 157 mild-corrosion 0
340 125 356 125 356 143 340 143 mild-corrosion 0
412 135 455 135 455 189 412 189 mild-corrosion 0
111 81 127 81 127 106 111 106 mild-corrosion 0
119 157 132 157 132 176 119 176 mild-corrosion 0
95 237 125 237 125 288 95 288 mild-corrosion 0
37 65 49 65 49 89 37 89 mild-corrosion 0
57 59 96 59 96 109 57 109 mild-corrosion 0
318 306 339 306 339 336 318 336 mild-corrosion 0
154 428 274 428 274 515 154 515 mild-corrosion 0
82 403 103 403 103 433 82 433 mild-corrosion 0
560 265 590 265 590 320 560 320 mild-corrosion 0
536 277 567 277 567 319 536 319 mild-corrosion 0
512 320 553 320 553 419 512 419 mild-corrosion 0
615 606 637 606 637 640 615 640 mild-corrosion 0
625 173 640 173 640 201 625 201 mild-corrosion 0
598 463 616 463 616 488 598 488 mild-corrosion 0
564 340 581 340 581 371 564 371 mild-corrosion 0