256 116 296 116 296 173 256 173 severe-corrosion 0
283 231 306 231 306 277 283 277 severe-corrosion 0
275.74790568760363 292.2762493393973 39.6209158871352 315.9832160939484 16.012507826599176 80.81248540442499 252.13219451026816 57.1058764444063 corroded-part 0
51.63159048308444 185.89304621830198 73.96445369886351 186.4388324584338 71.00731101738347 307.4362580084718 48.674447920930106 306.89047789834524 severe-corrosion 0
349 248 358 248 358 287 349 287 moderate-corrosion 0
358.0068147333077 640 139.23545896075666 639.9999999999999 139.24863624226418 306.9999999999999 357.99318647572363 306.99999999999994 corroded-part 0
378 417.523 640 417.523 640 640 378 640 severe-corrosion 0
398.39502617673133 439.3165894793707 338.6416008807282 399.4733351325661 423.0296062753041 272.9308692891401 482.7812376795191 312.77329416837125 moderate-corrosion 0
454 354 478 354 478 366 454 366 mild-corrosion 0
368 625 376 625 376 636 368 636 mild-corrosion 0
373 541 385 541 385 559 373 559 mild-corrosion 0