0 224 72 224 72 296 0 296 corrosion 0
83 236 109 236 109 273 83 273 corrosion 0
118 219 269 219 269 297 118 297 corrosion 0
360 225 492 225 492 288 360 288 corrosion 0
359 101 400 101 400 131 359 131 corrosion 0
329 98 353 98 353 119 329 119 corrosion 0
262 97 277 97 277 113 262 113 corrosion 0
288 126 297 126 297 136 288 136 corrosion 0
108 72 122 72 122 96 108 96 corrosion 0
0 0 640 0 640 46 0 46 corrosion 0
471 82 493 82 493 124 471 124 corrosion 0
1 478 75 478 75 560 1 560 corrosion 0
121 468 241 468 241 492 121 492 corrosion 0
161 423 184 423 184 469 161 469 corrosion 0
62 404 80 404 80 420 62 420 corrosion 0
7 587 38 587 38 610 7 610 corrosion 0
296 286 320 286 320 313 296 313 corrosion 0
448 468 518 468 518 566 448 566 corrosion 0
561 561 598 561 598 640 561 640 corrosion 0
602 211 640 211 640 306 602 306 corrosion 0
542 227 573 227 573 279 542 279 corrosion 0
520 244 540 244 540 282 520 282 corrosion 0
405 107 447 107 447 156 405 156 corrosion 0
434 53 450 53 450 95 434 95 corrosion 0
624 130 638 130 638 154 624 154 corrosion 0
585 53 615 53 615 91 585 91 corrosion 0
502 353 518 353 518 376 502 376 corrosion 0
570 422 590 422 590 442 570 442 corrosion 0
592 427 608 427 608 443 592 443 corrosion 0
588 302 634 302 634 418 588 418 corrosion 0
107 148 123 148 123 175 107 175 corrosion 0
32 60 45 60 45 78 32 78 corrosion 0
56 55 90 55 90 109 56 109 corrosion 0
552 187 561 187 561 213 552 213 corrosion 0
388 627 425 627 425 640 388 640 corrosion 0
70 600 86 600 86 630 70 630 corrosion 0