9.293163565380382 384.4683535420006 -43.19713572971523 143.96729632111413 306.9999999999709 67.53999999996485 359.4952187824674 308.0315988086515 severe-corrosion 0
235 310 307 310 307 377 235 377 severe-corrosion 0
425.2226514416543 263.31719517075607 496.9406081333 156.08488893658216 642.8829383553966 253.68892676614428 571.1670834648976 360.91937941962465 moderate-corrosion 0
591.0160000000178 -0.000043659939761557835 591.0160728026676 105.53601541720717 533.8369580046128 105.53596297221874 533.836999999985 -1.1585170427230861e-11 moderate-corrosion 0
307 70.668 349.626 70.668 349.626 102.295 307 102.295 moderate-corrosion 0
433.0186896931991 216.661728586214 420.44753442751244 262.58267610070965 310.9359023800789 232.60346740901727 323.50733564351685 186.68292322114183 mild-corrosion 0
302.56942311971216 562.8951158609132 300.8842102899507 624.2443112127405 56.668230911382125 617.5270289315745 58.35664315731265 556.1809359125202 corroded-part 0
344.876566221792 508.6007985751661 316.0803211660823 513.4180243966249 303.1680229133781 436.24261663020184 331.9634935119393 431.4254569251154 severe-corrosion 0
639.9995124982524 476.1089346519857 641.9199795190798 496.0632801293252 476.91752263126546 511.93795967621054 474.9977120679978 491.9842201279861 severe-corrosion 0
640.0053238037799 640 306.99033797915035 640 307.0065345300827 414.9999999999999 639.9914474260731 415.00000000000006 severe-corrosion 0
387 530 405 530 405 544 387 544 mild-corrosion 0
397 419 405 419 405 433 397 433 mild-corrosion 0
436 406 443 406 443 420 436 420 mild-corrosion 0