6 0.924219 0.328906 0.054688 0.085938
7 0.827344 0.433594 0.235937 0.092188
9 0.979688 0.574219 0.040625 0.189062
9 0.846094 0.566406 0.054688 0.173437
9 0.778906 0.521094 0.048438 0.082812
9 0.719531 0.530469 0.045312 0.101562
9 0.653906 0.570312 0.048438 0.181250
9 0.603125 0.597656 0.046875 0.235937
9 0.973437 0.921875 0.037500 0.156250
9 0.910156 0.902344 0.051562 0.195312
9 0.836719 0.885938 0.073438 0.228125
9 0.917188 0.574219 0.053125 0.189062
9 0.761719 0.846094 0.067187 0.307812
9 0.649219 0.881250 0.042188 0.237500
9 0.591406 0.878906 0.023438 0.242188
9 0.698438 0.868750 0.040625 0.262500
7 0.778125 0.640625 0.046875 0.093750
7 0.723437 0.629687 0.040625 0.068750
7 0.660937 0.702344 0.050000 0.048438