9 0.204687 0.175000 0.409375 0.350000
6 0.457813 0.053906 0.096875 0.092188
6 0.675000 0.039062 0.146875 0.078125
9 0.204687 0.483594 0.409375 0.267188
7 0.391406 0.859375 0.026562 0.037500
6 0.035156 0.798438 0.017188 0.040625
6 0.245312 0.723437 0.009375 0.025000
7 0.321094 0.681250 0.032813 0.028125
7 0.292969 0.896875 0.042188 0.128125
7 0.392969 0.859375 0.026562 0.046875
9 0.704688 0.948530 0.590625 0.102941
9 0.521875 0.869531 0.059375 0.051562
9 0.623437 0.715625 0.178125 0.181250
9 0.869531 0.675781 0.260937 0.314063
9 0.625000 0.838281 0.046875 0.029687
7 0.803125 0.921875 0.025000 0.031250
7 0.522656 0.596875 0.029687 0.075000
7 0.506250 0.381250 0.031250 0.053125
7 0.476562 0.498437 0.037500 0.043750
7 0.808594 0.369531 0.026562 0.039062
7 0.726091 0.799938 0.056916 0.019622
6 0.895312 0.358594 0.012500 0.017188
6 0.695312 0.514062 0.025000 0.031250
6 0.742188 0.506250 0.028125 0.034375
6 0.837500 0.484375 0.012500 0.037500
6 0.439063 0.380469 0.031250 0.035937
6 0.411719 0.857031 0.004687 0.035937
6 0.590625 0.560937 0.012500 0.025000
6 0.653906 0.589844 0.023438 0.032813
6 0.692187 0.614062 0.034375 0.040625
6 0.757812 0.850000 0.018750 0.015625