9 0.176007 0.207745 0.196752 0.414646
9 0.754687 0.143750 0.490625 0.037500
6 0.727344 0.062500 0.120313 0.071875
9 0.754687 0.350781 0.490625 0.135937
6 0.879687 0.034375 0.037500 0.025000
6 0.752344 0.225000 0.485938 0.109375
9 0.042188 0.940625 0.084375 0.075000
9 0.075000 0.757812 0.150000 0.081250
9 0.133594 0.434375 0.095312 0.031250
7 0.053906 0.860938 0.107813 0.053125
6 0.471094 0.532813 0.076563 0.034375
7 0.970313 0.715625 0.012500 0.012500
7 0.778906 0.726562 0.020313 0.015625
6 0.804688 0.960156 0.012500 0.032813
6 0.774219 0.779687 0.010937 0.006250
6 0.619531 0.584375 0.017188 0.012500
6 0.668750 0.479687 0.015625 0.012500
6 0.712500 0.488281 0.012500 0.014063
6 0.570312 0.443750 0.009375 0.009375
6 0.837500 0.479687 0.015625 0.012500
6 0.914844 0.832812 0.010937 0.009375
6 0.753125 0.835938 0.012500 0.009375
6 0.612500 0.864062 0.012500 0.009375
6 0.659375 0.748437 0.015625 0.009375
6 0.618750 0.515625 0.009375 0.006250
6 0.592187 0.785156 0.018750 0.014063
6 0.534375 0.771875 0.012500 0.012500
6 0.523438 0.750781 0.012500 0.010937
6 0.992188 0.888281 0.015625 0.020313
6 0.795312 0.517188 0.009375 0.009375
6 0.768750 0.689844 0.015625 0.007812
6 0.686719 0.682813 0.017188 0.015625
6 0.834375 0.595313 0.009375 0.009375
6 0.824219 0.679688 0.014063 0.009375
7 0.765625 0.953125 0.034375 0.025000