696.64244878717 227.55920072260736 542.4408667911484 321.3193213832077 359.3832916600513 20.257893192141626 513.5815462064784 -73.50093715068613 corroded-part 0
0 435.1859999999687 -6.038745137411752 298.7432586537775 308.54979130272113 284.8165184616206 314.5940518037969 421.25371140302667 severe-corrosion 0
335 485 387 485 387 640 335 640 severe-corrosion 0
407 262 441 262 441 287 407 287 moderate-corrosion 0
462 262 514 262 514 346 462 346 severe-corrosion 0
466 353 508 353 508 442 466 442 severe-corrosion 0
594 292 640 292 640 640 594 640 severe-corrosion 0
471 449 523 449 523 566 471 566 severe-corrosion 0
313 262 331 262 331 525 313 525 moderate-corrosion 0
327 262 371 262 371 346 327 346 moderate-corrosion 0
402 326 436 326 436 409 402 409 mild-corrosion 0
406 448 437 448 437 496 406 496 mild-corrosion 0
409 552 443 552 443 598 409 598 mild-corrosion 0
410 625 436 625 436 640 410 640 mild-corrosion 0
475 582 497 582 497 625 475 625 mild-corrosion 0
513 331 595 331 595 640 513 640 moderate-corrosion 0
533 262 588 262 588 279 533 279 moderate-corrosion 0