85 164 130 164 130 228 85 228 severe-corrosion 0
21 132 75 132 75 186 21 186 severe-corrosion 0
110 1 136 1 136 102 110 102 severe-corrosion 0
3 0 98 0 98 30 3 30 severe-corrosion 0
270.09213994861057 170.77497754895293 261.21442383118847 251.07863978061002 163.31459082844958 240.25536250667344 172.19283028593054 159.95231230332982 severe-corrosion 0
126 258 134 258 134 287 126 287 mild-corrosion 0
33 326 42 326 42 350 33 350 mild-corrosion 0
268 83 339 83 339 210 268 210 mild-corrosion 0
285 218 307 218 307 254 285 254 mild-corrosion 0
419 286 524 286 524 384 419 384 mild-corrosion 0
448.16438805195503 383.3545494722988 497.7679999999964 384.0000000000002 496.67238841590006 468.1881118682122 447.06877662240004 467.5426699799871 corroded-part 0