337 20 356 20 356 69 337 69 mild-corrosion 0
264 178 271 178 271 268 264 268 mild-corrosion 0
227 82 237 82 237 163 227 163 mild-corrosion 0
522.0476004530065 258.9230457144488 364.5820380198711 274.05653857799086 348.1098936122726 102.64933081809454 505.57199999995646 87.51600000000263 severe-corrosion 0
521 148 584 148 584 194 521 194 mild-corrosion 0
639.7195233266393 125.78416547115205 643.8608546234173 149.64246816568834 615.5589999999938 154.5550000000096 611.4177088244469 130.69673273513774 mild-corrosion 0
364.0041137163644 640.0000000000001 -0.008346138638444245 640.0000000000001 0.0022708976757712662 467.94100000000014 363.988938266848 467.9410000000002 severe-corrosion 0
0 268 364 268 364 586.618 0 586.618 severe-corrosion 0
208 487 288 487 288 577 208 577 moderate-corrosion 0
113 378 161 378 161 460 113 460 moderate-corrosion 0
0 473 19 473 19 491 0 491 moderate-corrosion 0
68 399 85 399 85 429 68 429 moderate-corrosion 0
82 433 108 433 108 464 82 464 moderate-corrosion 0
164 452 200 452 200 472 164 472 moderate-corrosion 0
364 370 517 370 517 513 364 513 moderate-corrosion 0
598 327 640 327 640 418 598 418 moderate-corrosion 0