10.687000000034459 1.2149999999983596 68.97290008513664 -4.333122151895552 130.0630000000092 637.4129999999993 71.77716561360285 642.9607253971891 moderate-corrosion 0
97.69999999996799 2.926110306946435e-12 155.22309585270705 -5.4675138620663235 215.88999999999942 632.763000000002 158.36696322141506 638.2301010557894 moderate-corrosion 0
184.8530000000028 1.84472171524884e-12 241.6083767965756 -5.314219483997923 301.079000000027 629.7879999999991 244.3236795865232 635.1018221330183 moderate-corrosion 0
269.8800000000483 -3.3713879623513275e-12 327.07057762490876 -5.466010959175513 387.4978363959235 626.7431053819738 330.30731659557205 632.2087114216647 severe-corrosion 0
355.09799999999814 7.63333123551244e-13 411.8092016844457 -5.65594322660216 474.5830000000569 623.7289999999975 417.8718599736749 629.3845279645624 severe-corrosion 0
442.8609999999753 1.2722218725854068e-12 500.38549770397367 -5.455011328126043 559.771999999939 620.7540000000034 502.2475599079189 626.2086148459338 severe-corrosion 0
526.4510000000155 -2.9897214005757055e-12 582.3798004825221 -5.402338873351681 642.4138762795337 616.0733491662758 586.4851197856478 621.4752781877855 severe-corrosion 0
612.2780000000057 1.224513552363454e-12 639.7399916326685 -2.6721415035845393 667.4617046694766 282.224921506245 639.9997212435846 284.89702712354455 severe-corrosion 0
75 606 85 606 85 634 75 634 mild-corrosion 0
301 39 318 39 318 96 301 96 mild-corrosion 0
347 564 359 564 359 593 347 593 mild-corrosion 0