4 0.226562 0.205469 0.043750 0.051562
4 0.798438 0.939063 0.100000 0.121875
4 0.382812 0.875000 0.090625 0.081250
4 0.179688 0.841406 0.087500 0.060937
4 0.070312 0.869531 0.056250 0.070312
4 0.184375 0.275000 0.015625 0.037500
4 0.132031 0.059375 0.076563 0.118750
4 0.281250 0.018750 0.165625 0.037500
4 0.251563 0.098437 0.021875 0.031250
4 0.073438 0.401562 0.068750 0.078125
4 0.010937 0.677344 0.021875 0.026562
4 0.364063 0.299219 0.040625 0.089063
4 0.403906 0.395313 0.045312 0.056250
4 0.389062 0.490625 0.046875 0.100000
4 0.492969 0.356250 0.192188 0.712500
4 0.210156 0.075000 0.029687 0.065625
4 0.682813 0.915625 0.093750 0.093750
4 0.347656 0.370312 0.048438 0.050000
4 0.221875 0.678125 0.031250 0.065625
4 0.901563 0.030469 0.037500 0.060937
4 0.971875 0.021094 0.056250 0.042188
4 0.667188 0.013281 0.034375 0.026562
4 0.353125 0.425000 0.021875 0.050000
4 0.497656 0.842187 0.045312 0.081250