9 0.321094 0.111719 0.057813 0.073438
9 0.246094 0.281250 0.060937 0.075000
9 0.464844 0.089844 0.042188 0.073438
9 0.126562 0.194531 0.075000 0.104688
9 0.046875 0.100000 0.078125 0.106250
9 0.349219 0.028125 0.164062 0.056250
9 0.692187 0.342969 0.284375 0.392188
9 0.928906 0.275000 0.126562 0.121875
9 0.787500 0.056250 0.103125 0.071875
6 0.193750 0.704688 0.065625 0.096875
7 0.779687 0.929688 0.209375 0.140625
6 0.616406 0.970313 0.085938 0.059375
6 0.947656 0.899219 0.035937 0.054688
6 0.971875 0.976562 0.028125 0.037500
6 0.800000 0.578125 0.018750 0.025000
6 0.614844 0.901563 0.026562 0.034375
6 0.869531 0.706250 0.026562 0.034375