79 250 99 250 99 270 79 270 mild-corrosion 0
132 236 156 236 156 282 132 282 mild-corrosion 0
166 247 190 247 190 267 166 267 mild-corrosion 0
230 247 236 247 236 274 230 274 mild-corrosion 0
43 0 72 0 72 30 43 30 moderate-corrosion 0
124 28 164 28 164 85 124 85 moderate-corrosion 0
0 138.76199999997485 -6.000954588380409 80.7207312547585 232.6566713207285 56.04489263386141 238.6580805345875 114.08566451316955 severe-corrosion 0
236 0 640 0 640 345 236 345 severe-corrosion 0
60.96934173896443 344.9983121749444 60.971911501474096 580.612221508965 -0.000010582807590253651 580.61140266764 -0.00010384639608673751 345.0000000030001 severe-corrosion 0
466 431 640 431 640 451 466 451 mild-corrosion 0
397.04716437998286 640.0001378709993 397.05027575953864 483.5271095575393 458.94500000002154 483.5289999999771 458.9439161836344 639.9999930372658 moderate-corrosion 0
415 443 434 443 434 469 415 469 mild-corrosion 0
586.7564199068875 539.8182541537848 623.9390000000276 540.3160000000003 622.5975798904255 640.4977348930672 585.4149999999936 640 mild-corrosion 0