0 0 221.268 0 221.268 224 0 224 severe-corrosion 0
576 60 630 60 630 148 576 148 moderate-corrosion 0
454 0 471 0 471 48 454 48 mild-corrosion 0
391 19 407 19 407 47 391 47 mild-corrosion 0
326 15 336 15 336 33 326 33 mild-corrosion 0
525.8785512408213 164.64915321792245 525.5079912252404 196.5134433415115 293.76091320678825 193.8164488445959 294.1319584580924 161.95265497670243 moderate-corrosion 0
0 397 76 397 76 425 0 425 moderate-corrosion 0
21 477 59 477 59 491 21 491 moderate-corrosion 0
117 306 151 306 151 330 117 330 mild-corrosion 0
503.08979820219974 497.1356470754291 514.1013750399725 407.5096956899537 608.6609889843385 419.1256799536015 597.6510096854327 508.7501821613932 severe-corrosion 0
420.8738488194649 498.2087251019897 385.18262253281137 448.91369849109606 446.25998549301585 404.6985972743692 481.9509999999718 453.9929999999772 severe-corrosion 0
294 371.309 312.522 371.309 312.522 478.493 294 478.493 severe-corrosion 0