9 0.179688 0.219531 0.359375 0.439063
9 0.519531 0.280469 0.057813 0.073438
9 0.443750 0.425781 0.062500 0.026562
9 0.663281 0.258594 0.042188 0.073438
9 0.549219 0.181250 0.164062 0.087500
6 0.000781 0.907813 0.001563 0.009375
6 0.024219 0.964844 0.007812 0.010937
6 0.021875 0.990625 0.003125 0.009375
6 0.021875 0.671875 0.003125 0.009375
6 0.000781 0.636719 0.001563 0.007812
6 0.199219 0.600000 0.007812 0.015625
6 0.185938 0.656250 0.015625 0.031250
6 0.057813 0.978906 0.009375 0.020313
6 0.076563 0.960938 0.009375 0.015625
6 0.126562 0.979688 0.006250 0.012500
6 0.242969 0.979688 0.004687 0.012500
6 0.206250 0.943750 0.006250 0.012500
6 0.192188 0.952344 0.003125 0.007812
6 0.196875 0.978125 0.003125 0.009375
6 0.193750 0.979688 0.003125 0.006250
6 0.214062 0.973437 0.003125 0.006250
6 0.217969 0.975000 0.004687 0.006250
6 0.142969 0.996875 0.004687 0.006250
6 0.153125 0.996094 0.003125 0.004687
6 0.168750 0.989062 0.003125 0.006250
6 0.298438 0.988281 0.003125 0.004687
6 0.301563 0.996875 0.003125 0.003125
6 0.176563 0.901563 0.006250 0.012500
6 0.165625 0.942187 0.003125 0.006250
6 0.159375 0.943750 0.003125 0.006250
6 0.157812 0.937500 0.003125 0.006250
6 0.153125 0.931250 0.003125 0.006250
6 0.145313 0.901563 0.003125 0.006250
6 0.139844 0.978125 0.004687 0.006250
6 0.135937 0.967187 0.003125 0.006250
6 0.196094 0.856250 0.004687 0.009375
6 0.103125 0.572656 0.025000 0.029687
6 0.036719 0.493750 0.007812 0.012500
9 0.618518 0.719531 0.027179 0.562348