9 0.314844 0.275931 0.629687 0.426262
3 0.786719 0.334525 0.314063 0.309075
9 0.314844 0.838087 0.629687 0.323825
9 0.992188 0.697656 0.015625 0.070312
9 0.983594 0.857812 0.032813 0.159375
9 0.863281 0.801562 0.048438 0.084375
9 0.695312 0.590625 0.059375 0.100000
9 0.785937 0.715625 0.037500 0.046875
9 0.654687 0.924219 0.015625 0.054688
9 0.653125 0.806250 0.009375 0.040625
6 0.909375 0.514062 0.056250 0.050000
6 0.960938 0.538281 0.018750 0.029687
6 0.991406 0.553125 0.017188 0.087500
7 0.782031 0.839063 0.023438 0.043750
7 0.812500 0.825000 0.015625 0.034375
7 0.936719 0.728125 0.029687 0.078125
7 0.966406 0.653125 0.035937 0.068750
9 0.725000 0.502344 0.025000 0.026562
9 0.825781 0.492969 0.039062 0.007812
9 0.982031 0.991406 0.032813 0.017188
9 0.919531 0.992969 0.020313 0.014063