146.54984445820446 255.66422884960315 90.417687641675 243.34398333968468 146.30844032668392 -11.290844588265898 202.43938595755026 1.0292673672216708 severe-corrosion 0
46 231 55 231 55 247 46 247 mild-corrosion 0
223 6 236 6 236 32 223 32 mild-corrosion 0
408 128 453 128 453 152 408 152 moderate-corrosion 0
328 141 369 141 369 171 328 171 moderate-corrosion 0
393 174 434 174 434 202 393 202 moderate-corrosion 0
484 206 502 206 502 220 484 220 moderate-corrosion 0
285 240 333 240 333 268 285 268 moderate-corrosion 0
415 257 451 257 451 268 415 268 moderate-corrosion 0
453 114 469 114 469 126 453 126 mild-corrosion 0
93 268 262 268 262 640 93 640 severe-corrosion 0
609.0095424454921 640 275.6251666892058 640 275.64542864318355 330.5540000000002 608.9911835208477 330.5540000000002 corroded-part 0