0 0 294 0 294 345 0 345 severe-corrosion 0
294 0 640 0 640 256 294 256 severe-corrosion 0
121 424 153 424 153 458 121 458 moderate-corrosion 0
278 471 294 471 294 500 278 500 moderate-corrosion 0
182 620 198 620 198 639 182 639 mild-corrosion 0
244 354 252 354 252 372 244 372 mild-corrosion 0
83 366 93 366 93 378 83 378 mild-corrosion 0
60 426 90 426 90 464 60 464 mild-corrosion 0
76 508 88 508 88 524 76 524 moderate-corrosion 0
273 380 286 380 286 396 273 396 mild-corrosion 0
221 460 229 460 229 471 221 471 mild-corrosion 0
75 564 86 564 86 578 75 578 mild-corrosion 0
0 552 11 552 11 564 0 564 mild-corrosion 0
246 500 264 500 264 516 246 516 mild-corrosion 0
282 598 290 598 290 606 282 606 mild-corrosion 0
263 420 275 420 275 436 263 436 mild-corrosion 0
202 438 209 438 209 446 202 446 mild-corrosion 0
640.0020733012207 633.0000000000001 587.3025321130262 633.0000000000001 587.3045579418249 447.27900000000005 640 447.27900000000005 severe-corrosion 0
424.86554591763706 659.1646168652278 356.415137813965 635.3822011052339 396.1285329132079 521.1145659644634 464.57558884438185 544.8963439430543 severe-corrosion 0
639.475337688782 371.50585731681696 649.1510209376429 374.1640975187175 638.3356771425315 413.52622432980604 628.660000000018 410.8680000000087 moderate-corrosion 0
521 360 533 360 533 375 521 375 mild-corrosion 0
586 355 600 355 600 367 586 367 mild-corrosion 0
617 345 630 345 630 359 617 359 mild-corrosion 0
342 463 357 463 357 481 342 481 mild-corrosion 0
454 526 484 526 484 570 454 570 mild-corrosion 0
379 356 387 356 387 371 379 371 mild-corrosion 0
528 607 564 607 564 640 528 640 mild-corrosion 0