535.1216312942415 343.085437638646 409.87321765511297 635.8145139368288 -124.6342608154373 407.11212326854906 0.6210000000282889 114.40699999999592 severe-corrosion 0
227.38575453411613 382.3140456091591 287.7409898512997 444.1914012679902 63.211464385603904 663.1496257904838 2.860000000000582 601.2759999999992 severe-corrosion 0
372.3111430185236 617.8794955175964 376.973704932243 472.93515932398964 619.9887541632052 480.7514312500688 615.3336769662565 625.6880583422493 severe-corrosion 0
639.998039256825 171.21642888744498 685.9785026797908 231.51003148012643 513.6160977748659 362.9463455901181 467.6369999999588 302.6539999999735 severe-corrosion 0
645.0388595868571 138.59411426682976 625.4110000000219 173.05200000001494 584.5091372171737 149.75380193540684 604.1369999999733 115.2960000000226 moderate-corrosion 0
546.6266737308615 261.7648596213619 527.6556170827098 254.47462450837716 553.8151469283912 186.4038080845558 572.7859999999782 193.69400000000067 moderate-corrosion 0
570.5460181005037 136.9890073311558 542.8277152194642 125.76241510300187 556.2637712180003 92.58942458820462 583.98199999996 103.81599999999312 moderate-corrosion 0
369.6013159737049 214.49562486445043 292.8609999999753 124.03499999997564 545.703582073038 -90.45703450445879 622.4431499065395 0.002534275430591003 moderate-corrosion 0
209.27849390660413 120.6574230349963 315.04668794710597 121.89516923705149 312.81328376338934 312.7391975741249 207.04509112954838 311.5014699963358 moderate-corrosion 0
189.37114648942952 101.34903633218246 213.36300000002666 72.11499999998193 273.18465253236354 121.20917964220311 249.19290017562162 150.44312163581685 moderate-corrosion 0
352.4384453422681 626.8784174290015 295.1009999999951 630.3210000000012 288.15237703791354 514.5944974495812 345.4869999999937 511.15200000000095 severe-corrosion 0