7 0.950000 0.260156 0.100000 0.067187
9 0.875000 0.264062 0.018750 0.031250
7 0.796094 0.042969 0.017188 0.032813
9 0.610938 0.089063 0.034375 0.043750
9 0.712500 0.017188 0.015625 0.018750
9 0.614062 0.196094 0.037500 0.042188
9 0.706526 0.122042 0.001409 0.051546
9 0.730222 0.082597 0.044812 0.085726
9 0.821875 0.082812 0.009375 0.040625
9 0.671094 0.059375 0.017188 0.015625
9 0.064844 0.704688 0.045312 0.590625
9 0.020313 0.704688 0.040625 0.590625
9 0.228125 0.754687 0.025000 0.106250
9 0.231250 0.864844 0.025000 0.089063
9 0.270313 0.832031 0.021875 0.110937
6 0.484375 0.762500 0.040625 0.062500
6 0.478125 0.898438 0.025000 0.084375
6 0.359375 0.866406 0.021875 0.098437
6 0.392969 0.939063 0.029687 0.121875
6 0.267188 0.515625 0.021875 0.059375
6 0.459375 0.518750 0.056250 0.056250
6 0.351562 0.528125 0.025000 0.037500
6 0.266406 0.939844 0.039062 0.064062
6 0.357031 0.739062 0.032813 0.037500
6 0.310156 0.417969 0.035937 0.017188
6 0.195312 0.692187 0.043750 0.206250
6 0.436719 0.973437 0.032813 0.053125
6 0.227344 0.975000 0.039062 0.050000
9 0.624084 0.694674 0.229417 0.570598
6 0.551562 0.592969 0.015625 0.035937
9 0.871190 0.699554 0.257620 0.580358