364.00863258415484 332.00000000000017 -0.003027828279300593 332.00000000000017 0.009786190785234794 18.693999999999853 364.00000000001455 18.69399999999992 severe-corrosion 0
58.999675480881706 216.00009330882057 59.00013834776473 27.594878322982858 162.64178288867697 27.595311354463416 162.64218655021978 215.99967152163148 moderate-corrosion 0
120.576386106477 56.660467718996344 98.75282167129626 30.800899093718943 155.1704460119072 -16.81137023016238 176.9939933436399 9.048176010365685 moderate-corrosion 0
364 240.929 640 240.929 640 332 364 332 severe-corrosion 0
364 0 416.696 0 416.696 205 364 205 severe-corrosion 0
471.35199999996985 -0.000055939588835776675 471.35203676451056 73.00001627799469 400.227960463817 72.99998259048506 400.22799999998824 3.098655398415832e-11 moderate-corrosion 0
505 142 551 142 551 184 505 184 mild-corrosion 0
584 117 616 117 616 199 584 199 mild-corrosion 0
462 97 476 97 476 133 462 133 mild-corrosion 0
346.99981769656006 566.4110826040474 350.90841103490675 586.0799973787539 287.86775555534405 598.6036923146743 283.95947423239704 578.9350510699369 severe-corrosion 0
19 587.286 173.785 587.286 173.785 640 19 640 severe-corrosion 0