9 0.650000 0.101562 0.031250 0.043750
9 0.950000 0.010937 0.021875 0.021875
9 0.859375 0.010937 0.021875 0.021875
9 0.863281 0.107813 0.060937 0.043750
9 0.635938 0.045312 0.021875 0.031250
9 0.929688 0.646094 0.075000 0.032813
9 0.860156 0.967187 0.035937 0.065625
7 0.678906 0.703125 0.048438 0.037500
9 0.826562 0.676562 0.059375 0.050000
7 0.881250 0.792969 0.025000 0.042188
7 0.953125 0.809375 0.021875 0.025000
7 0.948438 0.875781 0.021875 0.039062
7 0.580469 0.881250 0.042188 0.053125
6 0.746094 0.831250 0.035937 0.040625
7 0.675000 0.957812 0.025000 0.034375
6 0.614844 0.682813 0.026562 0.034375
6 0.651563 0.776563 0.015625 0.025000