547.4311233768094 318.0840525381481 434.9984586281789 617.6670356763693 -107.8250799846137 413.9373033922466 4.61699999999837 114.37800000001396 severe-corrosion 0
240.95955567638157 371.66661876423973 303.4645994150924 430.7895542513666 86.36156215223309 660.2623334414463 23.85999999998603 601.1430000000105 severe-corrosion 0
395.4367036471376 600.4924204380886 393.3368795984279 455.3555455989092 635.5765055389929 451.8521523040449 637.6831395318732 596.9816103031624 severe-corrosion 0
639.9983235746186 146.7589818900411 688.2282812097401 204.81875986061962 526.8148298638698 338.89670902455686 478.5859999999957 280.8379999999999 severe-corrosion 0
650.1518364511139 108.37316973305943 631.961999999985 143.87599999999085 590.4641518399876 122.61476234676648 608.6540000000241 87.11199999999799 moderate-corrosion 0
556.161540592293 236.4106676228798 536.9834526135674 229.82272544783746 560.8370990658295 160.38509250430224 580.0150000000576 166.97300000000862 moderate-corrosion 0
575.7930154116184 110.37200560348643 547.7548265210498 100.17763596333862 560.0438702759129 66.37864212390627 588.0819999999949 76.57299999999816 moderate-corrosion 0
377.44771891455457 197.2017403696677 297.43099999999686 110.37200000001413 511.4224143440515 -86.82736634961321 591.4384408088517 0.0015634828503401047 moderate-corrosion 0
213.64485907899507 110.11063419753904 319.5704746152478 107.65494028108199 323.9943276035774 298.4718363646195 218.06871121742006 300.92749553913353 moderate-corrosion 0
193.17183887462306 92.59636318918935 216.05499999997846 62.16099999999049 277.5319758378464 108.38284264931573 254.64891157309467 138.8181176107424 moderate-corrosion 0
374.6790457307361 611.09238269225 317.3519999999553 616.5540000000019 306.2937064842845 500.49548505856114 363.61799999998766 495.0339999999989 severe-corrosion 0