274.99975236147293 -0.0014756844206793393 275.0015118429292 385.1030000142508 105.76892116536328 385.1005896039253 105.77153725491371 0.0001755989007923586 severe-corrosion 0
151.9986802758649 415.99661284664296 152.00420053559355 640.0005829711437 47.672763655136805 639.9995900830311 47.671770070664934 416.00006088673865 severe-corrosion 0
275.0045269978 640 166.75620489637367 640 166.76175790773414 416.0000000000001 275 416.0000000000001 severe-corrosion 0
37 521 53 521 53 570 37 570 moderate-corrosion 0
379 481 425 481 425 531 379 531 severe-corrosion 0
487 461 581 461 581 533 487 533 severe-corrosion 0
529 550 577 550 577 588 529 588 severe-corrosion 0
376 601 407 601 407 625 376 625 moderate-corrosion 0
610 509 622 509 622 531 610 531 moderate-corrosion 0
467 580 505 580 505 612 467 612 severe-corrosion 0
284 634 309 634 309 640 284 640 moderate-corrosion 0
314 463 356 463 356 481 314 481 mild-corrosion 0
287 462 301 462 301 474 287 474 moderate-corrosion 0
342 589 359 589 359 611 342 611 mild-corrosion 0