9 0.279687 0.149219 0.559375 0.298438
7 0.885938 0.262500 0.034375 0.050000
7 0.841406 0.209375 0.014063 0.012500
7 0.648438 0.220312 0.021875 0.015625
6 0.644531 0.274219 0.010937 0.007812
6 0.931250 0.157031 0.009375 0.010937
6 0.785156 0.326562 0.010937 0.009375
6 0.623437 0.329688 0.012500 0.009375
6 0.980704 0.290363 0.058827 0.032541
6 0.880469 0.375781 0.051562 0.007812
6 0.665625 0.010937 0.009375 0.009375
6 0.639062 0.183594 0.015625 0.007812
6 0.562500 0.176563 0.006250 0.015625
6 0.704688 0.089063 0.009375 0.009375
6 0.694531 0.173437 0.014063 0.009375
6 0.993750 0.033594 0.012500 0.010937