4 0.124219 0.453125 0.045312 0.084375
4 0.286719 0.275000 0.573438 0.193750
4 0.803125 0.260156 0.393750 0.079687
4 0.832812 0.106250 0.334375 0.212500
4 0.626563 0.165625 0.050000 0.071875
4 0.516406 0.137500 0.051562 0.075000
4 0.567187 0.132812 0.031250 0.068750
4 0.575000 0.062500 0.162500 0.118750
4 0.314063 0.088281 0.096875 0.164062
4 0.204687 0.172656 0.065625 0.107813
4 0.179688 0.046094 0.062500 0.057813
4 0.239844 0.025781 0.035937 0.051562
4 0.070312 0.021094 0.140625 0.042188
4 0.035937 0.139063 0.071875 0.096875
4 0.225000 0.450000 0.046875 0.068750
4 0.124219 0.640625 0.042188 0.068750
4 0.253906 0.618750 0.101562 0.168750
4 0.344531 0.628906 0.051562 0.054688
4 0.335938 0.402344 0.053125 0.064062
4 0.244531 0.857812 0.179688 0.284375
4 0.620313 0.428125 0.256250 0.246875
4 0.453906 0.570312 0.039062 0.056250
4 0.462500 0.635938 0.015625 0.046875
4 0.706250 0.747656 0.093750 0.035937