9 0.691406 0.289844 0.239063 0.079687
6 0.869531 0.244531 0.029687 0.045312
6 0.673438 0.027344 0.181250 0.054688
7 0.437510 0.478570 0.032745 0.297766
9 0.565625 0.417969 0.012500 0.173437
9 0.615625 0.432812 0.056250 0.203125
9 0.679688 0.432812 0.062500 0.203125
9 0.747656 0.421094 0.051562 0.179688
9 0.813281 0.467187 0.045312 0.275000
9 0.948438 0.459375 0.056250 0.259375
9 0.625000 0.907031 0.053125 0.185938
9 0.753125 0.837500 0.043750 0.271875
9 0.820312 0.877344 0.037500 0.192188
9 0.884375 0.851562 0.050000 0.221875
9 0.957031 0.853906 0.073438 0.292187
9 0.577344 0.927344 0.035937 0.145313
9 0.878125 0.467187 0.053125 0.275000
9 0.683594 0.897656 0.048438 0.204687
7 0.682813 0.631250 0.053125 0.168750
7 0.608594 0.610156 0.051562 0.120313
7 0.564063 0.749219 0.009375 0.064062