0 213.665 219.045 213.665 219.045 371 0 371 severe-corrosion 0
126.56199999997625 -0.000004376498040663114 126.56200288962282 21.00000170094691 56.20699678649544 20.999998621624975 56.20699999999488 -5.971491414447753e-12 moderate-corrosion 0
418.40756080629944 370.99998853179636 360.89572058241174 371.4225633755651 358.1680000000051 -1.5902773407317584e-13 415.67689339775825 -0.4225640171202621 severe-corrosion 0
443.1460000000516 -3.498610149609869e-13 500.2025685807894 -0.6968015896415102 504.742000000042 370.9999999999996 447.68543174686783 371.6967837231192 severe-corrosion 0
530.5680000000575 -2.2263882770244617e-13 586.9060233727214 -0.41272471735731003 589.6270000000368 370.99999999999994 533.2889767869347 371.4127141432168 severe-corrosion 0
639.9999999999272 -0.00033510081011841426 640.0003125294461 371.0002900706431 613.8896443366684 370.9999549699489 613.8900000000285 -3.450901829387916e-11 severe-corrosion 0
385 27 397 27 397 83 385 83 mild-corrosion 0
0 371 313 371 313 640 0 640 severe-corrosion 0
313 586 640 586 640 640 313 640 severe-corrosion 0
313 432 640 432 640 526 313 526 severe-corrosion 0
313 523 355 523 355 566 313 566 moderate-corrosion 0
536 545 618 545 618 589 536 589 moderate-corrosion 0