110.01383321090543 221.71907117478844 -0.28241971449460834 216.98788553098052 9.129522920629825 -2.3963434640045476 119.42349055199884 2.3347885996028084 severe-corrosion 0
306 115 426 115 426 153 306 153 moderate-corrosion 0
404 179 479 179 479 217 404 217 moderate-corrosion 0
294 10 313 10 313 40 294 40 moderate-corrosion 0
456.6132512070908 -11.581443743382147 466.01519748241117 1.566516941800039 297.2543153143488 122.24493843323607 287.85242513105914 109.09703213107677 moderate-corrosion 0
545 192 595 192 595 217 545 217 mild-corrosion 0
294.0012592024141 627.99 211.62209059024462 627.99 211.62428488874866 519.097 293.9996750158025 519.097 severe-corrosion 0
596 217 626 217 626 249 596 249 mild-corrosion 0
641.9210911729897 434.0743390824655 639.9957367427123 517.7502874772152 442.4247878976166 513.2000341442542 444.3529999999737 429.52699999997526 moderate-corrosion 0
417.4829999999929 216.99999999999991 518.1723498500651 208.16127977417943 542.1085388286156 480.8186568310529 441.4192507111147 489.65706577176695 mild-corrosion 0
355.50744227432006 432.4800133053199 449.57776396397094 479.06796554697195 399.11525933945086 580.9419966812712 305.0455875726766 534.3550384838861 moderate-corrosion 0
330.3302778140642 316.74694220001965 301.7240365410544 322.69854519037006 285.3559748202679 244.0294252433128 313.9617639264179 238.0778700076536 moderate-corrosion 0
494.77755489562696 533.816081683078 503.3101113446901 578.9085330668184 300.54420278800535 617.2631158104568 292.01392354400014 572.1727024555377 moderate-corrosion 0
522 294 542 294 542 305 522 305 mild-corrosion 0
588 403 612 403 612 414 588 414 mild-corrosion 0
587 273 596 273 596 283 587 283 mild-corrosion 0