9 0.750781 0.038281 0.070312 0.076563
9 0.941406 0.039844 0.117188 0.079687
9 0.974219 0.136719 0.051562 0.057813
9 0.917188 0.475000 0.037500 0.075000
9 0.565625 0.321094 0.012500 0.020313
7 0.735156 0.206250 0.048438 0.037500
9 0.882812 0.179688 0.059375 0.050000
7 0.937500 0.296094 0.025000 0.042188
7 0.996875 0.377344 0.006250 0.039062
7 0.964844 0.596094 0.070312 0.067187
7 0.635938 0.385937 0.043750 0.053125
7 0.586719 0.257812 0.039062 0.037500
6 0.802344 0.334375 0.035937 0.040625
7 0.731250 0.460938 0.025000 0.034375
7 0.695312 0.523438 0.028125 0.034375
7 0.727344 0.604688 0.020313 0.021875
6 0.671094 0.185938 0.026562 0.034375
6 0.707812 0.279687 0.015625 0.025000
9 0.279687 0.814844 0.559375 0.370312