0 0 403 0 403 275 0 275 severe-corrosion 0
0 0 255.45099999999996 0 255.45099999999996 104.862 0 104.862 moderate-corrosion 0
440.3379999999743 55.88000000002484 445.739423883424 11.895641109513654 482.46342485872447 16.405468417732514 477.0620254608366 60.38980480035454 severe-corrosion 0
585.7829335558927 56.21418329459309 574.6447696659743 60.924571508703174 559.143037718095 24.269278517251628 570.2811911363824 19.55889268474173 severe-corrosion 0
452.24099941355234 85.04799998407432 473.1470818653179 85.61573140958627 472.47808244435873 110.25073091644452 451.5719999999419 109.68299999999917 severe-corrosion 0
423.9814869116526 271.22147401728387 412.7649999999994 271.09100000000007 413.3306130753044 222.47352656385578 424.5470000000205 222.60400000000016 severe-corrosion 0
531.3406731301802 107.49459806652992 544.4111252395669 106.67308382799479 549.4044345551083 186.1164903998092 536.3339828151948 186.93800108010942 severe-corrosion 0
585.3530000000319 109.68300000001605 578.2368191111163 82.78018967104629 640 66.44299999999322 647.1162167059811 93.34575300188432 severe-corrosion 0
463.7877257315995 161.3817052920528 452.5930000000517 160.72700000000157 454.44631286300137 129.03829584560782 465.6409999999596 129.69299999999927 severe-corrosion 0
453.6140016096033 258.6750154958904 448.20492135149834 206.60173424139737 461.48086692199286 205.22277873730528 466.88999999998487 257.2959999999859 severe-corrosion 0
0 536 149 536 149 562 0 562 moderate-corrosion 0
15 476 37 476 37 492 15 492 mild-corrosion 0
560.1027450857509 274.44658357881747 590.1252522001596 275.4447028301764 577.9705043898866 640.9980558319161 547.9479999999603 639.9999999999999 severe-corrosion 0
403 302.278 640 302.278 640 629.844 403 629.844 severe-corrosion 0