0 0 384 0 384 236 0 236 severe-corrosion 0
601 2 640 2 640 84 601 84 moderate-corrosion 0
561 0 592 0 592 59 561 59 moderate-corrosion 0
520 0 549 0 549 25 520 25 moderate-corrosion 0
667.6586606862838 194.54623800258562 576.502622704138 331.16670058116455 306.0688029301673 150.72800699402015 397.2241442462837 14.110376133085493 moderate-corrosion 0
384.0002698428725 380.149 359.6919017700566 380.149 359.692208073684 282.058 384.00000000001455 282.058 severe-corrosion 0
162.7687734459323 639.9999186288887 162.77114337666717 585.6123730365342 289.0718005677627 585.6169885073226 289.0709999577666 640.0029564526774 severe-corrosion 0
130.3793559940823 602.723305519545 152.5865305201296 550.9209932432092 213.48678771297273 577.0218783768149 191.2804996361956 628.8234395408206 severe-corrosion 0
0 236 359.481 236 359.481 574.846 0 574.846 severe-corrosion 0
192 236 298 236 298 296 192 296 severe-corrosion 0
353 266 375 266 375 278 353 278 severe-corrosion 0
384 236 601.521 236 601.521 640 384 640 severe-corrosion 0