4 0.106250 0.217188 0.050000 0.115625
4 0.457813 0.072656 0.043750 0.045312
4 0.400781 0.289844 0.060937 0.157812
4 0.367188 0.414062 0.040625 0.056250
4 0.193750 0.365625 0.025000 0.031250
4 0.192188 0.439063 0.056250 0.087500
4 0.151562 0.512500 0.115625 0.228125
4 0.219531 0.625000 0.073438 0.103125
4 0.193750 0.751563 0.043750 0.078125
4 0.164062 0.821875 0.081250 0.137500
4 0.062500 0.626563 0.034375 0.071875
4 0.101562 0.856250 0.028125 0.078125
4 0.065625 0.453125 0.028125 0.065625
4 0.024219 0.437500 0.048438 0.103125
4 0.226562 0.278125 0.046875 0.040625
4 0.275000 0.067969 0.009375 0.039062
4 0.434375 0.148438 0.053125 0.090625
4 0.459375 0.324219 0.028125 0.048438
4 0.248438 0.446094 0.021875 0.048438
4 0.318750 0.384375 0.018750 0.037500
4 0.721094 0.371875 0.232813 0.331250
4 0.918750 0.451562 0.118750 0.184375
4 0.981250 0.295312 0.037500 0.121875
4 0.973437 0.050000 0.028125 0.065625
4 0.944531 0.651563 0.110937 0.212500
4 0.523438 0.735938 0.581250 0.368750
4 0.296094 0.389844 0.051562 0.095312
4 0.385937 0.644531 0.303125 0.560937
4 0.514062 0.303125 0.046875 0.059375
4 0.107813 0.709375 0.078125 0.093750
4 0.559375 0.360938 0.068750 0.106250
4 0.875000 0.653125 0.025000 0.093750
4 0.482812 0.180469 0.040625 0.117188