592 0 640 0 640 255 592 255 corrosion 0
553 410 640 410 640 584 553 584 corrosion 0
387 332 541 332 541 586 387 586 corrosion 0
366 610 383 610 383 640 366 640 corrosion 0
237 489 311 489 311 567 237 567 corrosion 0
505 31 541 31 541 75 505 75 corrosion 0
558 167 580 167 580 228 558 228 corrosion 0
341 0 507 0 507 299 341 299 corrosion 0
216 0 272 0 272 56 216 56 corrosion 0
0 0 248 0 248 639 0 639 severe-corrosion 0
251 112 305 112 305 448 251 448 corrosion 0
307 202 417 202 417 320 307 320 corrosion 0
558 256 575 256 575 284 558 284 corrosion 0
590 281 616 281 616 319 590 319 corrosion 0