4 0.165625 0.257812 0.050000 0.081250
4 0.262500 0.170313 0.034375 0.046875
4 0.251563 0.224219 0.031250 0.054688
4 0.010937 0.141406 0.021875 0.042188
4 0.096875 0.446875 0.084375 0.221875
4 0.026562 0.293750 0.034375 0.050000
4 0.086719 0.254688 0.070312 0.150000
4 0.323437 0.697656 0.028125 0.060937
4 0.253125 0.709375 0.034375 0.056250
4 0.193750 0.517188 0.096875 0.100000
4 0.059375 0.726562 0.043750 0.071875
4 0.076563 0.838281 0.046875 0.092188
4 0.156250 0.818750 0.090625 0.106250
4 0.198437 0.717187 0.031250 0.056250
4 0.199219 0.887500 0.039062 0.081250
4 0.082812 0.914062 0.053125 0.053125
4 0.025781 0.967187 0.051562 0.065625
4 0.003125 0.904687 0.006250 0.053125
4 0.595313 0.451562 0.756250 0.390625
4 0.559375 0.707812 0.390625 0.106250
4 0.284375 0.885156 0.087500 0.229687
4 0.368750 0.864062 0.068750 0.203125
4 0.440625 0.846875 0.062500 0.175000
4 0.512500 0.826562 0.075000 0.125000
4 0.593750 0.815625 0.071875 0.090625
4 0.668750 0.792188 0.068750 0.053125
4 0.845313 0.689063 0.162500 0.075000
4 0.884375 0.932031 0.012500 0.135937
4 0.792188 0.770312 0.015625 0.053125
4 0.542188 0.225781 0.365625 0.067187
4 0.560156 0.153906 0.064062 0.089063
4 0.385156 0.177344 0.060937 0.073438
4 0.656250 0.162500 0.103125 0.081250
4 0.837500 0.182812 0.190625 0.153125
4 0.808594 0.873437 0.073438 0.106250
4 0.742969 0.961719 0.023438 0.076563
4 0.324219 0.156250 0.035937 0.056250
4 0.334375 0.111719 0.040625 0.032813
4 0.165625 0.103125 0.034375 0.015625
4 0.495312 0.148438 0.056250 0.093750
4 0.015625 0.575000 0.031250 0.084375
4 0.117188 0.979688 0.046875 0.040625
4 0.103125 0.623437 0.106250 0.118750