-4.472208480729023 128.40663631868767 54.905318122619065 51.66387331808168 351.1962456632318 280.90485318904933 291.8211349696503 357.64543359916985 severe-corrosion 0
325.81397797162936 348.2302141003643 356.49502972184564 314.90726161797835 407.6805038070597 362.0306023670148 376.99977193638915 395.35324770098185 moderate-corrosion 0
48.73563597982866 331.13677862146506 59.293148244178155 317.7125289129482 83.38650472229347 336.6592242749872 72.8290478225972 350.08342295314554 moderate-corrosion 0
23.73053223338502 273.89550747015227 33.91400000000431 269.55500000001086 38.91545986007259 281.2885001956935 28.731995429407107 285.6290019481283 mild-corrosion 0
90.68600574988523 379.1100039643723 79.64589982024336 371.4981745805633 90.10499999996682 356.3300000000018 101.14506597768923 363.94181012785026 mild-corrosion 0
564 32 582 32 582 72 564 72 mild-corrosion 0
555 90 589 90 589 259 555 259 mild-corrosion 0
471.9330000001355 230.03300000003355 482.37662013860245 203.29227867588105 554.2247524311824 231.35152113213647 543.7813422870386 258.09206399288087 moderate-corrosion 0
444.8018236018106 256.6508314759319 378.3628773660894 270.24544369893596 356.75922185444506 164.66648358681135 423.1970000000001 151.07199999999924 severe-corrosion 0
532 416 640 416 640 592 532 592 moderate-corrosion 0
463 548 485 548 485 574 463 574 mild-corrosion 0