0 0.089844 0.771094 0.117188 0.457813
0 0.148438 0.642188 0.075000 0.662500
0 0.236719 0.714844 0.142187 0.385937
0 0.498437 0.575000 0.056250 0.165625
0 0.506250 0.791406 0.062500 0.204687
0 0.407813 0.171875 0.065625 0.112500
0 0.418750 0.378125 0.109375 0.312500
0 0.484375 0.360156 0.075000 0.151562
0 0.485156 0.231250 0.073438 0.121875
0 0.699219 0.431250 0.067187 0.128125
0 0.401562 0.941406 0.034375 0.064062
0 0.534375 0.946094 0.071875 0.107813
0 0.723437 0.946875 0.071875 0.106250
0 0.856250 0.869531 0.043750 0.101562
0 0.986719 0.327344 0.026562 0.479687