9 0.098437 0.781250 0.087500 0.437500
9 0.161719 0.646875 0.032813 0.615625
9 0.240625 0.707031 0.112500 0.351562
7 0.493750 0.553125 0.043750 0.150000
7 0.489063 0.755469 0.046875 0.189062
7 0.431250 0.182031 0.056250 0.101562
7 0.430469 0.373437 0.085938 0.284375
7 0.492188 0.353125 0.062500 0.137500
7 0.500000 0.230469 0.062500 0.107813
6 0.689844 0.401562 0.054688 0.115625
6 0.384375 0.906250 0.028125 0.056250
6 0.504687 0.917969 0.059375 0.132812
6 0.683594 0.917969 0.057813 0.160938
6 0.813281 0.801562 0.035937 0.090625
6 0.983594 0.250781 0.032813 0.498437
6 0.985938 0.756250 0.028125 0.459375