278 0 326 0 326 364 278 364 severe-corrosion 0
188 0 223 0 223 199 188 199 moderate-corrosion 0
462.3233672170318 213.43974365854396 397.3022010605928 180.03071131012857 455.32696347778256 67.10498975347143 520.3473594100797 100.51377563054777 severe-corrosion 0
639.9977383922669 259.59615224943155 667.7550523759419 306.82034801661865 490.1148741320503 411.2229518027612 462.35899999999674 363.9999999999775 severe-corrosion 0
549 215 576 215 576 247 549 247 moderate-corrosion 0
394 284 423 284 423 320 394 320 mild-corrosion 0
519 298 542 298 542 322 519 322 mild-corrosion 0
626 245 640 245 640 261 626 261 moderate-corrosion 0
393 9 408 9 408 27 393 27 mild-corrosion 0
505 72 535 72 535 116 505 116 mild-corrosion 0
512 245 528 245 528 262 512 262 mild-corrosion 0
580 153 616 153 616 191 580 191 mild-corrosion 0
628 211 640 211 640 248 628 248 mild-corrosion 0
46.283236707604374 364.0317434598593 163.5556744717178 383.21122192810805 121.28667339478852 641.6196474892481 4.014487200183794 622.4411079064846 corroded-part 0
365.18609014536196 521.5294067994452 414.047812866047 440.99676452824986 526.7163251817692 509.3434768340819 477.856917057361 589.8740966633042 severe-corrosion 0