210 0 274 0 274 307 210 307 severe-corrosion 0
120 0 155 0 155 219 120 219 moderate-corrosion 0
307 222 318 222 318 255 307 255 moderate-corrosion 0
443 269 461 269 461 298 443 298 moderate-corrosion 0
451 48 468 48 468 82 451 82 moderate-corrosion 0
605 128 640 128 640 193 605 193 moderate-corrosion 0
569 129 590 129 590 172 569 172 moderate-corrosion 0
409 152 417 152 417 170 409 170 mild-corrosion 0
438 178 451 178 451 194 438 194 mild-corrosion 0
535 142 556 142 556 171 535 171 mild-corrosion 0
537 29 553 29 553 53 537 53 mild-corrosion 0
564 43 582 43 582 65 564 65 mild-corrosion 0
603 97 611 97 611 111 603 111 mild-corrosion 0
465 135 480 135 480 151 465 151 mild-corrosion 0
518 170 533 170 533 188 518 188 mild-corrosion 0
540 269 553 269 553 296 540 296 mild-corrosion 0
386 258 394 258 394 269 386 269 mild-corrosion 0
471 268 483 268 483 279 471 279 mild-corrosion 0
411 297 429 297 429 307 411 307 mild-corrosion 0
428 218 440 218 440 234 428 234 mild-corrosion 0
367 236 374 236 374 244 367 244 mild-corrosion 0
362 21 370 21 370 29 362 29 mild-corrosion 0
0 307 307 307 307 640 0 640 severe-corrosion 0
459.9180000000342 322.2859999999996 478.5540884018701 317.8305105342621 483.52599999998347 338.6250000000052 464.8899157033884 343.0804777451602 mild-corrosion 0