0 0.571094 0.560937 0.045312 0.243750
0 0.221094 0.650781 0.054688 0.464062
0 0.163281 0.382812 0.076563 0.740625
0 0.479687 0.296094 0.059375 0.464062
0 0.438281 0.187500 0.042188 0.240625
0 0.289062 0.094531 0.031250 0.164062
0 0.255469 0.118750 0.032813 0.212500
0 0.323437 0.078125 0.028125 0.125000
0 0.107031 0.554688 0.048438 0.328125
0 0.272656 0.907031 0.039062 0.182812
0 0.478906 0.723437 0.035937 0.143750
0 0.623437 0.191406 0.112500 0.332813
0 0.744531 0.513281 0.164062 0.973437
0 0.878906 0.760938 0.164062 0.478125
0 0.915625 0.243750 0.168750 0.421875
0 0.505469 0.605469 0.020313 0.057813
0 0.307031 0.863281 0.023438 0.082812
0 0.313281 0.964844 0.017188 0.054688
0 0.192969 0.854688 0.029687 0.043750
0 0.185156 0.141406 0.048438 0.264062
0 0.128125 0.367188 0.078125 0.721875
0 0.053906 0.156250 0.107813 0.306250
0 0.067969 0.549219 0.032813 0.242188
8 0.382031 0.159375 0.092188 0.293750