0 0.464062 0.539062 0.031250 0.240625
0 0.816406 0.639844 0.026562 0.460938
0 0.857812 0.373437 0.031250 0.734375
0 0.539062 0.278906 0.031250 0.460938
0 0.572656 0.170313 0.026562 0.237500
0 0.715625 0.084375 0.021875 0.162500
0 0.750781 0.108594 0.020313 0.210938
0 0.679688 0.064844 0.021875 0.123438
0 0.925781 0.548438 0.029687 0.325000
0 0.780469 0.901563 0.026562 0.196875
0 0.564844 0.703125 0.026562 0.140625
0 0.388281 0.167187 0.092188 0.328125
0 0.289062 0.501563 0.103125 0.996875
0 0.168750 0.745313 0.131250 0.509375
0 0.088281 0.209375 0.170313 0.412500
0 0.014063 0.566406 0.021875 0.210938
0 0.011719 0.817969 0.014063 0.142187
0 0.531250 0.582812 0.015625 0.056250
0 0.743750 0.848437 0.018750 0.081250
0 0.744531 0.948438 0.014063 0.053125
0 0.857031 0.844531 0.026562 0.042188
0 0.821875 0.134375 0.031250 0.262500
0 0.892188 0.361719 0.034375 0.717187
0 0.953906 0.153906 0.092188 0.301563
0 0.964063 0.545312 0.018750 0.240625
8 0.628125 0.144531 0.075000 0.289062