0 0.441406 0.454688 0.042188 0.271875
0 0.832812 0.529687 0.043750 0.515625
0 0.882031 0.318750 0.054688 0.637500
0 0.532031 0.207031 0.048438 0.414062
0 0.573438 0.082031 0.034375 0.164062
0 0.735156 0.005469 0.026562 0.010937
0 0.773438 0.030469 0.025000 0.060937
0 0.957031 0.414062 0.042188 0.365625
0 0.785156 0.821094 0.035937 0.210938
0 0.549219 0.624219 0.032813 0.160938
0 0.367188 0.117188 0.109375 0.234375
0 0.247656 0.490625 0.142187 0.981250
0 0.107813 0.708594 0.162500 0.570312
0 0.065625 0.179688 0.131250 0.359375
0 0.516406 0.496875 0.020313 0.065625
0 0.744531 0.767969 0.023438 0.092188
0 0.741406 0.879687 0.017188 0.062500
0 0.871094 0.750000 0.029687 0.050000
0 0.850781 0.055469 0.039062 0.110937
0 0.924219 0.305469 0.057813 0.610938
0 0.973437 0.071875 0.053125 0.143750
8 0.632031 0.080469 0.089063 0.160938