8 0 96 0 96 345 8 345 severe-corrosion 0
613 89 631 89 631 109 613 109 mild-corrosion 0
563 147 575 147 575 162 563 162 mild-corrosion 0
628 142 640 142 640 153 628 153 mild-corrosion 0
399 47 407 47 407 69 399 69 mild-corrosion 0
384 250 399 250 399 268 384 268 mild-corrosion 0
496 313 526 313 526 345 496 345 mild-corrosion 0
367 0 381 0 381 13 367 13 mild-corrosion 0
421 143 429 143 429 158 421 158 mild-corrosion 0
326.0058810416376 600.5630000000001 155.9749049932725 600.5630000000001 155.9800881549745 434.76599999999996 325.99999999998545 434.76599999999996 severe-corrosion 0
326 411.025 640 411.025 640 640 326 640 severe-corrosion 0
469 345 589 345 589 428 469 428 severe-corrosion 0