0 179 180 179 180 219 0 219 severe-corrosion 0
0 116 178 116 178 159 0 159 severe-corrosion 0
192.99999231516267 -0.00002154049848692976 193.00011840641673 99.61500319815507 -0.00019704973965417594 99.61476161266454 0.000015601981431245804 0.0001584805693125428 severe-corrosion 0
384 2.524 626.048 2.524 626.048 162.054 384 162.054 severe-corrosion 0
379.8189807291783 382.06446339121203 409.68567581316165 481.20235869462414 8.614979518824839 601.9922553534004 -21.242705201439094 502.86212817213664 severe-corrosion 0
209 294 219 294 219 323 209 323 severe-corrosion 0
338 365 348 365 348 394 338 394 mild-corrosion 0
301 407 311 407 311 417 301 417 moderate-corrosion 0
241 387 247 387 247 396 241 396 severe-corrosion 0
377 346 384 346 384 358 377 358 severe-corrosion 0
639.9999999989086 293.99989494196694 640.0013455164299 409.39900000774287 484.7925504416344 409.39789766087387 484.79352068730805 294.0010579746338 severe-corrosion 0