220 557 511 557 511 640 220 640 rust 0
605 64 638 64 638 340 605 340 rust 0
561 59 601 59 601 332 561 332 rust 0
543 59 563 59 563 368 543 368 rust 0
272 378 304 378 304 530 272 530 rust 0
315 188 345 188 345 523 315 523 rust 0
101 198 130 198 130 524 101 524 rust 0
3 4 30 4 30 192 3 192 rust 0
205 22 220 22 220 69 205 69 rust 0
397 92 429 92 429 189 397 189 rust 0
608 503 633 503 633 590 608 590 rust 0
538 390 564 390 564 591 538 591 rust 0
151 49 178 49 178 453 151 453 rust 0
53 5 73 5 73 39 53 39 rust 0
0 76 1 76 1 166 0 166 rust 0