8 0.447656 0.877344 0.451562 0.204687
8 0.008594 0.226562 0.017188 0.453125
8 0.044531 0.221875 0.054688 0.428125
8 0.105469 0.211719 0.067187 0.423438
8 0.149219 0.241406 0.035937 0.476562
8 0.564063 0.612500 0.053125 0.234375
8 0.496094 0.463281 0.051562 0.517188
8 0.828906 0.475000 0.051562 0.503125
8 0.977344 0.107031 0.045312 0.214062
8 0.672656 0.010156 0.023438 0.020313
8 0.364063 0.129688 0.050000 0.150000
8 0.052344 0.755469 0.042188 0.132812
8 0.156250 0.666406 0.043750 0.310937
8 0.752344 0.307031 0.048438 0.614062