9 0.428125 0.910156 0.437500 0.179688
6 0.014063 0.223438 0.015625 0.440625
6 0.053906 0.219531 0.042188 0.414062
6 0.114062 0.211719 0.053125 0.414062
6 0.156250 0.246875 0.021875 0.462500
7 0.547656 0.650000 0.045312 0.225000
7 0.486719 0.496875 0.035937 0.503125
6 0.810937 0.540625 0.037500 0.487500
6 0.967969 0.157812 0.035937 0.281250
6 0.673438 0.042969 0.021875 0.079687
6 0.367969 0.160156 0.045312 0.142187
6 0.045312 0.741406 0.037500 0.126562
6 0.150000 0.664844 0.034375 0.301563
6 0.741406 0.364844 0.029687 0.607812
6 0.901563 0.033594 0.028125 0.060937
6 0.996094 0.196094 0.007812 0.135937
9 0.578734 0.391454 0.135653 0.251099