0 93 67 93 67 142 0 142 severe-corrosion 0
12 167 66 167 66 205 12 205 severe-corrosion 0
163 117 200 117 200 202 163 202 severe-corrosion 0
260 3 317 3 317 191 260 191 moderate-corrosion 0
357 3 390 3 390 185 357 185 moderate-corrosion 0
124 21 216 21 216 99 124 99 moderate-corrosion 0
56 25 102 25 102 88 56 88 severe-corrosion 0
390 0 558 0 558 79 390 79 severe-corrosion 0
28 394 81 394 81 434 28 434 mild-corrosion 0
190 249 220 249 220 254 190 254 mild-corrosion 0
22 577 57 577 57 617 22 617 mild-corrosion 0
0 316.807999999998 -12.646714578004321 305.3341147578977 36.35858295907383 251.32291079756297 49.00519476461341 262.7967130119886 mild-corrosion 0
639.0012442832813 640 563.5481767570309 640 563.552187294772 426.04600000000005 638.9989718788274 426.04600000000005 severe-corrosion 0
436.5740252435353 274.7755412547758 456.04599362319277 244.20312895674357 490.4648602844827 266.1238279113806 470.99303602306463 296.6961131431277 moderate-corrosion 0