380 383 422 383 422 432 380 432 severe-corrosion 0
382 319 422 319 422 358 382 358 severe-corrosion 0
248 323 285 323 285 408 248 408 severe-corrosion 0
131 334 188 334 188 486 131 486 moderate-corrosion 0
15 340 90 340 90 486 15 486 moderate-corrosion 0
232 426 323 426 323 486 232 486 moderate-corrosion 0
346 436 391 436 391 486 346 486 severe-corrosion 0
422 0 640 0 640 219.431 422 219.431 severe-corrosion 0
422 322.024 640 322.024 640 486 422 486 severe-corrosion 0
640.3844994691462 282.1777261139399 639.4762865026132 295.22879409177153 421.09151187803946 280.0297712374601 421.9999999999709 266.979000000005 severe-corrosion 0
422 292.096 640 292.096 640 304.682 422 304.682 severe-corrosion 0
43 538 178 538 178 640 43 640 severe-corrosion 0
300 486 312 486 312 498 300 498 mild-corrosion 0
640.004568062941 640 476.60187611632864 640 476.6080000000511 485.99999999999994 640 485.99999999999994 severe-corrosion 0