0 201 197 201 197 358 0 358 severe-corrosion 0
210 44 324 44 324 90 210 90 moderate-corrosion 0
404.4785471549403 332.1584392267631 374.3098890547117 350.81311721284544 337.5441497514839 291.3589432658134 367.7124306514452 272.7044182665527 severe-corrosion 0
364 102.232 385.605 102.232 385.605 175.325 364 175.325 severe-corrosion 0
498.2383166623913 172.74332432018025 501.75441810795746 205.3439636008954 438.5769817866094 212.15745827091436 435.06104183150455 179.5569655816607 moderate-corrosion 0
516.6640526502306 289.99998574730773 496.5398935710982 295.44769334026273 489.7550772040995 270.3853944758617 509.87913440221746 264.9377013156396 mild-corrosion 0
414.27615692802647 90.02326350572217 445.6273881295783 74.37758956258584 485.2076109414338 153.68882904812506 453.8564235006197 169.3344397958433 moderate-corrosion 0
549.8949815175001 304.1539928640823 567.366337344647 310.8995178130522 558.5322076558077 333.7787658857927 541.0608622059226 327.03326055238983 mild-corrosion 0
582.7339562841371 170.96199452070223 648.5213322450727 179.20770579188354 640 247.19199999999694 574.2126316410577 238.94633262345315 severe-corrosion 0
602.4416459733766 357.99999272769634 602.44200000001 305.37799999998526 640.0001099004294 305.3782876277523 639.9999999999272 358.000036238144 mild-corrosion 0
-0.3808007902262034 387.4620515653317 54.051887610476115 333.0527138330519 134.12174136079557 413.1484792987304 79.69000282646448 467.5568796985491 severe-corrosion 0
313.65182351262774 611.4462135887593 327.02088582285796 597.9990644012674 366.62382563699794 637.3608419335162 353.2549384194863 650.8078168585516 moderate-corrosion 0
124.9389298731694 415.9135845620037 138.26228167461522 402.54607669809644 226.29177102637186 490.271654117629 212.9687006083259 503.63888115097785 moderate-corrosion 0
305.00368159373465 611.9187172512113 294.6607730347023 609.6766141175142 298.7692724984663 590.7293077800393 309.1120946734736 592.9714012317573 moderate-corrosion 0
364 358 537.348 358 537.348 640 364 640 severe-corrosion 0