9 0.520312 0.504687 0.106250 0.990625
9 0.120313 0.903906 0.087500 0.192188
9 0.779687 0.850781 0.087500 0.298438
9 0.913281 0.850781 0.076563 0.298438
9 0.995313 0.862500 0.009375 0.275000
9 0.386719 0.275000 0.076563 0.471875
9 0.401562 0.732812 0.125000 0.412500
9 0.251563 0.699219 0.081250 0.235937
9 0.635938 0.785937 0.100000 0.428125
7 0.909375 0.157812 0.081250 0.150000
7 0.917188 0.529687 0.062500 0.215625
7 0.775000 0.195312 0.075000 0.137500
7 0.248438 0.275000 0.075000 0.159375
7 0.109375 0.150781 0.056250 0.067187
7 0.250000 0.881250 0.059375 0.084375
7 0.250781 0.982812 0.048438 0.034375