9 0.167969 0.729688 0.110937 0.518750
9 0.303125 0.825000 0.096875 0.346875
9 0.423438 0.805469 0.090625 0.379688
9 0.556250 0.723437 0.096875 0.537500
9 0.657813 0.661719 0.100000 0.629687
9 0.825000 0.678906 0.096875 0.639062
9 0.948438 0.726562 0.090625 0.543750
9 0.045312 0.083594 0.090625 0.167187
9 0.185938 0.115625 0.150000 0.231250
9 0.837500 0.057813 0.087500 0.115625
9 0.040625 0.716406 0.081250 0.557813
9 0.337500 0.194531 0.134375 0.389062
9 0.562500 0.125000 0.087500 0.250000
9 0.693750 0.129688 0.081250 0.259375
7 0.966406 0.055469 0.067187 0.110937
9 0.462500 0.149219 0.087500 0.298438
7 0.307812 0.496875 0.093750 0.187500
7 0.416406 0.517969 0.079687 0.139063
7 0.539062 0.375000 0.100000 0.096875