9 0.043750 0.897656 0.050000 0.192188
9 0.116406 0.901563 0.057813 0.184375
9 0.181250 0.907031 0.053125 0.173437
9 0.251563 0.892969 0.056250 0.204687
9 0.315625 0.892969 0.062500 0.204687
9 0.382812 0.904687 0.050000 0.181250
9 0.449219 0.858594 0.045312 0.276562
9 0.584375 0.865625 0.056250 0.259375
9 0.652344 0.913281 0.048438 0.173437
9 0.711719 0.903125 0.045312 0.190625
9 0.777344 0.860938 0.048438 0.268750
9 0.829688 0.831250 0.050000 0.315625
9 0.913281 0.839063 0.048438 0.318750
9 0.975781 0.864062 0.045312 0.271875
9 0.260937 0.258594 0.053125 0.504687
9 0.060937 0.486719 0.043750 0.160938
9 0.043750 0.678906 0.056250 0.035937
9 0.116406 0.684375 0.057813 0.053125
9 0.389062 0.489063 0.043750 0.271875
9 0.456250 0.449219 0.037500 0.192188
9 0.520312 0.473438 0.050000 0.221875
9 0.593750 0.393750 0.075000 0.446875
9 0.193750 0.136719 0.037500 0.235937
9 0.201563 0.365625 0.062500 0.206250
9 0.126562 0.350000 0.040625 0.118750
9 0.918750 0.412500 0.043750 0.287500
9 0.514062 0.859375 0.053125 0.278125
9 0.669531 0.527344 0.067187 0.339062
9 0.781250 0.318750 0.043750 0.612500
9 0.848437 0.442188 0.040625 0.378125
9 0.320312 0.408594 0.050000 0.242188
7 0.318750 0.692187 0.053125 0.168750
7 0.244531 0.714844 0.051562 0.120313
7 0.178125 0.739062 0.037500 0.140625
9 0.045312 0.745313 0.031250 0.040625
7 0.191406 0.575781 0.026562 0.064062
9 0.690625 0.168750 0.106250 0.334375
7 0.984375 0.442969 0.031250 0.226562
7 0.454688 0.078125 0.040625 0.075000
7 0.459375 0.264844 0.031250 0.107813
7 0.387500 0.098437 0.037500 0.068750
9 0.731250 0.503125 0.040625 0.296875
7 0.914844 0.171875 0.035937 0.175000
7 0.983594 0.129688 0.023438 0.046875
7 0.834375 0.162500 0.059375 0.171875
7 0.125000 0.137500 0.037500 0.081250
7 0.054688 0.075000 0.028125 0.034375
7 0.125781 0.440625 0.029687 0.040625
7 0.127344 0.504687 0.023438 0.040625
7 0.654687 0.748437 0.046875 0.093750
7 0.709375 0.757812 0.040625 0.068750
7 0.768750 0.688281 0.050000 0.048438