0 464 58 464 58 640 0 640 severe-corrosion 0
71 215 167 215 167 639 71 639 severe-corrosion 0
507 344 563 344 563 640 507 640 severe-corrosion 0
173 455 259 455 259 639 173 639 severe-corrosion 0
332 15 388 15 388 639 332 639 severe-corrosion 0
418 323 470 323 470 640 418 640 severe-corrosion 0
176 2 312 2 312 430 176 430 severe-corrosion 0
597 421 640 421 640 640 597 640 moderate-corrosion 0
268 452 324 452 324 640 268 640 severe-corrosion 0
508 109 554 109 554 334 508 334 moderate-corrosion 0
604 136 634 136 634 197 604 197 moderate-corrosion 0
391 98 468 98 468 318 391 318 moderate-corrosion 0