9 0.089063 0.795312 0.100000 0.384375
9 0.232813 0.803906 0.115625 0.370312
9 0.364063 0.812500 0.106250 0.346875
9 0.502344 0.784375 0.110937 0.409375
9 0.629687 0.784375 0.125000 0.409375
9 0.767188 0.808594 0.100000 0.360938
9 0.898438 0.717187 0.090625 0.553125
9 0.518750 0.009375 0.106250 0.018750
9 0.120313 0.064844 0.087500 0.129688
9 0.086719 0.356250 0.110937 0.071875
9 0.232813 0.368750 0.115625 0.106250
9 0.779687 0.122656 0.087500 0.245312
9 0.913281 0.042969 0.076563 0.085938
9 0.995313 0.084375 0.009375 0.168750
9 0.987500 0.716406 0.025000 0.557813
9 0.635938 0.028906 0.100000 0.057813
7 0.635938 0.386719 0.106250 0.339062
7 0.490625 0.429688 0.103125 0.240625
7 0.356250 0.478125 0.075000 0.281250
9 0.089063 0.490625 0.062500 0.081250
7 0.382812 0.150000 0.053125 0.128125
7 0.250781 0.024219 0.048438 0.048438