9 0.425000 0.083594 0.209375 0.089063
9 0.167187 0.170313 0.331250 0.250000
9 0.264844 0.292187 0.529687 0.178125
9 0.183594 0.017188 0.367188 0.034375
7 0.539062 0.370312 0.018750 0.037500
7 0.757812 0.213281 0.025000 0.029687
6 0.758594 0.002344 0.023438 0.004687
6 0.857812 0.216406 0.043750 0.039062
6 0.853125 0.115625 0.040625 0.043750
6 0.956250 0.276562 0.034375 0.056250
6 0.684375 0.198437 0.012500 0.021875
6 0.737500 0.084375 0.009375 0.012500
9 0.050781 0.767188 0.101562 0.465625
7 0.301563 0.748437 0.096875 0.193750
6 0.067969 0.410156 0.076563 0.042188
7 0.500000 0.815625 0.050000 0.368750
6 0.421875 0.829688 0.081250 0.340625
6 0.525781 0.481250 0.007812 0.068750
9 0.764844 0.805006 0.470313 0.389987
7 0.684375 0.659375 0.018750 0.021875