585 497 626 497 626 538 585 538 severe-corrosion 0
0 469 558 469 558 605 0 605 severe-corrosion 0
545 335 631 335 631 400 545 400 severe-corrosion 0
223 259 630 259 630 328 223 328 severe-corrosion 0
17 256 233 256 233 422 17 422 severe-corrosion 0
0 358 385 358 385 483 0 483 severe-corrosion 0
367 122 617 122 617 172 367 172 severe-corrosion 0
0 69 320 69 320 179 0 179 severe-corrosion 0
0 174 256 174 256 257 0 257 severe-corrosion 0
257.71426658684504 200.6595439384647 256.8795900778787 149.64041793644503 631.5331976626476 143.50754600298583 632.3690715614794 194.52540095116353 severe-corrosion 0
556.736903841811 573.6454613474015 561.0784801282716 496.9852254210549 624.7037169789837 500.58790345654427 620.3631646367285 577.2471677455234 severe-corrosion 0