33 188 294 188 294 245 33 245 severe-corrosion 0
174 47 294 47 294 90 174 90 severe-corrosion 0
0 5 125 5 125 106 0 106 severe-corrosion 0
0 109 63 109 63 185 0 185 severe-corrosion 0
630.2677575836424 3.197705309268639 649.3195745706907 14.399656824441534 627.6808139155037 51.201947070825156 608.6290000000008 40.00000000000338 mild-corrosion 0
143 363 167 363 167 410 143 410 mild-corrosion 0
0 293 6 293 6 314 0 314 mild-corrosion 0
284 270 294 270 294 282 284 282 mild-corrosion 0
294.000212625906 473.3570000000002 230.39881345459435 473.3570000000002 230.39912624102726 449.37300000000005 293.9999999999418 449.37300000000005 severe-corrosion 0
193.00021232353174 463 125.74199843453243 463 125.74220709779183 444.4729999999999 192.99999999995634 444.4729999999999 severe-corrosion 0
294 268 490 268 490 640 294 640 severe-corrosion 0