9 0.271094 0.228906 0.435937 0.089063
9 0.153906 0.393750 0.307812 0.090625
9 0.381250 0.015625 0.215625 0.031250
9 0.050000 0.120313 0.100000 0.118750
6 0.656250 0.432812 0.037500 0.012500
9 0.455469 0.719531 0.067187 0.560937
9 0.251563 0.570312 0.081250 0.262500
9 0.053125 0.959375 0.081250 0.081250
9 0.056250 0.839844 0.065625 0.139063
9 0.040625 0.667969 0.081250 0.182812
9 0.344531 0.819531 0.089063 0.360938
9 0.270313 0.959375 0.068750 0.081250
7 0.164062 0.886719 0.053125 0.129688
6 0.160156 0.723437 0.048438 0.075000
7 0.153125 0.564063 0.053125 0.071875
6 0.156250 0.461719 0.040625 0.045312
6 0.059375 0.517969 0.034375 0.067187
9 0.354687 0.536719 0.115625 0.195312