141 192 268 192 268 282 141 282 severe-corrosion 0
0 212 147 212 147 320 0 320 severe-corrosion 0
0 0 275 0 275 86 0 86 severe-corrosion 0
0 71 241 71 241 222 0 222 severe-corrosion 0
613 162 640 162 640 187 613 187 moderate-corrosion 0
533 176 574 176 574 206 533 206 moderate-corrosion 0
598 209 639 209 639 237 598 237 moderate-corrosion 0
490 275 538 275 538 314 490 314 moderate-corrosion 0
620 292 640 292 640 326 620 326 moderate-corrosion 0
445 185 459 185 459 201 445 201 mild-corrosion 0
204.08576470348635 614.0020204109031 204.09067776228767 344.3466857531787 376.99989042775996 344.3512180016762 377.00325968078687 613.9983040313392 severe-corrosion 0
377 326 640 326 640 640 377 640 severe-corrosion 0