140 16 230 16 230 105 140 105 severe-corrosion 0
0 0 147 0 147 85 0 85 severe-corrosion 0
178 301 230 301 230 384 178 384 severe-corrosion 0
0 211 230 211 230 356 0 356 severe-corrosion 0
0 75 230 75 230 226 0 226 severe-corrosion 0
251 0 280 0 280 384 251 384 severe-corrosion 0
230 0 250 0 250 384 230 384 severe-corrosion 0
361 0 377 0 377 18 361 18 severe-corrosion 0
551 0 572 0 572 29 551 29 mild-corrosion 0
388 120 402 120 402 158 388 158 mild-corrosion 0
390 314 419 314 419 384 390 384 mild-corrosion 0
500 117 536 117 536 153 500 153 mild-corrosion 0
441 118 457 118 457 142 441 142 mild-corrosion 0
441 0 462 0 462 7 441 7 mild-corrosion 0
417 245 435 245 435 303 417 303 mild-corrosion 0
411 195 434 195 434 223 411 223 mild-corrosion 0
334 0 362 0 362 91 334 91 mild-corrosion 0
4 532 141 532 141 636 4 636 severe-corrosion 0
34 384 91 384 91 492 34 492 severe-corrosion 0
0 425 4 425 4 449 0 449 mild-corrosion 0
387 384 502 384 502 468 387 468 moderate-corrosion 0
304 532 348 532 348 583 304 583 mild-corrosion 0
376 580 390 580 390 600 376 600 mild-corrosion 0
529 445 559 445 559 485 529 485 mild-corrosion 0
576 420 594 420 594 452 576 452 mild-corrosion 0
611 407 632 407 632 431 611 431 mild-corrosion 0
457 588 469 588 469 603 457 603 mild-corrosion 0