9 0.100000 0.502344 0.090625 0.995313
9 0.309375 0.507031 0.087500 0.985938
9 0.522656 0.709375 0.082812 0.581250
7 0.621875 0.073438 0.053125 0.087500
9 0.720313 0.125781 0.081250 0.179688
9 0.718750 0.291406 0.065625 0.142187
9 0.720313 0.790625 0.081250 0.225000
9 0.937500 0.567969 0.103125 0.864062
9 0.734375 0.464844 0.081250 0.185938
7 0.620313 0.923438 0.043750 0.153125
7 0.430469 0.250781 0.089063 0.460938
7 0.503125 0.114844 0.068750 0.179688
6 0.612500 0.239844 0.053125 0.132812
6 0.616406 0.403906 0.048438 0.076563
6 0.623437 0.564063 0.053125 0.075000
6 0.618750 0.700781 0.040625 0.117188
6 0.621875 0.803906 0.037500 0.064062
6 0.717187 0.614062 0.034375 0.068750
7 0.825000 0.493750 0.128125 0.606250
7 0.834375 0.077344 0.087500 0.076563
9 0.420312 0.740625 0.115625 0.518750