9 0.926562 0.521094 0.146875 0.957812
9 0.758594 0.516406 0.220312 0.967187
9 0.518750 0.325781 0.162500 0.604688
6 0.507031 0.964844 0.064062 0.070312
9 0.401562 0.915625 0.106250 0.168750
9 0.380469 0.753906 0.082812 0.142187
9 0.312500 0.256250 0.112500 0.225000
9 0.123438 0.457813 0.225000 0.906250
9 0.342187 0.582031 0.106250 0.185938
9 0.392969 0.110156 0.067187 0.179688
9 0.673438 0.782813 0.150000 0.434375
9 0.618750 0.921094 0.093750 0.157812
7 0.494531 0.807031 0.070312 0.132812
6 0.467969 0.642969 0.057813 0.076563
7 0.439063 0.482812 0.062500 0.075000
6 0.425000 0.346094 0.056250 0.117188
7 0.407813 0.242969 0.046875 0.064062
6 0.339844 0.432812 0.042188 0.068750
7 0.249219 0.553125 0.207813 0.606250
6 0.295312 0.965625 0.096875 0.068750
7 0.281250 0.028906 0.065625 0.029687
9 0.615625 0.296094 0.187500 0.539062