9 0.926562 0.553906 0.146875 0.892188
9 0.723437 0.540625 0.150000 0.918750
9 0.496094 0.363281 0.120313 0.610938
6 0.439844 0.978125 0.057813 0.043750
9 0.337500 0.925000 0.093750 0.150000
9 0.328906 0.776563 0.073438 0.146875
9 0.295312 0.278125 0.096875 0.231250
9 0.091406 0.461719 0.160938 0.914062
9 0.301563 0.602344 0.093750 0.192188
9 0.385156 0.138281 0.054688 0.182812
9 0.618750 0.803125 0.118750 0.393750
9 0.554688 0.939063 0.081250 0.121875
7 0.438281 0.835156 0.060937 0.135937
6 0.425000 0.672656 0.053125 0.079687
7 0.407031 0.510938 0.057813 0.078125
6 0.402344 0.374219 0.048438 0.120313
7 0.391406 0.271094 0.042188 0.067187
6 0.310937 0.454688 0.037500 0.071875
7 0.210938 0.566406 0.165625 0.617188
6 0.226562 0.970313 0.090625 0.059375
7 0.280469 0.050000 0.064062 0.034375
9 0.596875 0.341406 0.150000 0.548438