9 0.153125 0.184375 0.087500 0.368750
9 0.367188 0.215625 0.081250 0.306250
9 0.565625 0.340625 0.081250 0.056250
9 0.579688 0.097656 0.081250 0.182812
7 0.275781 0.062500 0.089063 0.125000
6 0.461719 0.042188 0.048438 0.075000
6 0.468750 0.203125 0.053125 0.071875
6 0.464062 0.325000 0.040625 0.087500
6 0.562500 0.247656 0.034375 0.067187
9 0.265625 0.249219 0.115625 0.239063
7 0.849112 0.150511 0.301777 0.246516
7 0.740625 0.640625 0.081250 0.293750
6 0.676562 0.526563 0.021875 0.034375
6 0.901563 0.816406 0.034375 0.023438
7 0.840625 0.552344 0.028125 0.032813
7 0.992188 0.471094 0.015625 0.026562
6 0.647656 0.714063 0.017188 0.018750