557 0 640 0 640 132 557 132 severe-corrosion 0
451 529 519 529 519 637 451 637 mild-corrosion 0
305 411 409 411 409 635 305 635 severe-corrosion 0
319 220 402 220 402 398 319 398 severe-corrosion 0
12 0 144 0 144 517 12 517 severe-corrosion 0
286 0 390 0 390 206 286 206 severe-corrosion 0
591 409 640 409 640 633 591 633 severe-corrosion 0
463 286 531 286 531 452 463 452 moderate-corrosion 0
462 112 524 112 524 208 462 208 mild-corrosion 0
142 0 305 0 305 440 142 440 moderate-corrosion 0
157 545 268 545 268 637 157 637 mild-corrosion 0