9 0.926562 0.521094 0.146875 0.957812
9 0.750000 0.516406 0.203125 0.967187
9 0.513281 0.325781 0.151562 0.604688
6 0.490625 0.964844 0.062500 0.070312
9 0.385937 0.915625 0.103125 0.168750
9 0.368750 0.753906 0.081250 0.142187
9 0.307031 0.256250 0.107813 0.225000
9 0.114844 0.457813 0.207813 0.906250
9 0.332813 0.582031 0.103125 0.185938
9 0.389844 0.110156 0.064062 0.179688
9 0.658594 0.782813 0.142187 0.434375
9 0.603125 0.921094 0.090625 0.157812
7 0.481250 0.807031 0.068750 0.132812
6 0.457031 0.642969 0.057813 0.076563
7 0.432031 0.482812 0.060937 0.075000
6 0.419531 0.346094 0.054688 0.117188
7 0.403906 0.242969 0.045312 0.064062
6 0.333594 0.432812 0.042188 0.068750
7 0.239063 0.553125 0.196875 0.606250
6 0.278906 0.965625 0.095312 0.068750
7 0.281250 0.028906 0.065625 0.029687
9 0.610938 0.296094 0.178125 0.539062