312 0 370 0 370 352 312 352 severe-corrosion 0
180 0 236 0 236 352 180 352 severe-corrosion 0
45 0 97 0 97 226 45 226 severe-corrosion 0
102 186 159 186 159 352 102 352 severe-corrosion 0
0 303 31 303 31 352 0 352 moderate-corrosion 0
0 216 27 216 27 263 0 263 mild-corrosion 0
0 114 24 114 24 160 0 160 moderate-corrosion 0
0 13 23 13 23 87 0 87 mild-corrosion 0
100 0 174 0 174 183 100 183 severe-corrosion 0
448 0 546 0 546 352 448 352 severe-corrosion 0
601 0 640 0 640 352 601 352 severe-corrosion 0
385 232 433 232 433 328 385 328 moderate-corrosion 0
407 0 449 0 449 64 407 64 moderate-corrosion 0
-0.00485147611470893 639.9999996527138 0 596.4369999999702 315.83263657106727 596.462575270698 315.8309553939762 640.0223909075601 severe-corrosion 0
371 352 535 352 535 435 371 435 moderate-corrosion 0