9 0.507812 0.184375 0.084375 0.368750
9 0.265625 0.179688 0.259375 0.359375
9 0.065625 0.117188 0.131250 0.234375
7 0.982031 0.566406 0.035937 0.039062
7 0.743750 0.660156 0.059375 0.017188
7 0.745313 0.053125 0.071875 0.037500
7 0.557031 0.185938 0.014063 0.037500
7 0.568750 0.294531 0.037500 0.032813
7 0.948438 0.228125 0.040625 0.037500
7 0.964844 0.154688 0.023438 0.018750
7 0.986719 0.307812 0.026562 0.037500
7 0.870313 0.278125 0.034375 0.018750
7 0.961719 0.275000 0.035937 0.028125
6 0.914062 0.465625 0.078125 0.050000
6 0.696875 0.531250 0.090625 0.028125
6 0.603906 0.584375 0.057813 0.034375
6 0.570312 0.536719 0.034375 0.035937
6 0.567187 0.442188 0.031250 0.018750
7 0.729688 0.412500 0.037500 0.028125
7 0.682813 0.400000 0.040625 0.028125
6 0.789062 0.351562 0.028125 0.015625
6 0.658594 0.358594 0.023438 0.026562
7 0.596875 0.659375 0.056250 0.018750
7 0.677344 0.621875 0.029687 0.040625
7 0.739844 0.575000 0.045312 0.034375
7 0.948438 0.645312 0.018750 0.025000
7 0.802344 0.014063 0.082812 0.028125
7 0.603125 0.173437 0.050000 0.103125
6 0.646875 0.465625 0.025000 0.025000
6 0.650000 0.009375 0.025000 0.018750
6 0.806250 0.253906 0.025000 0.017188
6 0.895312 0.246094 0.028125 0.032813
6 0.895312 0.546875 0.025000 0.015625
6 0.618750 0.327344 0.015625 0.017188
6 0.587500 0.031250 0.015625 0.012500
6 0.728125 0.612500 0.031250 0.018750
6 0.878125 0.620313 0.021875 0.018750
6 0.692187 0.103125 0.015625 0.012500
6 0.737500 0.285938 0.018750 0.037500
6 0.715625 0.346875 0.021875 0.012500
6 0.831250 0.519531 0.018750 0.010937
6 0.552344 0.478906 0.004687 0.014063
6 0.992188 0.636719 0.015625 0.017188
6 0.620313 0.456250 0.018750 0.012500
9 0.171875 0.764062 0.100000 0.071875
7 0.060156 0.808834 0.120313 0.262139
9 0.775000 0.751376 0.450000 0.165252