9 0.179688 0.585938 0.359375 0.206250
9 0.220312 0.392969 0.278125 0.167187
9 0.650402 0.344531 0.582055 0.689063
7 0.350781 0.871875 0.017188 0.053125
6 0.309375 0.702344 0.018750 0.026562
6 0.254688 0.748437 0.015625 0.025000
6 0.012500 0.796875 0.012500 0.025000
6 0.018750 0.878906 0.012500 0.017188
6 0.005469 0.985156 0.010937 0.026562
6 0.210938 0.810937 0.012500 0.012500
7 0.472656 0.781250 0.070312 0.037500
7 0.367969 0.805469 0.017188 0.048438
7 0.446094 0.856250 0.064062 0.043750
7 0.570312 0.896094 0.028125 0.023438
7 0.476562 0.982031 0.056250 0.035937
6 0.520312 0.750000 0.025000 0.018750