491 237 640 237 640 281 491 281 severe-corrosion 0
294 240 499 240 499 281 294 281 severe-corrosion 0
294 54 583 54 583 155 294 155 severe-corrosion 0
294 158 521 158 521 234 294 234 severe-corrosion 0
294.00328906893265 640.0000000000001 85.43499999999767 640.0000000000001 85.44565660442458 464.37699999999984 293.99827353234286 464.377 severe-corrosion 0
458.0011362192454 640 339.0712693460955 640 339.07404215686256 537.405 457.998598801787 537.405 severe-corrosion 0
567 580 588 580 588 606 567 606 moderate-corrosion 0
529 564 549 564 549 590 529 590 moderate-corrosion 0
482 529 524 529 524 562 482 562 moderate-corrosion 0
465 313 499 313 499 339 465 339 moderate-corrosion 0
331 412 339 412 339 426 331 426 mild-corrosion 0
413 407 424 407 424 420 413 420 mild-corrosion 0
533 340 542 340 542 357 533 357 mild-corrosion 0