0 0 135 0 135 160 0 160 severe-corrosion 0
137 42 246 42 246 160 137 160 severe-corrosion 0
371 0 640 0 640 160 371 160 severe-corrosion 0
90.98876932366693 639.9992606132729 91.00038048432907 400.9980803960454 370.9999521276768 401.01301024144107 371.0012867873593 640.0005976364678 moderate-corrosion 0
398 530 442 530 442 593 398 593 severe-corrosion 0
401.6659437220369 422.13291143727463 342.99544751011126 398.1019255445381 446.58026630022505 145.22700016338146 505.24771495845926 169.25727671690106 severe-corrosion 0
371 423 391 423 391 449 371 449 mild-corrosion 0
508 266 524 266 524 291 508 291 mild-corrosion 0
404 411 448 411 448 443 404 443 mild-corrosion 0
476 452 489 452 489 490 476 490 mild-corrosion 0
380 478 398 478 398 528 380 528 mild-corrosion 0