6 0.158876 0.122648 0.015667 0.064223
7 0.725000 0.470313 0.021875 0.031250
7 0.731250 0.428906 0.015625 0.026562
7 0.854688 0.510938 0.015625 0.028125
7 0.837500 0.404687 0.012500 0.037500
7 0.923438 0.066406 0.109375 0.067187
9 0.842187 0.062500 0.018750 0.031250
7 0.763281 0.285156 0.017188 0.032813
9 0.692187 0.345313 0.028125 0.040625
9 0.679688 0.307812 0.015625 0.018750
9 0.697410 0.243966 0.039426 0.088332
9 0.925000 0.417187 0.015625 0.021875
9 0.889062 0.392188 0.006250 0.018750
9 0.770312 0.346875 0.009375 0.021875
9 0.789062 0.242188 0.009375 0.040625
9 0.638281 0.268750 0.017188 0.015625
9 0.053125 0.715625 0.059375 0.212500
7 0.319531 0.645312 0.054688 0.062500
7 0.591406 0.670312 0.032813 0.053125