223.99996555519465 44.506007692303854 225.36285978618253 83.76836141710585 0.0551320931117516 91.58853257899985 -1.3075286409730325 52.32638486842276 severe-corrosion 0
224.00025226794241 164.00000000000006 18.154999999969732 164.00000000000006 18.155365446946234 137.9559999999999 224.00000000001455 137.95599999999996 severe-corrosion 0
224.00027477604453 224 75.24389703190536 224.00000000000006 75.244387265775 191.44399999999993 224.00000000001455 191.44400000000002 severe-corrosion 0
94.59799999996903 253.67199999996706 95.49104491918115 231.6337756323644 224.89271598176856 236.87649287161858 223.99994072045956 258.91446330487963 severe-corrosion 0
111.5920000000915 289.1720000000114 112.65191142178082 268.8177423350277 225.05840385063493 274.6700957285918 223.99874437011022 295.02411823483425 severe-corrosion 0
224 0 640 0 640 460 224 460 severe-corrosion 0
224.00074629877054 619.949 196.59117887873435 619.949 196.59211780919577 469.106 223.9999999999418 469.106 moderate-corrosion 0
6 469 32 469 32 532 6 532 mild-corrosion 0
36 511 51 511 51 537 36 537 mild-corrosion 0
62 526 71 526 71 544 62 544 mild-corrosion 0
435.6050214062998 459.98531892265385 445.3330000000278 460 445.25297859392595 513.0146809362037 435.5250000000524 513 mild-corrosion 0