572.6127531340899 505.69238454632875 -6.7188995501055615 424.28104176110537 32.91338540439028 142.36019001073456 612.206948538078 223.76892569787617 severe-corrosion 0
203 146 236 146 236 179 203 179 mild-corrosion 0
115 94 169 94 169 157 115 157 mild-corrosion 0
260 128 290 128 290 163 260 163 mild-corrosion 0
300 155 332 155 332 181 300 181 mild-corrosion 0
286 59 329 59 329 89 286 89 mild-corrosion 0
335 66 376 66 376 101 335 101 mild-corrosion 0
493 258 522 258 522 284 493 284 mild-corrosion 0
591 282 604 282 604 306 591 306 mild-corrosion 0
341 116 423 116 423 156 341 156 mild-corrosion 0
473 21 506 21 506 44 473 44 mild-corrosion 0