-29.727172848579357 256.6599835201434 0.3430167131591588 21.88272451308809 401.0622743964632 73.20543496221308 370.99853652427555 307.97642883487094 severe-corrosion 0
52 7 80 7 80 39 52 39 mild-corrosion 0
106 0 131 0 131 20 106 20 mild-corrosion 0
148 12 176 12 176 37 148 37 mild-corrosion 0
355 106 371 106 371 131 355 131 mild-corrosion 0
185 0 261 0 261 8 185 8 mild-corrosion 0
589 0 637 0 637 21 589 21 severe-corrosion 0
557 195 581 195 581 243 557 243 severe-corrosion 0
437 35 468 35 468 59 437 59 moderate-corrosion 0
528 14 566 14 566 46 528 46 severe-corrosion 0
574 91 590 91 590 118 574 118 moderate-corrosion 0
621 107 635 107 635 123 621 123 moderate-corrosion 0
618 145 632 145 632 170 618 170 moderate-corrosion 0
577 275 629 275 629 355 577 355 moderate-corrosion 0
375 145 403 145 403 179 375 179 moderate-corrosion 0
484 116 507 116 507 142 484 142 mild-corrosion 0
442 199 458 199 458 221 442 221 moderate-corrosion 0
418 239 436 239 436 261 418 261 moderate-corrosion 0
441 295 454 295 454 309 441 309 moderate-corrosion 0
403 23 420 23 420 45 403 45 mild-corrosion 0
430 86 440 86 440 102 430 102 mild-corrosion 0