-19.40898244836717 319.10146439745654 2.8545133696025005 145.28428055622075 322.2567676048493 186.19142357500914 299.9988891038811 360.0036750970821 severe-corrosion 0
0 33 21 33 21 67 0 67 mild-corrosion 0
38 59 67 59 67 83 38 83 mild-corrosion 0
245 153 270 153 270 179 245 179 mild-corrosion 0
75 19 152 19 152 55 75 55 mild-corrosion 0
640.0048948770564 371.0000000000001 349.4911729236628 371.0000000000001 349.5006733543414 -6.361109362927034e-14 639.9985844406183 -1.5902773407317584e-13 severe-corrosion 0
339.2901885956235 336.80915445580763 298.86202017638425 330.85024049793833 339.3579397115536 56.125236490070066 379.7844341996097 62.08402201967955 moderate-corrosion 0
23 629 97 629 97 640 23 640 moderate-corrosion 0
0 414 34 414 34 470 0 470 moderate-corrosion 0
166 416 286 416 286 455 166 455 moderate-corrosion 0
264 480 300 480 300 540 264 540 moderate-corrosion 0
174 555 220 555 220 583 174 583 moderate-corrosion 0
27 484 123 484 123 540 27 540 moderate-corrosion 0
220.03735134021554 358.47771589416993 229.4403541970678 371.62551419931907 150.7419457109063 427.9018309059277 141.33914827703848 414.7542180029893 moderate-corrosion 0
256 556 300 556 300 585 256 585 mild-corrosion 0
191 594 216 594 216 614 191 614 mild-corrosion 0
397.3463201368577 521.1487956096621 389.10466970468406 487.38437398355654 455.33756928321964 471.22018185195856 463.5795052152389 504.9841778291784 moderate-corrosion 0