0 0 454 0 454 326 0 326 severe-corrosion 0
454 165.187 640 165.187 640 326 454 326 severe-corrosion 0
562 145 574 145 574 159 562 159 moderate-corrosion 0
592.7207969385927 172.89421661244089 597.8706875250646 195.38407744768375 526.2093214517517 211.79293584964032 521.0595674219076 189.30319402088662 moderate-corrosion 0
517.2566470976017 2.403817490331345 544.854418199393 27.01772696556755 500.9897498193459 76.19988711056632 473.39200000002165 51.5860000000057 mild-corrosion 0
454.0120017663867 640.0000000000001 175.55957686534384 639.9999999999999 175.56630196115293 481.22599999999983 453.9999999999418 481.226 severe-corrosion 0
461 488 506 488 506 526 461 526 severe-corrosion 0
454 418 473 418 473 460 454 460 severe-corrosion 0
461 374 504 374 504 424 461 424 severe-corrosion 0
497 335 568 335 568 402 497 402 severe-corrosion 0
651.0904773259244 423.05730745624976 637.8476949442847 485.3286864159497 525.8696272344969 461.5170195523665 539.1132545025175 399.2467991442006 severe-corrosion 0