9 0.239844 0.292087 0.479687 0.434575
7 0.545312 0.024219 0.050000 0.048438
7 0.676562 0.353125 0.015625 0.028125
7 0.760938 0.103906 0.028125 0.039062
7 0.496875 0.031250 0.021875 0.028125
6 0.619531 0.477344 0.026562 0.029687
6 0.557813 0.237500 0.025000 0.043750
6 0.796875 0.497656 0.025000 0.023438
7 0.960938 0.379688 0.018750 0.028125
6 0.912500 0.364844 0.025000 0.035937
6 0.875000 0.178125 0.018750 0.018750
6 0.914844 0.038281 0.029687 0.026562
6 0.709375 0.108594 0.012500 0.014063
6 0.879687 0.407031 0.012500 0.017188
6 0.664062 0.460938 0.021875 0.050000
6 0.646875 0.401562 0.043750 0.028125
6 0.489063 0.462500 0.012500 0.018750
6 0.554688 0.485156 0.028125 0.020313
6 0.960156 0.078125 0.051562 0.100000
6 0.928125 0.492188 0.018750 0.021875
6 0.828125 0.501563 0.021875 0.015625
6 0.771875 0.301563 0.009375 0.025000
6 0.516406 0.320312 0.014063 0.015625
6 0.917188 0.292187 0.018750 0.021875