273 42 390 42 390 136 273 136 severe-corrosion 0
0 91 271 91 271 115 0 115 severe-corrosion 0
10 28 87 28 87 74 10 74 mild-corrosion 0
0 192 390 192 390 342 0 342 severe-corrosion 0
134 25 158 25 158 41 134 41 mild-corrosion 0
0 120 220 120 220 190 0 190 mild-corrosion 0
390 0 441.73 0 441.73 345 390 345 severe-corrosion 0
466.54600000001665 -3.180554681463517e-14 524.3869324139814 -0.4238174606356793 526.9179999999324 345.0000000000002 469.07706772770325 345.42380806980555 severe-corrosion 0
550.3429999999935 -6.361109362927034e-14 606.6443824089947 -0.5115904129853841 609.7818086689222 344.76059258081017 553.480426384267 345.27217092082367 severe-corrosion 0
109.14717689767713 455.88941972035514 109.61076722393045 443.06122617648697 125.84990795709018 443.64798871410756 125.3863536708377 456.47614744373845 corroded-part 0
98.4555380952952 401.5314118384034 106.12948494061129 413.9899068529371 76.32016316812951 432.3488104091716 68.64629354298813 419.8903828407277 severe-corrosion 0
55.16686673363438 403.5929220622022 50.2042520068062 388.0161669287919 80.69128597446252 378.3043401963407 85.6539396547305 393.8810229809153 severe-corrosion 0