0 0 256 0 256 249 0 249 severe-corrosion 0
564 122 640 122 640 229 564 229 severe-corrosion 0
256.0018302327808 448.894 124.21334192091308 448.894 124.21493266207108 358.2730000000001 255.9999952618091 358.273 severe-corrosion 0
256.67415831951075 642.833010550622 235.05943230324192 552.000723102235 625.8075853274931 459.0253352737239 647.427479243488 549.8501987476485 severe-corrosion 0
567 362 589 362 589 394 567 394 moderate-corrosion 0
545 340 553 340 553 348 545 348 moderate-corrosion 0
420 346 433 346 433 356 420 356 moderate-corrosion 0
439 490 447 490 447 511 439 511 mild-corrosion 0
420 383 427 383 427 387 420 387 mild-corrosion 0
319 256 330 256 330 264 319 264 mild-corrosion 0
604 307 610 307 610 314 604 314 mild-corrosion 0
510 416 517 416 517 422 510 422 mild-corrosion 0
406 418 414 418 414 424 406 424 mild-corrosion 0
316 436 324 436 324 442 316 442 mild-corrosion 0
619.82600000003 385.4189999999835 626.0127592639765 378.04505535912085 646.186683257547 394.9691382897543 639.9999540845602 402.34305472620645 mild-corrosion 0
345 362 355 362 355 368 345 368 mild-corrosion 0
301 384 313 384 313 393 301 393 mild-corrosion 0
266 376 274 376 274 384 266 384 mild-corrosion 0
259 363 267 363 267 370 259 370 mild-corrosion 0
558 448 592 448 592 462 558 462 mild-corrosion 0
263 591 277 591 277 601 263 601 mild-corrosion 0
415 325 425 325 425 330 415 330 mild-corrosion 0
362 318 373 318 373 328 362 328 mild-corrosion 0
459 264 465 264 465 270 459 270 mild-corrosion 0
451 318 460 318 460 324 451 324 mild-corrosion 0
407 488 429 488 429 504 407 504 moderate-corrosion 0