9 0.306250 0.111719 0.046875 0.170313
9 0.164844 0.366406 0.329688 0.042188
9 0.122656 0.164062 0.042188 0.265625
6 0.029687 0.150781 0.059375 0.289062
6 0.037500 0.482812 0.037500 0.034375
9 0.818707 0.349629 0.032683 0.324259
9 0.897954 0.466029 0.135694 0.100772
9 0.587025 0.313943 0.538154 0.069826
7 0.596094 0.256250 0.107813 0.065625
7 0.700781 0.185156 0.017188 0.017188
9 0.515625 0.259375 0.018750 0.031250
7 0.436719 0.038281 0.017188 0.032813
9 0.353125 0.012500 0.015625 0.018750
9 0.347316 0.116876 0.044336 0.026371
9 0.370847 0.077909 0.044812 0.085726
9 0.462500 0.078125 0.009375 0.040625
9 0.887500 0.053125 0.015625 0.021875
9 0.879687 0.157812 0.018750 0.015625
9 0.918750 0.014063 0.015625 0.021875
9 0.044531 0.800000 0.089063 0.400000
9 0.256250 0.800000 0.146875 0.400000
7 0.151562 0.852344 0.056250 0.148438
9 0.426563 0.911887 0.193750 0.176227
7 0.385937 0.723080 0.112500 0.216339