9 0.267188 0.329688 0.337500 0.150000
9 0.153906 0.573438 0.235937 0.162500
9 0.346094 0.021875 0.432812 0.043750
9 0.604688 0.620313 0.181250 0.165625
9 0.948438 0.953906 0.100000 0.092188
7 0.357812 0.169531 0.250000 0.104688
6 0.385937 0.843750 0.134375 0.040625
6 0.200000 0.833594 0.100000 0.060937
7 0.787500 0.505469 0.131250 0.989062
9 0.083594 0.346094 0.095312 0.164062
9 0.170313 0.168750 0.146875 0.153125
9 0.192969 0.442188 0.267188 0.081250
9 0.403125 0.587500 0.231250 0.165625
9 0.372656 0.958594 0.526563 0.082812
9 0.687500 0.435937 0.081250 0.078125
9 0.367969 0.235156 0.254688 0.042188
9 0.243750 0.065625 0.121875 0.053125
9 0.534375 0.173437 0.090625 0.068750
9 0.433594 0.703906 0.073438 0.054688
9 0.971875 0.682031 0.056250 0.145313