467.24069782489096 418.66966168866566 463.0943450074119 383.0120563273076 521.3530276269739 376.2383073136814 525.4996476746601 411.89560168150365 moderate-corrosion 0
239.8613620190008 520.5663368941974 241.35988783906214 568.4887098562954 175.82944452369702 570.5365917400978 174.33157492072496 522.6148543478249 moderate-corrosion 0
33.658082701585954 366.008480655735 198.4291752390709 368.0938738300906 196.3478272260545 532.5231170507913 31.57673458721547 530.4377807987487 moderate-corrosion 0
210.132634423353 291.318352791055 205.89511542035325 340.3605159495571 12.229574685334228 323.6252044230537 16.468075726443203 274.5841259106667 moderate-corrosion 0
412.9970532548032 639.9998547003534 413.0007967320853 525.9976506743784 569.9999598522118 526.0016412670209 570.0000911234383 640.000024340415 moderate-corrosion 0
408.18588921858463 374.2404140508436 412.2408658879431 333.1957429102786 522.5469932660781 344.0918458839815 518.4926755048218 385.13590924929565 moderate-corrosion 0
470.5019057034224 351.54747722605924 467.28968404357147 284.0812475256674 549.7216159125674 280.15664878045493 552.9344585959188 347.62222876156807 moderate-corrosion 0
7.636360456017428 116.19330700513481 13.651383916367195 55.04690680867775 221.46029995565186 75.48863116412475 215.44576447435247 136.6345882002234 moderate-corrosion 0
358.4978668342228 160.83784424359092 357.5568894683238 64.75865074321449 554.2043979187292 62.83241048654983 555.1461727981223 158.9107601761416 moderate-corrosion 0
596.0471649425017 635.8029901148783 571.8012973493751 636.5928933270707 553.5791990652069 77.30694215848578 577.821334781911 76.51710127890206 moderate-corrosion 0
19.055860757944174 258.0858873297474 18.555976236675633 176.79044954141236 216.67062501524924 175.5713231038821 217.17181100604648 256.86545554223727 moderate-corrosion 0
504.8683705514122 428.33621787648616 491.3525953097269 485.3990467400762 345.7801469322294 450.92187378803965 359.29686521289113 393.8604532060533 mild-corrosion 0
509.17480179137783 227.5225578232819 502.0127338838938 262.4382555260052 324.55635488120606 226.03737635558474 331.71881506597856 191.1222060797584 moderate-corrosion 0