184 0 232 0 232 79 184 79 severe-corrosion 0
260 0 314 0 314 25 260 25 severe-corrosion 0
280 96 323 96 323 160 280 160 severe-corrosion 0
0 174 364 174 364 201 0 201 severe-corrosion 0
67 0 95 0 95 143 67 143 severe-corrosion 0
0 0 41 0 41 142 0 142 mild-corrosion 0
364 0 640 0 640 234.64300000000003 364 234.64300000000003 severe-corrosion 0
418 220 454 220 454 249 418 249 moderate-corrosion 0
18.62323537476186 640.0019534605707 18.631400125013897 248.99486715594412 154.05006309934834 249.00001843045047 154.05043889171793 639.998789474665 moderate-corrosion 0
364.01416879532917 640.0000000000001 141.18248501472408 639.9999999999999 141.19891883405217 249.0000000000001 364.00000000001455 249.0000000000002 moderate-corrosion 0
9.89770172520366 584.8697972868172 -2.5848262105864706 584.6253890252513 0.17614790238440037 443.6645983760367 12.658000000010361 443.9089999999999 moderate-corrosion 0
364.00000000001455 592.2050000000002 363.96763942058897 343.0776270332923 623.4115639935044 343.0414693657758 623.455156208147 592.1582836350198 severe-corrosion 0
640.0018911970255 344.20100000000014 460.9486283399747 344.20099999999996 460.95040285625146 248.99999999999994 640 249.00000000000006 moderate-corrosion 0
364 300 406 300 406 365 364 365 mild-corrosion 0
582.5050715416 572.4392135224663 623.7017138606461 579.2918571144421 612.4606158599636 646.8525367540985 571.2640000000101 639.9999999999984 moderate-corrosion 0
625 374 633 374 633 384 625 384 mild-corrosion 0
617 452 629 452 629 469 617 469 mild-corrosion 0