283 138 361 138 361 172 283 172 severe-corrosion 0
220 237 284 237 284 283 220 283 severe-corrosion 0
0 251 58 251 58 322 0 322 severe-corrosion 0
0 0 331.308 0 331.308 207.923 0 207.923 severe-corrosion 0
245.45500000000175 376.9999999999763 245.45711364640738 257.1525950812798 332.8088760541141 257.154309808005 332.8079999968031 377.0004757558071 moderate-corrosion 0
246.69523052354634 309.4597616834141 156.69212749424332 399.45973919508873 23.614691913244314 266.38377778159725 113.61604063735285 176.38555130494535 moderate-corrosion 0
390 -0.000015714789179848175 390.00003691420716 115.61502260944593 351.3079572495917 115.61497342683715 351.30801133323985 0.00001982805763911172 severe-corrosion 0
26.69204695019289 169.4619436622797 16.80269682467042 181.32862254538608 -9.88933548265777 159.0846543007367 0 147.21799999998137 mild-corrosion 0
390 0 640 0 640 377 390 377 severe-corrosion 0
22.739000000001397 377.0000000000001 79.81984004138212 376.5692742712371 81.80799999994633 640.0000000000001 24.727160210095462 640.4307042724838 moderate-corrosion 0
109.54499999999825 377.0000000000002 165.40897299259086 376.65745618398887 167.02400000001944 639.9999999999999 111.1600271750649 640.3425267583173 moderate-corrosion 0
253.7989586006006 639.9999782697354 196.30233754396613 640.4222781513414 194.37000000005355 376.99999999999994 251.86089332710253 376.57772115421824 severe-corrosion 0
279.45199999994657 377.00000000000034 336.5066446002311 376.3035639176556 339.7259999999369 640.0000000000005 282.6713560358621 640.6964013533651 severe-corrosion 0
221 379 233 379 233 435 221 435 mild-corrosion 0
390 528 640 528 640 625 390 625 severe-corrosion 0
390 377 640 377 640 468 390 468 severe-corrosion 0
525 494 607 494 607 523 525 523 moderate-corrosion 0