356 374 421 374 421 429 356 429 severe-corrosion 0
110 355 195 355 195 437 110 437 severe-corrosion 0
364.774000000034 640.0000000000172 364.78276915797323 407.86457615841164 481.00252268312033 407.8703542777463 480.9989999931713 640.0005119601576 moderate-corrosion 0
382.56692778959405 450.08099155727814 292.22033771511633 528.7748587009925 160.78094108459482 377.8884415765105 251.1243061650748 299.19694175876225 moderate-corrosion 0
508.3879999999772 273.37199999998455 443.0160406044888 227.41692266950076 574.63048178397 40.198393326682634 640.0012216048344 86.15285876470537 severe-corrosion 0
432.8259999999864 146.094000000011 399.07516853156267 127.92045851268955 443.1724046794261 46.026547547457575 476.9230497787794 64.20002680403256 severe-corrosion 0
136.63862704524945 299.54892443874115 115.33180041471496 294.5776138910339 123.71125176308851 258.6661358501923 145.0179238322744 263.6374277687757 mild-corrosion 0
300.383209476131 583.3287849467596 305.62299999997776 640.0000000000191 226.41467801615363 647.3201868385545 221.17599999997765 590.6500000000334 severe-corrosion 0
549.9999030721665 279.99981894700676 550.0003429814387 353.0001500441823 430.99962926055014 352.99969454534903 431.00021237361943 280.00041514741656 severe-corrosion 0
263.44647184458154 467.94158655066644 262.749412882913 486.7679106996462 176.79312484520779 483.5850170025882 177.4904590796359 464.75897810718163 severe-corrosion 0
552.607877259943 339.6802930980613 589.5890540457913 324.173619751631 625.6896092779061 410.2598229642366 588.7085495256179 425.76629328923167 severe-corrosion 0
-71.80667418935627 216.37954988327277 35.83354733636952 -55.51614904129429 507.5979004671535 131.2467192756818 399.9673893608997 403.134584650012 severe-corrosion 0
524.0321466964087 314.04952562016456 487.8233567975258 320.88865551315513 467.2204835175944 211.813705314267 503.42853351379745 204.9746456187134 severe-corrosion 0