9 0.803125 0.905469 0.040625 0.104688
9 0.124219 0.510156 0.120313 0.979688
9 0.078906 0.522656 0.114062 0.954688
9 0.049219 0.505469 0.098437 0.989062
9 0.020313 0.529687 0.040625 0.940625
9 0.272656 0.735156 0.032813 0.107813
9 0.267188 0.846094 0.031250 0.092188
9 0.307031 0.817969 0.029687 0.114062
9 0.788281 0.730469 0.054688 0.495312
9 0.894531 0.792969 0.079687 0.414062
6 0.528125 0.775781 0.043750 0.067187
6 0.575000 0.732812 0.037500 0.059375
6 0.511719 0.910937 0.032813 0.087500
6 0.560156 0.974219 0.039062 0.051562
6 0.395313 0.863281 0.028125 0.101562
6 0.421875 0.939063 0.043750 0.121875
6 0.025000 0.029687 0.034375 0.056250
6 0.329688 0.500781 0.025000 0.060937
6 0.371094 0.149219 0.057813 0.160938
6 0.520312 0.530469 0.059375 0.064062
6 0.411719 0.524219 0.026562 0.039062
6 0.699219 0.808594 0.039062 0.060937
9 0.846094 0.513281 0.067187 0.692187
9 0.858594 0.792188 0.079687 0.415625
6 0.295312 0.925000 0.043750 0.068750
6 0.341406 0.996875 0.039062 0.006250
6 0.402344 0.735938 0.035937 0.040625
6 0.393750 0.296094 0.034375 0.095312
6 0.380469 0.397656 0.039062 0.048438
6 0.243750 0.668750 0.059375 0.212500
6 0.464062 0.976562 0.037500 0.046875
6 0.256250 0.956250 0.043750 0.056250
9 0.810937 0.982812 0.065625 0.034375
9 0.928906 0.861719 0.051562 0.276562