27 123 41 123 41 160 27 160 mild-corrosion 0
138 126 166 126 166 162 138 162 mild-corrosion 0
80 138 95 138 95 162 80 162 mild-corrosion 0
55 0 73 0 73 35 55 35 mild-corrosion 0
50 58 73 58 73 86 50 86 mild-corrosion 0
166 208 640 208 640 256 166 256 severe-corrosion 0
333 0 640 0 640 49 333 49 severe-corrosion 0
166 0 341 0 341 155 166 155 severe-corrosion 0
166 97 496 97 496 211 166 211 severe-corrosion 0
21.830981895618606 534.2544791562783 -43.624616977685946 474.4337438509707 15.763353146539885 409.463767592317 81.21784196708177 469.2835901603154 severe-corrosion 0
166 435.069 495 435.069 495 640 166 640 severe-corrosion 0