9 0.323437 0.497656 0.090625 0.995313
9 0.232813 0.500000 0.081250 1.000000
9 0.145313 0.497656 0.106250 0.995313
9 0.045312 0.495312 0.081250 0.990625
9 0.649219 0.387500 0.048438 0.212500
9 0.657031 0.607812 0.048438 0.178125
9 0.732812 0.540625 0.043750 0.221875
6 0.910937 0.607812 0.040625 0.196875
6 0.973437 0.814844 0.053125 0.370312
6 0.725000 0.757812 0.078125 0.128125
6 0.829688 0.942187 0.068750 0.112500
6 0.906250 0.354687 0.065625 0.075000
6 0.582812 0.264062 0.087500 0.412500
6 0.738281 0.964844 0.032813 0.070312
6 0.650781 0.829688 0.079687 0.103125