9 0.775781 0.799219 0.045312 0.101562
9 0.107813 0.500781 0.156250 0.995313
9 0.066406 0.515625 0.132812 0.965625
9 0.049219 0.501563 0.098437 0.993750
9 0.018750 0.528125 0.037500 0.937500
9 0.247656 0.695312 0.035937 0.106250
9 0.239063 0.805469 0.034375 0.089063
9 0.281250 0.772656 0.034375 0.110937
9 0.765625 0.628125 0.071875 0.493750
9 0.868750 0.726562 0.096875 0.509375
6 0.640625 0.973437 0.040625 0.053125
6 0.503125 0.704688 0.046875 0.062500
6 0.552344 0.655469 0.039062 0.054688
6 0.481250 0.840625 0.034375 0.084375
6 0.528125 0.897656 0.040625 0.048438
6 0.367188 0.807031 0.031250 0.098437
6 0.389062 0.910156 0.050000 0.179688
6 0.024219 0.026562 0.035937 0.053125
6 0.314063 0.456250 0.028125 0.059375
6 0.367188 0.103125 0.062500 0.156250
6 0.504687 0.461719 0.062500 0.057813
6 0.395313 0.470313 0.028125 0.037500
6 0.675000 0.715625 0.040625 0.056250
6 0.832031 0.406250 0.092188 0.690625
6 0.832031 0.736719 0.098437 0.526563
6 0.265625 0.880469 0.046875 0.064062
6 0.306250 0.971875 0.040625 0.056250
6 0.378125 0.679688 0.037500 0.037500
6 0.384375 0.244531 0.037500 0.092188
6 0.368750 0.346875 0.040625 0.043750
6 0.221094 0.632812 0.067187 0.206250
6 0.260156 0.983594 0.020313 0.032813
6 0.432812 0.921094 0.040625 0.060937
6 0.222656 0.916406 0.045312 0.051562
6 0.777344 0.930469 0.070312 0.139063
6 0.901563 0.769531 0.062500 0.329688