9 0.021875 0.568750 0.025000 0.106250
9 0.024219 0.671875 0.023438 0.075000
9 0.064062 0.646094 0.021875 0.110937
6 0.278125 0.576562 0.040625 0.062500
6 0.321875 0.527344 0.034375 0.054688
6 0.271094 0.689063 0.026562 0.040625
6 0.152344 0.669531 0.020313 0.079687
6 0.060937 0.329688 0.021875 0.059375
6 0.075781 0.026562 0.045312 0.053125
6 0.253125 0.332813 0.056250 0.056250
6 0.145313 0.342187 0.025000 0.037500
6 0.150781 0.553125 0.032813 0.037500
6 0.109375 0.117188 0.028125 0.090625
6 0.103906 0.220312 0.035937 0.043750
6 0.004687 0.506250 0.009375 0.206250
9 0.588495 0.812609 0.439489 0.206467