9 0.467969 0.278125 0.035937 0.443750
9 0.575000 0.271094 0.146875 0.457813
9 0.749219 0.265625 0.129688 0.468750
9 0.902344 0.250000 0.126562 0.500000
7 0.982812 0.488281 0.034375 0.023438
9 0.052344 0.759375 0.042188 0.031250
6 0.055469 0.526563 0.064062 0.034375
7 0.321875 0.900000 0.053125 0.040625
7 0.009375 0.760938 0.018750 0.034375
9 0.675781 0.904687 0.214062 0.162500
9 0.932813 0.750000 0.134375 0.500000
9 0.528125 0.910156 0.084375 0.110937
6 0.482812 0.600000 0.037500 0.050000
6 0.650000 0.635938 0.031250 0.053125
7 0.717969 0.660156 0.057813 0.320312
6 0.564063 0.649219 0.050000 0.298438