9 0.809375 0.096005 0.381250 0.192009
7 0.145313 0.551562 0.015625 0.028125
7 0.527344 0.521875 0.060937 0.050000
7 0.232813 0.818750 0.028125 0.028125
6 0.088281 0.675781 0.026562 0.029687
6 0.435156 0.889844 0.026562 0.032813
6 0.029687 0.964063 0.034375 0.037500
6 0.037500 0.785937 0.034375 0.056250
6 0.295312 0.839063 0.046875 0.037500
6 0.265625 0.707812 0.025000 0.043750
7 0.208594 0.984375 0.042188 0.031250
6 0.123438 0.961719 0.034375 0.032813
7 0.495312 0.699219 0.021875 0.029687
7 0.429688 0.578125 0.018750 0.028125
6 0.381250 0.563281 0.025000 0.035937
6 0.232813 0.906250 0.021875 0.050000
7 0.546875 0.839063 0.034375 0.046875
7 0.559375 0.774219 0.034375 0.035937
7 0.460938 0.732031 0.018750 0.023438
6 0.595313 0.978906 0.025000 0.029687
6 0.371875 0.821875 0.025000 0.031250
6 0.521875 0.950781 0.018750 0.035937
6 0.348438 0.605469 0.012500 0.017188
6 0.132812 0.659375 0.021875 0.050000
6 0.115625 0.600000 0.043750 0.028125
6 0.023438 0.683594 0.028125 0.020313
6 0.294531 0.982812 0.023438 0.031250
6 0.429688 0.763281 0.031250 0.054688
6 0.139063 0.735938 0.037500 0.034375
6 0.396875 0.690625 0.018750 0.021875
6 0.296875 0.707031 0.021875 0.029687
6 0.240625 0.500000 0.009375 0.025000
6 0.385937 0.490625 0.018750 0.021875