9 0.357812 0.712500 0.128125 0.571875
7 0.620313 0.639062 0.096875 0.193750
9 0.084375 0.718750 0.037500 0.406250
9 0.034375 0.689063 0.062500 0.612500
6 0.386719 0.275000 0.076563 0.096875
9 0.383594 0.040625 0.035937 0.081250
7 0.818750 0.760938 0.050000 0.478125
6 0.740625 0.752344 0.081250 0.401562
6 0.878125 0.482812 0.081250 0.062500
6 0.858594 0.373437 0.032813 0.068750
6 0.249219 0.410156 0.042188 0.082812
6 0.242188 0.597656 0.056250 0.148438
6 0.181250 0.842187 0.121875 0.312500
6 0.771094 0.033594 0.039062 0.067187