9 0.357812 0.329688 0.543750 0.128125
9 0.299219 0.562500 0.195312 0.034375
9 0.379688 0.057813 0.406250 0.037500
9 0.335938 0.018750 0.587500 0.037500
6 0.317188 0.164844 0.625000 0.154688
7 0.954688 0.482031 0.053125 0.082812
6 0.994531 0.521094 0.010937 0.042188
6 0.920312 0.190625 0.015625 0.025000
6 0.732031 0.132031 0.020313 0.048438
7 0.968750 0.185938 0.043750 0.081250
7 0.944531 0.296875 0.039062 0.053125
7 0.649219 0.011719 0.035937 0.023438
7 0.738281 0.065625 0.039062 0.043750
6 0.838281 0.147656 0.020313 0.039062
7 0.692187 0.351562 0.034375 0.059375
9 0.747270 0.445909 0.235166 0.267556
7 0.872656 0.575000 0.026562 0.009375
7 0.992969 0.073438 0.014063 0.093750
7 0.097656 0.896094 0.195312 0.207813
6 0.381250 0.992969 0.037500 0.014063
6 0.507031 0.990625 0.020313 0.018750
6 0.507812 0.966406 0.018750 0.023438
6 0.160938 0.734375 0.018750 0.025000
6 0.292187 0.800781 0.018750 0.039062
6 0.431250 0.774219 0.025000 0.048438
6 0.091406 0.607812 0.026562 0.034375
6 0.964063 0.978906 0.071875 0.042188
6 0.637500 0.947656 0.015625 0.035937