9 0.146875 0.171875 0.293750 0.128125
9 0.442969 0.142969 0.092188 0.076563
6 0.188281 0.325000 0.376563 0.128125
9 0.244531 0.603596 0.489063 0.429067
9 0.989844 0.443750 0.020313 0.084375
9 0.795312 0.566406 0.015625 0.054688
9 0.793750 0.448437 0.009375 0.040625
9 0.673438 0.392969 0.021875 0.007812
9 0.582812 0.392969 0.021875 0.007812
6 0.994531 0.678906 0.010937 0.045312
7 0.922656 0.481250 0.023438 0.043750
7 0.953125 0.467187 0.015625 0.034375
7 0.939063 0.731250 0.015625 0.015625
9 0.586719 0.482812 0.060937 0.043750
9 0.842187 0.699219 0.009375 0.014063