9 0.194531 0.491406 0.389062 0.151562
9 0.194531 0.248438 0.389062 0.146875
7 0.204687 0.351562 0.134375 0.068750
9 0.409375 0.339844 0.040625 0.679688
9 0.592187 0.339844 0.087500 0.679688
9 0.806250 0.500000 0.081250 0.359375
9 0.982031 0.051562 0.035937 0.103125
9 0.985156 0.183594 0.029687 0.139063
9 0.982031 0.625000 0.035937 0.109375
9 0.988281 0.355469 0.023438 0.182812
7 0.714844 0.191406 0.089063 0.382812
7 0.787500 0.051562 0.068750 0.103125
6 0.896875 0.136719 0.053125 0.129688
6 0.900781 0.300000 0.048438 0.075000
6 0.907813 0.460938 0.053125 0.071875
6 0.903125 0.596875 0.040625 0.115625
6 0.991406 0.505469 0.017188 0.067187
9 0.704688 0.533594 0.115625 0.292187
9 0.194531 0.906981 0.389062 0.186037
6 0.207031 0.856250 0.020313 0.025000