115 27 256 27 256 96 115 96 severe-corrosion 0
376.6919680486899 184.9999310181716 376.6924561212363 129.48854045007084 476.07712553093734 129.48927149899632 476.07696281949757 185.00033963037353 severe-corrosion 0
421.54399999992165 -0.00014710107334201685 421.5441438243579 99.49103313684923 268.13886546755384 99.49089255715455 268.1390088855551 0.000008995030563611481 severe-corrosion 0
0 185 254.558 185 254.558 640 0 640 severe-corrosion 0
256.23709001265524 535.5983600749188 252.5080804758909 289.0186465403311 640 283.1570000000016 643.7435155751155 529.721325870387 severe-corrosion 0
640.0010711777577 282.201 505.9491437635734 282.20099999999996 505.95027474773815 184.99999999999994 640 185 moderate-corrosion 0
255.9885845136887 639.999999466381 255.99999999998545 506.07199999999807 523.6327480437467 506.0917465022047 523.6289990237856 640.011971342923 moderate-corrosion 0
283 239 451 239 451 303 283 303 mild-corrosion 0
238.7516305474128 282.81235136039305 255.99999999998545 202.10000000003018 391.88495926297037 231.13720153685477 374.6378188143717 311.8484857468084 mild-corrosion 0
640.0015340238315 640 568.0607922453055 640 568.06272553491 531.5869999999999 640 531.5869999999999 moderate-corrosion 0
568 582 593 582 593 594 568 594 mild-corrosion 0