9 0.286719 0.223438 0.214062 0.162500
9 0.047656 0.229687 0.095312 0.459375
9 0.302344 0.412500 0.089063 0.093750
9 0.435156 0.228125 0.082812 0.112500
7 0.242969 0.069531 0.057813 0.139063
6 0.396875 0.058594 0.050000 0.117188
6 0.406250 0.446094 0.028125 0.026562
9 0.553287 0.229687 0.087823 0.459375
9 0.818750 0.126562 0.206250 0.128125
6 0.993750 0.191406 0.012500 0.045312
6 0.611719 0.117969 0.042188 0.082812
6 0.650000 0.129688 0.043750 0.062500
6 0.687500 0.243750 0.053125 0.150000
6 0.581250 0.401562 0.025000 0.037500
6 0.623437 0.217188 0.025000 0.046875
9 0.254688 0.729688 0.509375 0.540625
9 0.754687 0.729688 0.490625 0.540625