297 185 377 185 377 289 297 289 severe-corrosion 0
198 204 227 204 227 242 198 242 severe-corrosion 0
333 34 361 34 361 92 333 92 severe-corrosion 0
232 26 251 26 251 66 232 66 moderate-corrosion 0
43 154 77 154 77 260 43 260 moderate-corrosion 0
377 0 545.374 0 545.374 103.05 377 103.05 severe-corrosion 0
0 339 256.498 339 256.498 369.876 0 369.876 severe-corrosion 0
446 460 466 460 466 488 446 488 severe-corrosion 0
403 339 419 339 419 347 403 347 severe-corrosion 0
583 406 597 406 597 423 583 423 severe-corrosion 0
624 366 635 366 635 382 624 382 moderate-corrosion 0
573 464 612 464 612 492 573 492 severe-corrosion 0
440 428 454 428 454 448 440 448 severe-corrosion 0