0 110 102 110 102 214 0 214 severe-corrosion 0
2 0 30 0 30 16 2 16 severe-corrosion 0
50 0 105 0 105 190 50 190 severe-corrosion 0
192 0 640 0 640 268 192 268 severe-corrosion 0
166 284 192 284 192 318 166 318 severe-corrosion 0
104 383 168 383 168 429 104 429 severe-corrosion 0
115.39999999054999 640.0003421638809 115.40603741188534 411.35095389495257 192.00262008562277 411.3540001069663 191.9999999999709 640.0000000000181 moderate-corrosion 0
130.69799735269044 455.4610088461144 58.04338013396773 528.1085901286827 -61.256283984548645 408.81125233277027 11.396428885273053 336.1655698357803 moderate-corrosion 0
0 601.615 50.76700000000001 601.615 50.76700000000001 640 0 640 moderate-corrosion 0
357.6114922211127 427.373909373409 398.72964702371974 388.908796031327 433.28074583136186 425.83834767393614 392.16289467593015 464.30315056659447 severe-corrosion 0
514.3009999999776 392.2109999999944 486.3345793888584 354.7602853104286 538.0199367440946 316.16771963803933 565.9862416018586 353.61812685271684 severe-corrosion 0
608.158229519031 285.03480160337136 623.0638661581179 284.4863450041576 624.1026336033974 312.71554522552185 609.1969970728678 313.2640001077048 severe-corrosion 0