9 0.505469 0.071094 0.089063 0.142187
9 0.528906 0.332031 0.042188 0.257812
9 0.420312 0.066406 0.084375 0.110937
6 0.319531 0.036719 0.042188 0.051562
7 0.238281 0.021094 0.054688 0.042188
6 0.122656 0.527344 0.042188 0.023438
6 0.127344 0.460156 0.029687 0.060937
6 0.086719 0.486719 0.032813 0.104688
6 0.133594 0.293750 0.032813 0.046875
6 0.092969 0.025000 0.026562 0.050000
6 0.448437 0.289062 0.028125 0.037500
9 0.775000 0.304688 0.450000 0.468750
9 0.526563 0.894531 0.046875 0.048438
9 0.075000 0.898438 0.150000 0.081250
9 0.133594 0.564844 0.095312 0.051562
7 0.053906 0.987500 0.107813 0.025000
6 0.489063 0.675000 0.112500 0.034375
9 0.768569 0.769531 0.437138 0.460938