9 0.382031 0.234375 0.157812 0.468750
9 0.491406 0.234375 0.054688 0.468750
6 0.072656 0.368750 0.073438 0.053125
9 0.759375 0.234375 0.481250 0.468750
7 0.467187 0.709375 0.034375 0.050000
7 0.421875 0.656250 0.012500 0.012500
7 0.230469 0.667188 0.020313 0.015625
6 0.256250 0.900781 0.012500 0.032813
6 0.225781 0.720313 0.010937 0.006250
6 0.071094 0.525000 0.017188 0.012500
6 0.512500 0.603906 0.009375 0.010937
6 0.366406 0.773438 0.010937 0.009375
6 0.204687 0.776563 0.012500 0.009375
6 0.064062 0.804688 0.012500 0.009375
6 0.110937 0.689063 0.015625 0.009375
6 0.043750 0.725781 0.018750 0.014063
6 0.462500 0.829688 0.053125 0.021875
6 0.220312 0.630469 0.015625 0.007812
6 0.138281 0.623437 0.017188 0.015625
6 0.285938 0.535937 0.009375 0.009375
6 0.275781 0.620313 0.014063 0.009375
7 0.217188 0.893750 0.034375 0.025000
9 0.578125 0.734375 0.087500 0.531250
9 0.792188 0.816406 0.081250 0.367188
9 0.978125 0.517188 0.043750 0.096875
9 0.975000 0.941406 0.050000 0.117188
9 0.981250 0.667969 0.037500 0.182812
7 0.700781 0.582031 0.089063 0.226562
6 0.881250 0.491406 0.053125 0.045312
6 0.886719 0.612500 0.048438 0.075000
6 0.893750 0.773438 0.053125 0.071875
6 0.889062 0.909375 0.040625 0.115625
6 0.892188 0.990625 0.037500 0.018750
6 0.984375 0.817969 0.031250 0.067187
9 0.690625 0.850000 0.115625 0.300000