4 0 82 0 82 236 4 236 severe-corrosion 0
219 143 282 143 282 236 219 236 severe-corrosion 0
107 0 193 0 193 236 107 236 severe-corrosion 0
339 66 388 66 388 106 339 106 moderate-corrosion 0
414 62 528 62 528 108 414 108 moderate-corrosion 0
339 112 407 112 407 236 339 236 severe-corrosion 0
414 113 557 113 557 236 414 236 severe-corrosion 0
252.14174385131628 573.5955367783688 290.55926080247445 618.3456347053782 213.18639275319583 684.7490408604654 174.76999999998952 639.9999999999911 severe-corrosion 0
163.0650141280057 639.9984399667073 114.29778736783192 677.7705322854883 52.847201770709944 598.4532549581396 101.61299999999756 560.6820000000145 severe-corrosion 0
504 463 640 463 640 557 504 557 severe-corrosion 0
339 483 502 483 502 507 339 507 severe-corrosion 0
339 236 640 236 640 434 339 434 severe-corrosion 0
364 554 392 554 392 586 364 586 mild-corrosion 0