9 0.046875 0.304688 0.093750 0.609375
6 0.211719 0.509375 0.073438 0.053125
9 0.967187 0.211719 0.065625 0.107813
9 0.525000 0.129688 0.071875 0.078125
9 0.731250 0.115625 0.146875 0.112500
9 0.760938 0.228125 0.075000 0.059375
9 0.690625 0.565625 0.037500 0.075000
7 0.508594 0.296875 0.048438 0.037500
7 0.859375 0.151562 0.018750 0.034375
9 0.656250 0.270313 0.059375 0.050000
7 0.710938 0.386719 0.025000 0.042188
7 0.782813 0.403125 0.021875 0.025000
7 0.778125 0.469531 0.021875 0.039062
6 0.575781 0.425000 0.035937 0.040625
6 0.906250 0.035937 0.012500 0.021875
6 0.995313 0.507031 0.009375 0.023438
7 0.935156 0.471875 0.029687 0.025000
7 0.504687 0.551562 0.025000 0.034375
7 0.934375 0.601562 0.028125 0.015625
6 0.483594 0.370312 0.007812 0.025000