9 0.269531 0.057813 0.539062 0.115625
9 0.086719 0.182031 0.173437 0.079687
9 0.269531 0.677344 0.539062 0.104688
6 0.050000 0.394531 0.040625 0.057813
9 0.269531 0.205469 0.539062 0.129688
9 0.835938 0.460156 0.034375 0.045312
6 0.867188 0.419531 0.015625 0.023438
7 0.458594 0.831250 0.042188 0.037500
7 0.217188 0.737500 0.059375 0.015625
6 0.387500 0.932813 0.078125 0.050000
6 0.170313 0.867188 0.090625 0.028125
6 0.077344 0.814063 0.057813 0.034375
6 0.043750 0.861719 0.034375 0.035937
6 0.040625 0.954688 0.031250 0.018750
7 0.203125 0.985938 0.037500 0.028125
7 0.155469 0.992188 0.042188 0.015625
7 0.070312 0.739062 0.056250 0.018750
7 0.150781 0.776563 0.029687 0.040625
7 0.213281 0.821875 0.045312 0.034375
7 0.527344 0.831250 0.023438 0.025000
7 0.535937 0.789844 0.006250 0.023438
7 0.421875 0.753125 0.018750 0.025000
6 0.120313 0.934375 0.025000 0.025000
6 0.368750 0.851562 0.025000 0.015625
6 0.528125 0.914844 0.021875 0.020313
6 0.201563 0.784375 0.031250 0.018750
6 0.351562 0.778125 0.021875 0.018750
6 0.304688 0.880469 0.018750 0.010937
6 0.016406 0.918750 0.023438 0.012500
6 0.467969 0.760938 0.017188 0.018750
6 0.093750 0.942187 0.018750 0.012500
9 0.759414 0.864844 0.440703 0.270313