9 0.259375 0.289844 0.159375 0.579688
9 0.364844 0.289844 0.048438 0.579688
6 0.110156 0.038281 0.048438 0.076563
9 0.694531 0.289844 0.610938 0.579688
9 0.360938 0.646875 0.056250 0.078125
9 0.173437 0.931250 0.034375 0.021875
7 0.352344 0.814844 0.048438 0.035937
7 0.253125 0.983594 0.043750 0.032813
7 0.203906 0.867188 0.039062 0.037500
6 0.264062 0.595313 0.065625 0.028125
6 0.085938 0.728906 0.031250 0.032813
7 0.033594 0.598437 0.026562 0.037500
7 0.200000 0.589063 0.021875 0.018750
6 0.288281 0.795312 0.026562 0.034375
6 0.325000 0.889062 0.015625 0.025000
7 0.458594 0.896875 0.020313 0.021875