42 0 119 0 119 281 42 281 severe-corrosion 0
148 0 192 0 192 281 148 281 severe-corrosion 0
192 44 243 44 243 115 192 115 severe-corrosion 0
419 105 551 105 551 210 419 210 severe-corrosion 0
547 194 565 194 565 214 547 214 severe-corrosion 0
240 260 261 260 261 276 240 276 moderate-corrosion 0
266 138 291 138 291 176 266 176 moderate-corrosion 0
364 195 383 195 383 219 364 219 mild-corrosion 0
579 3 603 3 603 41 579 41 severe-corrosion 0
600 208 617 208 617 236 600 236 severe-corrosion 0
476 223 502 223 502 258 476 258 severe-corrosion 0
192 244 209 244 209 256 192 256 mild-corrosion 0
605 249 618 249 618 270 605 270 mild-corrosion 0
253 103 269 103 269 126 253 126 moderate-corrosion 0
33 588 55 588 55 640 33 640 mild-corrosion 0
192 473.666 640 473.666 640 640 192 640 severe-corrosion 0