0 0 313 0 313 134 0 134 severe-corrosion 0
283 307 313 307 313 640 283 640 severe-corrosion 0
191 528 277 528 277 640 191 640 severe-corrosion 0
62 307 117 307 117 640 62 640 severe-corrosion 0
0 396 31 396 31 640 0 640 severe-corrosion 0
138 307 273 307 273 502 138 502 severe-corrosion 0
126 525 182 525 182 640 126 640 severe-corrosion 0
0 307 59 307 59 391 0 391 moderate-corrosion 0
462 307 570 307 570 423 462 423 severe-corrosion 0
444 563 530 563 530 640 444 640 severe-corrosion 0
324 431 355 431 355 535 324 535 mild-corrosion 0