9 0.117188 0.125000 0.121875 0.250000
9 0.244531 0.057031 0.079687 0.114062
9 0.317969 0.085938 0.064062 0.171875
7 0.457031 0.008594 0.045312 0.017188
9 0.244531 0.845313 0.042188 0.031250
9 0.221094 0.548438 0.092188 0.050000
9 0.170313 0.515625 0.040625 0.031250
6 0.369531 0.450781 0.032813 0.029687
6 0.542969 0.453125 0.029687 0.025000
6 0.417969 0.368750 0.026562 0.025000
6 0.442188 0.266406 0.018750 0.026562
6 0.481250 0.323437 0.050000 0.059375
6 0.476562 0.401562 0.025000 0.028125
6 0.159375 0.740625 0.025000 0.028125
6 0.247656 0.612500 0.064062 0.034375
6 0.046094 0.585938 0.026562 0.021875
6 0.723437 0.529687 0.012500 0.018750
6 0.015625 0.803906 0.031250 0.045312
7 0.513281 0.982031 0.051562 0.035937
7 0.195312 0.846875 0.031250 0.034375
7 0.140625 0.828906 0.028125 0.032813
6 0.410938 0.481250 0.031250 0.046875
6 0.575781 0.357812 0.042188 0.046875
6 0.548438 0.392969 0.025000 0.026562
6 0.325781 0.328125 0.039062 0.034375
6 0.043750 0.717187 0.018750 0.012500
6 0.121875 0.589063 0.031250 0.021875
7 0.777344 0.285938 0.029687 0.040625
7 0.942187 0.321875 0.025000 0.043750
7 0.904687 0.276562 0.021875 0.021875
9 0.813913 0.735923 0.168450 0.212712
6 0.821875 0.500000 0.028125 0.046875
6 0.835156 0.407813 0.026562 0.031250
6 0.859375 0.562500 0.025000 0.062500
6 0.931250 0.846875 0.040625 0.043750
6 0.917188 0.760938 0.034375 0.065625