0 18.467 230 18.467 230 116 0 116 mild-corrosion 0
458 57 640 57 640 194 458 194 severe-corrosion 0
142 415 153 415 153 640 142 640 severe-corrosion 0
207 473 230 473 230 640 207 640 severe-corrosion 0
2 575 24 575 24 610 2 610 mild-corrosion 0
84 612 106 612 106 640 84 640 mild-corrosion 0
168 377 178 377 178 640 168 640 severe-corrosion 0
185 475 210 475 210 640 185 640 severe-corrosion 0
335.57515590946423 380.7173519521097 545.3676766686112 321.2610496674156 613.4914604688674 561.6056418360185 403.70002665957145 621.0593683799096 severe-corrosion 0
610.2714463980374 471.08900714114804 646.8480111240933 486.49233878158316 581.0449283890193 642.7128439222735 544.4686726226064 627.3100516790654 severe-corrosion 0
307 399 331 399 331 447 307 447 severe-corrosion 0
281 495 313 495 313 533 281 533 severe-corrosion 0
300 543 314 543 314 569 300 569 severe-corrosion 0
343 515 362 515 362 547 343 547 severe-corrosion 0
348 480 368 480 368 500 348 500 severe-corrosion 0
636 608 640 608 640 628 636 628 severe-corrosion 0
640.0001944368705 449.049 601.1318178196234 449.049 601.1320837295352 411.06 639.9999912441854 411.06 moderate-corrosion 0