3 0.154099 0.337105 0.116744 0.436416
7 0.593750 0.493750 0.250000 0.040625
6 0.526563 0.392188 0.034375 0.025000
9 0.199219 0.970313 0.195312 0.059375
9 0.190625 0.622656 0.165625 0.045312
9 0.152344 0.683594 0.173437 0.048438
9 0.319531 0.800000 0.039062 0.400000
7 0.175781 0.737500 0.101562 0.037500
7 0.235937 0.776563 0.062500 0.037500
7 0.421875 0.610156 0.043750 0.020313
6 0.531250 0.678125 0.028125 0.046875
7 0.407813 0.642188 0.028125 0.031250
6 0.568750 0.740625 0.025000 0.062500
6 0.346094 0.693750 0.014063 0.031250
6 0.358594 0.959375 0.039062 0.056250
6 0.626563 0.939063 0.034375 0.065625
6 0.991406 0.894531 0.017188 0.026562
6 0.932813 0.925000 0.018750 0.031250